#DaVis 7.4.0 2D-vector 96 22 22 "" "[mm]" "" "[mm]" "displacement" "[mm]"
-14.985	18.798	0	-0
-13.519	18.798	0	-0
-12.053	18.798	0	-0
-10.587	18.798	0	-0
-9.1202	18.798	0	-0
-7.6539	18.798	0	-0
-6.1876	18.798	-0.004703	0.018836
-4.7213	18.798	-0.0049876	0.015564
-3.255	18.798	-0.0052486	0.012481
-1.7887	18.798	-0.0054163	0.017804
-0.32241	18.798	-0.0055355	0.01659
1.1439	18.798	-0.005639	0.02145
2.6102	18.798	-0.0058181	0.014447
4.0765	18.798	-0.0064086	0.012286
5.5428	18.798	0	-0
7.0091	18.798	0	-0
8.4754	18.798	0	-0
9.9417	18.798	0	-0
11.408	18.798	0	-0
12.874	18.798	0	-0
14.341	18.798	0	-0
15.807	18.798	0	-0
-14.985	17.332	0	-0
-13.519	17.332	0	-0
-12.053	17.332	0	-0
-10.587	17.332	0	-0
-9.1202	17.332	0	-0
-7.6539	17.332	0	-0
-6.1876	17.332	-0.0032741	0.01457
-4.7213	17.332	-0.0038184	0.013566
-3.255	17.332	-0.0040612	0.014405
-1.7887	17.332	-0.0042974	0.015132
-0.32241	17.332	-0.0045464	0.016433
1.1439	17.332	-0.0049124	0.017644
2.6102	17.332	-0.0052752	0.018225
4.0765	17.332	-0.005572	0.017132
5.5428	17.332	0	-0
7.0091	17.332	0	-0
8.4754	17.332	0	-0
9.9417	17.332	0	-0
11.408	17.332	0	-0
12.874	17.332	0	-0
14.341	17.332	0	-0
15.807	17.332	0	-0
-14.985	15.866	0	-0
-13.519	15.866	0	-0
-12.053	15.866	0	-0
-10.587	15.866	0	-0
-9.1202	15.866	0	-0
-7.6539	15.866	0	-0
-6.1876	15.866	-0.0021238	0.012414
-4.7213	15.866	-0.0024686	0.011991
-3.255	15.866	-0.0030025	0.012423
-1.7887	15.866	-0.0033402	0.013242
-0.32241	15.866	-0.0034864	0.015533
1.1439	15.866	-0.0041434	0.016138
2.6102	15.866	-0.0045036	0.016174
4.0765	15.866	-0.0052456	0.015949
5.5428	15.866	0	-0
7.0091	15.866	0	-0
8.4754	15.866	0	-0
9.9417	15.866	0	-0
11.408	15.866	0	-0
12.874	15.866	0	-0
14.341	15.866	0	-0
15.807	15.866	0	-0
-14.985	14.399	0	-0
-13.519	14.399	0	-0
-12.053	14.399	0	-0
-10.587	14.399	0	-0
-9.1202	14.399	0	-0
-7.6539	14.399	0	-0
-6.1876	14.399	-0.0011116	0.010646
-4.7213	14.399	-0.0014417	0.010205
-3.255	14.399	-0.0017731	0.010618
-1.7887	14.399	-0.002078	0.011591
-0.32241	14.399	-0.0027752	0.012708
1.1439	14.399	-0.0037476	0.013829
2.6102	14.399	-0.0041891	0.014224
4.0765	14.399	-0.0047303	0.013937
5.5428	14.399	0	-0
7.0091	14.399	0	-0
8.4754	14.399	0	-0
9.9417	14.399	0	-0
11.408	14.399	0	-0
12.874	14.399	0	-0
14.341	14.399	0	-0
15.807	14.399	0	-0
-14.985	12.933	0	-0
-13.519	12.933	0	-0
-12.053	12.933	0	-0
-10.587	12.933	0	-0
-9.1202	12.933	0	-0
-7.6539	12.933	0	-0
-6.1876	12.933	-0.00098263	0.0078508
-4.7213	12.933	-0.00096935	0.0085448
-3.255	12.933	-0.0011724	0.0087508
-1.7887	12.933	-0.001619	0.009448
-0.32241	12.933	-0.0023278	0.010426
1.1439	12.933	-0.0031	0.011422
2.6102	12.933	-0.0035283	0.012176
4.0765	12.933	-0.004113	0.012728
5.5428	12.933	0	-0
7.0091	12.933	0	-0
8.4754	12.933	0	-0
9.9417	12.933	0	-0
11.408	12.933	0	-0
12.874	12.933	0	-0
14.341	12.933	0	-0
15.807	12.933	0	-0
-14.985	11.467	0	-0
-13.519	11.467	0	-0
-12.053	11.467	0	-0
-10.587	11.467	0	-0
-9.1202	11.467	0	-0
-7.6539	11.467	0	-0
-6.1876	11.467	-0.0010905	0.0064399
-4.7213	11.467	-0.001362	0.0067064
-3.255	11.467	-0.0014139	0.0069546
-1.7887	11.467	-0.0016308	0.0074999
-0.32241	11.467	-0.0019216	0.0083936
1.1439	11.467	-0.0025951	0.0089367
2.6102	11.467	-0.0031014	0.0099349
4.0765	11.467	-0.0034306	0.010525
5.5428	11.467	0	-0
7.0091	11.467	0	-0
8.4754	11.467	0	-0
9.9417	11.467	0	-0
11.408	11.467	0	-0
12.874	11.467	0	-0
14.341	11.467	0	-0
15.807	11.467	0	-0
-14.985	10	0	-0
-13.519	10	0	-0
-12.053	10	0	-0
-10.587	10	0	-0
-9.1202	10	0	-0
-7.6539	10	0	-0
-6.1876	10	-0.00093736	0.0048425
-4.7213	10	-0.0012659	0.0050021
-3.255	10	-0.0015387	0.0054472
-1.7887	10	-0.0014192	0.0059976
-0.32241	10	-0.0013795	0.0068278
1.1439	10	-0.001678	0.0074562
2.6102	10	-0.0020516	0.0080357
4.0765	10	-0.0023166	0.0085025
5.5428	10	0	-0
7.0091	10	0	-0
8.4754	10	0	-0
9.9417	10	0	-0
11.408	10	0	-0
12.874	10	0	-0
14.341	10	0	-0
15.807	10	0	-0
-14.985	8.534	0	-0
-13.519	8.534	0	-0
-12.053	8.534	0	-0
-10.587	8.534	0	-0
-9.1202	8.534	0	-0
-7.6539	8.534	0	-0
-6.1876	8.534	-0.00028629	0.0032924
-4.7213	8.534	-0.00049475	0.0036507
-3.255	8.534	-0.0008044	0.0042852
-1.7887	8.534	-0.00055332	0.0048729
-0.32241	8.534	-0.00048829	0.0053293
1.1439	8.534	-0.00047058	0.0059247
2.6102	8.534	-0.00079217	0.0062682
4.0765	8.534	-0.0014168	0.0067394
5.5428	8.534	0	-0
7.0091	8.534	0	-0
8.4754	8.534	0	-0
9.9417	8.534	0	-0
11.408	8.534	0	-0
12.874	8.534	0	-0
14.341	8.534	0	-0
15.807	8.534	0	-0
-14.985	7.0677	0	-0
-13.519	7.0677	0	-0
-12.053	7.0677	0	-0
-10.587	7.0677	0	-0
-9.1202	7.0677	0	-0
-7.6539	7.0677	0	-0
-6.1876	7.0677	0.00058117	0.0018353
-4.7213	7.0677	0.0003801	0.002288
-3.255	7.0677	0.00030861	0.0029751
-1.7887	7.0677	0.00017902	0.0036227
-0.32241	7.0677	0.00023812	0.00371
1.1439	7.0677	0.00022701	0.0042094
2.6102	7.0677	-0.000327	0.0042037
4.0765	7.0677	-0.00070001	0.0041644
5.5428	7.0677	0	-0
7.0091	7.0677	0	-0
8.4754	7.0677	0	-0
9.9417	7.0677	0	-0
11.408	7.0677	0	-0
12.874	7.0677	0	-0
14.341	7.0677	0	-0
15.807	7.0677	0	-0
-14.985	5.6014	0	-0
-13.519	5.6014	0	-0
-12.053	5.6014	0	-0
-10.587	5.6014	0	-0
-9.1202	5.6014	0	-0
-7.6539	5.6014	0	-0
-6.1876	5.6014	0.001384	0.0004751
-4.7213	5.6014	0.0010475	0.00086564
-3.255	5.6014	0.00081919	0.0016663
-1.7887	5.6014	0.00072286	0.0021818
-0.32241	5.6014	0.00046447	0.0027122
1.1439	5.6014	0.00049633	0.0022147
2.6102	5.6014	-0.00017449	0.002285
4.0765	5.6014	-0.00040836	0.0010566
5.5428	5.6014	0	-0
7.0091	5.6014	0	-0
8.4754	5.6014	0	-0
9.9417	5.6014	0	-0
11.408	5.6014	0	-0
12.874	5.6014	0	-0
14.341	5.6014	0	-0
15.807	5.6014	0	-0
-14.985	4.1351	0	-0
-13.519	4.1351	0	-0
-12.053	4.1351	0	-0
-10.587	4.1351	0	-0
-9.1202	4.1351	0	-0
-7.6539	4.1351	0	-0
-6.1876	4.1351	0.0022752	-0.00062206
-4.7213	4.1351	0.0018557	-0.00021565
-3.255	4.1351	0.0013555	0.00020598
-1.7887	4.1351	0.00079969	0.00052739
-0.32241	4.1351	0.00048174	0.00099785
1.1439	4.1351	0.0001687	0.00042465
2.6102	4.1351	-0.00054877	0.00034811
4.0765	4.1351	-0.00085015	-0.00042917
5.5428	4.1351	0	-0
7.0091	4.1351	0	-0
8.4754	4.1351	0	-0
9.9417	4.1351	0	-0
11.408	4.1351	0	-0
12.874	4.1351	0	-0
14.341	4.1351	0	-0
15.807	4.1351	0	-0
-14.985	2.6688	0	-0
-13.519	2.6688	0	-0
-12.053	2.6688	0	-0
-10.587	2.6688	0	-0
-9.1202	2.6688	0	-0
-7.6539	2.6688	0	-0
-6.1876	2.6688	0.0026813	-0.0021071
-4.7213	2.6688	0.0021997	-0.001877
-3.255	2.6688	0.0015385	-0.0018479
-1.7887	2.6688	0.00072298	-0.0014171
-0.32241	2.6688	8.8882e-005	-0.0013305
1.1439	2.6688	-0.00078772	-0.0016149
2.6102	2.6688	-0.0013857	-0.0017819
4.0765	2.6688	-0.0017395	-0.0023291
5.5428	2.6688	0	-0
7.0091	2.6688	0	-0
8.4754	2.6688	0	-0
9.9417	2.6688	0	-0
11.408	2.6688	0	-0
12.874	2.6688	0	-0
14.341	2.6688	0	-0
15.807	2.6688	0	-0
-14.985	1.2025	0	-0
-13.519	1.2025	0	-0
-12.053	1.2025	0	-0
-10.587	1.2025	0	-0
-9.1202	1.2025	0	-0
-7.6539	1.2025	0	-0
-6.1876	1.2025	0.0030802	-0.0037701
-4.7213	1.2025	0.0024117	-0.0039949
-3.255	1.2025	0.0015452	-0.0042363
-1.7887	1.2025	0.00049579	-0.0037871
-0.32241	1.2025	-0.0005925	-0.0036297
1.1439	1.2025	-0.0014811	-0.0037872
2.6102	1.2025	-0.0019109	-0.0044264
4.0765	1.2025	-0.0021125	-0.0051101
5.5428	1.2025	0	-0
7.0091	1.2025	0	-0
8.4754	1.2025	0	-0
9.9417	1.2025	0	-0
11.408	1.2025	0	-0
12.874	1.2025	0	-0
14.341	1.2025	0	-0
15.807	1.2025	0	-0
-14.985	-0.2638	0	-0
-13.519	-0.2638	0	-0
-12.053	-0.2638	0	-0
-10.587	-0.2638	0	-0
-9.1202	-0.2638	0	-0
-7.6539	-0.2638	0	-0
-6.1876	-0.2638	0.0031003	-0.005765
-4.7213	-0.2638	0.0024377	-0.0063415
-3.255	-0.2638	0.0016461	-0.0065325
-1.7887	-0.2638	0.00064609	-0.0065351
-0.32241	-0.2638	-0.00056904	-0.0061802
1.1439	-0.2638	-0.0013983	-0.0065615
2.6102	-0.2638	-0.0017512	-0.0070424
4.0765	-0.2638	-0.00223	-0.0074087
5.5428	-0.2638	0	-0
7.0091	-0.2638	0	-0
8.4754	-0.2638	0	-0
9.9417	-0.2638	0	-0
11.408	-0.2638	0	-0
12.874	-0.2638	0	-0
14.341	-0.2638	0	-0
15.807	-0.2638	0	-0
-14.985	-1.7301	0	-0
-13.519	-1.7301	0	-0
-12.053	-1.7301	0	-0
-10.587	-1.7301	0	-0
-9.1202	-1.7301	0	-0
-7.6539	-1.7301	0	-0
-6.1876	-1.7301	0.0026601	-0.0075519
-4.7213	-1.7301	0.002132	-0.007984
-3.255	-1.7301	0.0016462	-0.0083911
-1.7887	-1.7301	0.0010534	-0.0086338
-0.32241	-1.7301	0.00015153	-0.0087335
1.1439	-1.7301	-0.00052329	-0.011106
2.6102	-1.7301	-0.0016677	-0.009094
4.0765	-1.7301	-0.0019701	-0.0095315
5.5428	-1.7301	0	-0
7.0091	-1.7301	0	-0
8.4754	-1.7301	0	-0
9.9417	-1.7301	0	-0
11.408	-1.7301	0	-0
12.874	-1.7301	0	-0
14.341	-1.7301	0	-0
15.807	-1.7301	0	-0
-14.985	-3.1964	0	-0
-13.519	-3.1964	0	-0
-12.053	-3.1964	0	-0
-10.587	-3.1964	0	-0
-9.1202	-3.1964	0	-0
-7.6539	-3.1964	0	-0
-6.1876	-3.1964	0.001717	-0.00917
-4.7213	-3.1964	0.0012184	-0.0098689
-3.255	-3.1964	0.00096341	-0.010293
-1.7887	-3.1964	0.000668	-0.010665
-0.32241	-3.1964	1.7407e-005	-0.010695
1.1439	-3.1964	-0.0009518	-0.010774
2.6102	-3.1964	-0.0014098	-0.01117
4.0765	-3.1964	-0.0017776	-0.011484
5.5428	-3.1964	0	-0
7.0091	-3.1964	0	-0
8.4754	-3.1964	0	-0
9.9417	-3.1964	0	-0
11.408	-3.1964	0	-0
12.874	-3.1964	0	-0
14.341	-3.1964	0	-0
15.807	-3.1964	0	-0
-14.985	-4.6627	0	-0
-13.519	-4.6627	0	-0
-12.053	-4.6627	0	-0
-10.587	-4.6627	0	-0
-9.1202	-4.6627	0	-0
-7.6539	-4.6627	0	-0
-6.1876	-4.6627	0.00060773	-0.010149
-4.7213	-4.6627	-3.7141e-005	-0.011187
-3.255	-4.6627	-0.0005613	-0.011916
-1.7887	-4.6627	-0.00071761	-0.012391
-0.32241	-4.6627	-0.00092837	-0.01272
1.1439	-4.6627	-0.0016199	-0.012777
2.6102	-4.6627	-0.0019607	-0.013052
4.0765	-4.6627	-0.0022876	-0.013333
5.5428	-4.6627	0	-0
7.0091	-4.6627	0	-0
8.4754	-4.6627	0	-0
9.9417	-4.6627	0	-0
11.408	-4.6627	0	-0
12.874	-4.6627	0	-0
14.341	-4.6627	0	-0
15.807	-4.6627	0	-0
-14.985	-6.129	0	-0
-13.519	-6.129	0	-0
-12.053	-6.129	0	-0
-10.587	-6.129	0	-0
-9.1202	-6.129	0	-0
-7.6539	-6.129	0	-0
-6.1876	-6.129	-0.00068014	-0.011932
-4.7213	-6.129	-0.0015514	-0.012783
-3.255	-6.129	-0.0020903	-0.013636
-1.7887	-6.129	-0.0022111	-0.01435
-0.32241	-6.129	-0.0022451	-0.014416
1.1439	-6.129	-0.0027889	-0.014576
2.6102	-6.129	-0.0030292	-0.014828
4.0765	-6.129	-0.0033068	-0.014688
5.5428	-6.129	0	-0
7.0091	-6.129	0	-0
8.4754	-6.129	0	-0
9.9417	-6.129	0	-0
11.408	-6.129	0	-0
12.874	-6.129	0	-0
14.341	-6.129	0	-0
15.807	-6.129	0	-0
-14.985	-7.5953	0	-0
-13.519	-7.5953	0	-0
-12.053	-7.5953	0	-0
-10.587	-7.5953	0	-0
-9.1202	-7.5953	0	-0
-7.6539	-7.5953	0	-0
-6.1876	-7.5953	-0.0017828	-0.01379
-4.7213	-7.5953	-0.0027599	-0.014417
-3.255	-7.5953	-0.003274	-0.015363
-1.7887	-7.5953	-0.0034511	-0.01591
-0.32241	-7.5953	-0.0035009	-0.015897
1.1439	-7.5953	-0.0038345	-0.015893
2.6102	-7.5953	-0.0041263	-0.016179
4.0765	-7.5953	-0.0042025	-0.016218
5.5428	-7.5953	0	-0
7.0091	-7.5953	0	-0
8.4754	-7.5953	0	-0
9.9417	-7.5953	0	-0
11.408	-7.5953	0	-0
12.874	-7.5953	0	-0
14.341	-7.5953	0	-0
15.807	-7.5953	0	-0
-14.985	-9.0616	0	-0
-13.519	-9.0616	0	-0
-12.053	-9.0616	0	-0
-10.587	-9.0616	0	-0
-9.1202	-9.0616	0	-0
-7.6539	-9.0616	0	-0
-6.1876	-9.0616	-0.0024807	-0.015543
-4.7213	-9.0616	-0.0034416	-0.01619
-3.255	-9.0616	-0.00382	-0.016854
-1.7887	-9.0616	-0.0042033	-0.017186
-0.32241	-9.0616	-0.0043106	-0.01728
1.1439	-9.0616	-0.0046691	-0.017353
2.6102	-9.0616	-0.0050568	-0.01754
4.0765	-9.0616	-0.0051008	-0.018241
5.5428	-9.0616	0	-0
7.0091	-9.0616	0	-0
8.4754	-9.0616	0	-0
9.9417	-9.0616	0	-0
11.408	-9.0616	0	-0
12.874	-9.0616	0	-0
14.341	-9.0616	0	-0
15.807	-9.0616	0	-0
-14.985	-10.528	0	-0
-13.519	-10.528	0	-0
-12.053	-10.528	0	-0
-10.587	-10.528	0	-0
-9.1202	-10.528	0	-0
-7.6539	-10.528	0	-0
-6.1876	-10.528	-0.0029061	-0.018011
-4.7213	-10.528	-0.0037285	-0.017895
-3.255	-10.528	-0.0042682	-0.018468
-1.7887	-10.528	-0.0046287	-0.01889
-0.32241	-10.528	-0.0051249	-0.019092
1.1439	-10.528	-0.0053028	-0.019465
2.6102	-10.528	-0.0056949	-0.019962
4.0765	-10.528	-0.0058459	-0.020004
5.5428	-10.528	0	-0
7.0091	-10.528	0	-0
8.4754	-10.528	0	-0
9.9417	-10.528	0	-0
11.408	-10.528	0	-0
12.874	-10.528	0	-0
14.341	-10.528	0	-0
15.807	-10.528	0	-0
-14.985	-11.994	0	-0
-13.519	-11.994	0	-0
-12.053	-11.994	0	-0
-10.587	-11.994	0	-0
-9.1202	-11.994	0	-0
-7.6539	-11.994	0	-0
-6.1876	-11.994	0	-0
-4.7213	-11.994	0	-0
-3.255	-11.994	0	-0
-1.7887	-11.994	0	-0
-0.32241	-11.994	0	-0
1.1439	-11.994	0	-0
2.6102	-11.994	0	-0
4.0765	-11.994	0	-0
5.5428	-11.994	0	-0
7.0091	-11.994	0	-0
8.4754	-11.994	0	-0
9.9417	-11.994	0	-0
11.408	-11.994	0	-0
12.874	-11.994	0	-0
14.341	-11.994	0	-0
15.807	-11.994	0	-0
