#DaVis 7.4.0 2D-vector 96 22 22 "" "[mm]" "" "[mm]" "displacement" "[mm]"
-14.985	18.798	0	-0
-13.519	18.798	0	-0
-12.053	18.798	0	-0
-10.587	18.798	0	-0
-9.1202	18.798	0	-0
-7.6539	18.798	0	-0
-6.1876	18.798	-0.018324	0.017341
-4.7213	18.798	-0.018103	0.01907
-3.255	18.798	-0.01868	0.013727
-1.7887	18.798	-0.018822	0.017156
-0.32241	18.798	-0.019002	0.022717
1.1439	18.798	-0.018936	0.026695
2.6102	18.798	0.72054	0.88514
4.0765	18.798	0.00069761	-0.4035
5.5428	18.798	0	-0
7.0091	18.798	0	-0
8.4754	18.798	0	-0
9.9417	18.798	0	-0
11.408	18.798	0	-0
12.874	18.798	0	-0
14.341	18.798	0	-0
15.807	18.798	0	-0
-14.985	17.332	0	-0
-13.519	17.332	0	-0
-12.053	17.332	0	-0
-10.587	17.332	0	-0
-9.1202	17.332	0	-0
-7.6539	17.332	0	-0
-6.1876	17.332	-0.014198	0.014247
-4.7213	17.332	-0.015586	0.01458
-3.255	17.332	-0.015622	0.016396
-1.7887	17.332	-0.01626	0.018643
-0.32241	17.332	-0.016838	0.021693
1.1439	17.332	-0.017212	0.024067
2.6102	17.332	-0.016679	0.026112
4.0765	17.332	-0.010132	0.026444
5.5428	17.332	0	-0
7.0091	17.332	0	-0
8.4754	17.332	0	-0
9.9417	17.332	0	-0
11.408	17.332	0	-0
12.874	17.332	0	-0
14.341	17.332	0	-0
15.807	17.332	0	-0
-14.985	15.866	0	-0
-13.519	15.866	0	-0
-12.053	15.866	0	-0
-10.587	15.866	0	-0
-9.1202	15.866	0	-0
-7.6539	15.866	0	-0
-6.1876	15.866	-0.011853	0.011674
-4.7213	15.866	-0.012736	0.012398
-3.255	15.866	-0.013437	0.013867
-1.7887	15.866	-0.013821	0.016346
-0.32241	15.866	-0.014019	0.019667
1.1439	15.866	-0.014486	0.021948
2.6102	15.866	-0.015086	0.023444
4.0765	15.866	-0.0074681	0.024807
5.5428	15.866	0	-0
7.0091	15.866	0	-0
8.4754	15.866	0	-0
9.9417	15.866	0	-0
11.408	15.866	0	-0
12.874	15.866	0	-0
14.341	15.866	0	-0
15.807	15.866	0	-0
-14.985	14.399	0	-0
-13.519	14.399	0	-0
-12.053	14.399	0	-0
-10.587	14.399	0	-0
-9.1202	14.399	0	-0
-7.6539	14.399	0	-0
-6.1876	14.399	-0.0088548	0.0093592
-4.7213	14.399	-0.010164	0.010208
-3.255	14.399	-0.010732	0.011791
-1.7887	14.399	-0.011233	0.014323
-0.32241	14.399	-0.011748	0.016906
1.1439	14.399	-0.013322	0.019429
2.6102	14.399	-0.012602	0.02156
4.0765	14.399	-0.006998	0.022352
5.5428	14.399	0	-0
7.0091	14.399	0	-0
8.4754	14.399	0	-0
9.9417	14.399	0	-0
11.408	14.399	0	-0
12.874	14.399	0	-0
14.341	14.399	0	-0
15.807	14.399	0	-0
-14.985	12.933	0	-0
-13.519	12.933	0	-0
-12.053	12.933	0	-0
-10.587	12.933	0	-0
-9.1202	12.933	0	-0
-7.6539	12.933	0	-0
-6.1876	12.933	-0.0078183	0.0065752
-4.7213	12.933	-0.0083496	0.0081113
-3.255	12.933	-0.0085787	0.0097356
-1.7887	12.933	-0.0091471	0.011733
-0.32241	12.933	-0.0098436	0.014005
1.1439	12.933	-0.011089	0.016288
2.6102	12.933	-0.010565	0.018478
4.0765	12.933	-0.0088063	0.020179
5.5428	12.933	0	-0
7.0091	12.933	0	-0
8.4754	12.933	0	-0
9.9417	12.933	0	-0
11.408	12.933	0	-0
12.874	12.933	0	-0
14.341	12.933	0	-0
15.807	12.933	0	-0
-14.985	11.467	0	-0
-13.519	11.467	0	-0
-12.053	11.467	0	-0
-10.587	11.467	0	-0
-9.1202	11.467	0	-0
-7.6539	11.467	0	-0
-6.1876	11.467	-0.0072665	0.0040603
-4.7213	11.467	-0.0074701	0.0054145
-3.255	11.467	-0.0076261	0.0072022
-1.7887	11.467	-0.0078489	0.0091933
-0.32241	11.467	-0.0081281	0.01151
1.1439	11.467	-0.0091901	0.01364
2.6102	11.467	-0.0090025	0.015928
4.0765	11.467	-0.00755	0.017587
5.5428	11.467	0	-0
7.0091	11.467	0	-0
8.4754	11.467	0	-0
9.9417	11.467	0	-0
11.408	11.467	0	-0
12.874	11.467	0	-0
14.341	11.467	0	-0
15.807	11.467	0	-0
-14.985	10	0	-0
-13.519	10	0	-0
-12.053	10	0	-0
-10.587	10	0	-0
-9.1202	10	0	-0
-7.6539	10	0	-0
-6.1876	10	-0.00571	0.0020276
-4.7213	10	-0.0061951	0.0033465
-3.255	10	-0.0065047	0.0052119
-1.7887	10	-0.0063137	0.0074743
-0.32241	10	-0.006254	0.0096622
1.1439	10	-0.0069136	0.01174
2.6102	10	-0.0069587	0.013597
4.0765	10	-0.005787	0.015284
5.5428	10	0	-0
7.0091	10	0	-0
8.4754	10	0	-0
9.9417	10	0	-0
11.408	10	0	-0
12.874	10	0	-0
14.341	10	0	-0
15.807	10	0	-0
-14.985	8.534	0	-0
-13.519	8.534	0	-0
-12.053	8.534	0	-0
-10.587	8.534	0	-0
-9.1202	8.534	0	-0
-7.6539	8.534	0	-0
-6.1876	8.534	-0.0038611	0.00013511
-4.7213	8.534	-0.0041984	0.0017308
-3.255	8.534	-0.0044793	0.0037346
-1.7887	8.534	-0.0041249	0.0058151
-0.32241	8.534	-0.0039791	0.0077718
1.1439	8.534	-0.003969	0.0097947
2.6102	8.534	-0.0043484	0.011152
4.0765	8.534	-0.0043579	0.012723
5.5428	8.534	0	-0
7.0091	8.534	0	-0
8.4754	8.534	0	-0
9.9417	8.534	0	-0
11.408	8.534	0	-0
12.874	8.534	0	-0
14.341	8.534	0	-0
15.807	8.534	0	-0
-14.985	7.0677	0	-0
-13.519	7.0677	0	-0
-12.053	7.0677	0	-0
-10.587	7.0677	0	-0
-9.1202	7.0677	0	-0
-7.6539	7.0677	0	-0
-6.1876	7.0677	-0.0017276	-0.0017164
-4.7213	7.0677	-0.0019847	-1.859e-005
-3.255	7.0677	-0.002184	0.001967
-1.7887	7.0677	-0.0021432	0.0039933
-0.32241	7.0677	-0.002022	0.0055058
1.1439	7.0677	-0.0019052	0.00719
2.6102	7.0677	-0.0025013	0.0086362
4.0765	7.0677	-0.0028835	0.0095291
5.5428	7.0677	0	-0
7.0091	7.0677	0	-0
8.4754	7.0677	0	-0
9.9417	7.0677	0	-0
11.408	7.0677	0	-0
12.874	7.0677	0	-0
14.341	7.0677	0	-0
15.807	7.0677	0	-0
-14.985	5.6014	0	-0
-13.519	5.6014	0	-0
-12.053	5.6014	0	-0
-10.587	5.6014	0	-0
-9.1202	5.6014	0	-0
-7.6539	5.6014	0	-0
-6.1876	5.6014	0.00035573	-0.0034913
-4.7213	5.6014	-4.4224e-005	-0.0017799
-3.255	5.6014	-0.00027239	0.00024595
-1.7887	5.6014	-0.00027637	0.0021746
-0.32241	5.6014	-0.00047224	0.0037793
1.1439	5.6014	-0.00065829	0.0048185
2.6102	5.6014	-0.0013327	0.0058762
4.0765	5.6014	-0.0016643	0.005893
5.5428	5.6014	0	-0
7.0091	5.6014	0	-0
8.4754	5.6014	0	-0
9.9417	5.6014	0	-0
11.408	5.6014	0	-0
12.874	5.6014	0	-0
14.341	5.6014	0	-0
15.807	5.6014	0	-0
-14.985	4.1351	0	-0
-13.519	4.1351	0	-0
-12.053	4.1351	0	-0
-10.587	4.1351	0	-0
-9.1202	4.1351	0	-0
-7.6539	4.1351	0	-0
-6.1876	4.1351	0.0024583	-0.0051237
-4.7213	4.1351	0.0019093	-0.0034262
-3.255	4.1351	0.0015172	-0.0016669
-1.7887	4.1351	0.0011633	0.00027281
-0.32241	4.1351	0.00083987	0.0015982
1.1439	4.1351	0.00017942	0.0022301
2.6102	4.1351	-0.00073685	0.0031108
4.0765	4.1351	-0.0012697	0.0037169
5.5428	4.1351	0	-0
7.0091	4.1351	0	-0
8.4754	4.1351	0	-0
9.9417	4.1351	0	-0
11.408	4.1351	0	-0
12.874	4.1351	0	-0
14.341	4.1351	0	-0
15.807	4.1351	0	-0
-14.985	2.6688	0	-0
-13.519	2.6688	0	-0
-12.053	2.6688	0	-0
-10.587	2.6688	0	-0
-9.1202	2.6688	0	-0
-7.6539	2.6688	0	-0
-6.1876	2.6688	0.0039621	-0.0071483
-4.7213	2.6688	0.0034253	-0.0056286
-3.255	2.6688	0.0028038	-0.0043239
-1.7887	2.6688	0.0018924	-0.0027676
-0.32241	2.6688	0.0011304	-0.0015817
1.1439	2.6688	0.00022218	-0.00095444
2.6102	2.6688	-0.00067429	-7.572e-005
4.0765	2.6688	-0.0010091	0.00061017
5.5428	2.6688	0	-0
7.0091	2.6688	0	-0
8.4754	2.6688	0	-0
9.9417	2.6688	0	-0
11.408	2.6688	0	-0
12.874	2.6688	0	-0
14.341	2.6688	0	-0
15.807	2.6688	0	-0
-14.985	1.2025	0	-0
-13.519	1.2025	0	-0
-12.053	1.2025	0	-0
-10.587	1.2025	0	-0
-9.1202	1.2025	0	-0
-7.6539	1.2025	0	-0
-6.1876	1.2025	0.0054051	-0.0093395
-4.7213	1.2025	0.0046889	-0.0083444
-3.255	1.2025	0.0036864	-0.0074531
-1.7887	1.2025	0.0026786	-0.0057317
-0.32241	1.2025	0.0015248	-0.0043454
1.1439	1.2025	0.00026245	-0.0034341
2.6102	1.2025	-0.00015231	-0.0031303
4.0765	1.2025	-0.00037695	-0.0025923
5.5428	1.2025	0	-0
7.0091	1.2025	0	-0
8.4754	1.2025	0	-0
9.9417	1.2025	0	-0
11.408	1.2025	0	-0
12.874	1.2025	0	-0
14.341	1.2025	0	-0
15.807	1.2025	0	-0
-14.985	-0.2638	0	-0
-13.519	-0.2638	0	-0
-12.053	-0.2638	0	-0
-10.587	-0.2638	0	-0
-9.1202	-0.2638	0	-0
-7.6539	-0.2638	0	-0
-6.1876	-0.2638	0.0065148	-0.011882
-4.7213	-0.2638	0.0058686	-0.01124
-3.255	-0.2638	0.0050126	-0.010327
-1.7887	-0.2638	0.0039311	-0.009047
-0.32241	-0.2638	0.0025132	-0.0077265
1.1439	-0.2638	0.0015155	-0.007005
2.6102	-0.2638	0.0010706	-0.006644
4.0765	-0.2638	0.00055503	-0.0056195
5.5428	-0.2638	0	-0
7.0091	-0.2638	0	-0
8.4754	-0.2638	0	-0
9.9417	-0.2638	0	-0
11.408	-0.2638	0	-0
12.874	-0.2638	0	-0
14.341	-0.2638	0	-0
15.807	-0.2638	0	-0
-14.985	-1.7301	0	-0
-13.519	-1.7301	0	-0
-12.053	-1.7301	0	-0
-10.587	-1.7301	0	-0
-9.1202	-1.7301	0	-0
-7.6539	-1.7301	0	-0
-6.1876	-1.7301	0.0070784	-0.013997
-4.7213	-1.7301	0.006639	-0.013375
-3.255	-1.7301	0.00618	-0.012825
-1.7887	-1.7301	0.005489	-0.011907
-0.32241	-1.7301	0.0045312	-0.010995
1.1439	-1.7301	0.0029573	-0.011694
2.6102	-1.7301	0.0022976	-0.0093505
4.0765	-1.7301	0.001866	-0.0086199
5.5428	-1.7301	0	-0
7.0091	-1.7301	0	-0
8.4754	-1.7301	0	-0
9.9417	-1.7301	0	-0
11.408	-1.7301	0	-0
12.874	-1.7301	0	-0
14.341	-1.7301	0	-0
15.807	-1.7301	0	-0
-14.985	-3.1964	0	-0
-13.519	-3.1964	0	-0
-12.053	-3.1964	0	-0
-10.587	-3.1964	0	-0
-9.1202	-3.1964	0	-0
-7.6539	-3.1964	0	-0
-6.1876	-3.1964	0.0068527	-0.015867
-4.7213	-3.1964	0.0067654	-0.015702
-3.255	-3.1964	0.006493	-0.015228
-1.7887	-3.1964	0.0061381	-0.014559
-0.32241	-3.1964	0.0054281	-0.013562
1.1439	-3.1964	0.0045666	-0.012382
2.6102	-3.1964	0.0039251	-0.011999
4.0765	-3.1964	0.0031878	-0.011291
5.5428	-3.1964	0	-0
7.0091	-3.1964	0	-0
8.4754	-3.1964	0	-0
9.9417	-3.1964	0	-0
11.408	-3.1964	0	-0
12.874	-3.1964	0	-0
14.341	-3.1964	0	-0
15.807	-3.1964	0	-0
-14.985	-4.6627	0	-0
-13.519	-4.6627	0	-0
-12.053	-4.6627	0	-0
-10.587	-4.6627	0	-0
-9.1202	-4.6627	0	-0
-7.6539	-4.6627	0	-0
-6.1876	-4.6627	0.0065068	-0.017371
-4.7213	-4.6627	0.0061598	-0.017529
-3.255	-4.6627	0.0056783	-0.017412
-1.7887	-4.6627	0.0055544	-0.016907
-0.32241	-4.6627	0.0054428	-0.016132
1.1439	-4.6627	0.0047597	-0.015299
2.6102	-4.6627	0.0042949	-0.014544
4.0765	-4.6627	0.0035879	-0.013703
5.5428	-4.6627	0	-0
7.0091	-4.6627	0	-0
8.4754	-4.6627	0	-0
9.9417	-4.6627	0	-0
11.408	-4.6627	0	-0
12.874	-4.6627	0	-0
14.341	-4.6627	0	-0
15.807	-4.6627	0	-0
-14.985	-6.129	0	-0
-13.519	-6.129	0	-0
-12.053	-6.129	0	-0
-10.587	-6.129	0	-0
-9.1202	-6.129	0	-0
-7.6539	-6.129	0	-0
-6.1876	-6.129	0.0059069	-0.019591
-4.7213	-6.129	0.0053945	-0.019594
-3.255	-6.129	0.004845	-0.019701
-1.7887	-6.129	0.0045876	-0.01962
-0.32241	-6.129	0.0046717	-0.018673
1.1439	-6.129	0.0045724	-0.017722
2.6102	-6.129	0.0040695	-0.016812
4.0765	-6.129	0.0034029	-0.015494
5.5428	-6.129	0	-0
7.0091	-6.129	0	-0
8.4754	-6.129	0	-0
9.9417	-6.129	0	-0
11.408	-6.129	0	-0
12.874	-6.129	0	-0
14.341	-6.129	0	-0
15.807	-6.129	0	-0
-14.985	-7.5953	0	-0
-13.519	-7.5953	0	-0
-12.053	-7.5953	0	-0
-10.587	-7.5953	0	-0
-9.1202	-7.5953	0	-0
-7.6539	-7.5953	0	-0
-6.1876	-7.5953	0.0056855	-0.021981
-4.7213	-7.5953	0.0051539	-0.021734
-3.255	-7.5953	0.0046048	-0.021833
-1.7887	-7.5953	0.0042254	-0.021616
-0.32241	-7.5953	0.0043474	-0.020325
1.1439	-7.5953	0.0041367	-0.019325
2.6102	-7.5953	0.0036103	-0.018462
4.0765	-7.5953	0.0033919	-0.017527
5.5428	-7.5953	0	-0
7.0091	-7.5953	0	-0
8.4754	-7.5953	0	-0
9.9417	-7.5953	0	-0
11.408	-7.5953	0	-0
12.874	-7.5953	0	-0
14.341	-7.5953	0	-0
15.807	-7.5953	0	-0
-14.985	-9.0616	0	-0
-13.519	-9.0616	0	-0
-12.053	-9.0616	0	-0
-10.587	-9.0616	0	-0
-9.1202	-9.0616	0	-0
-7.6539	-9.0616	0	-0
-6.1876	-9.0616	0.0056225	-0.024151
-4.7213	-9.0616	0.0052711	-0.024003
-3.255	-9.0616	0.0049887	-0.023665
-1.7887	-9.0616	0.0044531	-0.023109
-0.32241	-9.0616	0.0044948	-0.021992
1.1439	-9.0616	0.0041365	-0.021006
2.6102	-9.0616	0.0036328	-0.020016
4.0765	-9.0616	0.0031837	-0.019404
5.5428	-9.0616	0	-0
7.0091	-9.0616	0	-0
8.4754	-9.0616	0	-0
9.9417	-9.0616	0	-0
11.408	-9.0616	0	-0
12.874	-9.0616	0	-0
14.341	-9.0616	0	-0
15.807	-9.0616	0	-0
-14.985	-10.528	0	-0
-13.519	-10.528	0	-0
-12.053	-10.528	0	-0
-10.587	-10.528	0	-0
-9.1202	-10.528	0	-0
-7.6539	-10.528	0	-0
-6.1876	-10.528	0.0062956	-0.027079
-4.7213	-10.528	0.0058279	-0.025914
-3.255	-10.528	0.0056177	-0.025777
-1.7887	-10.528	0.0052294	-0.025186
-0.32241	-10.528	0.0046524	-0.024488
1.1439	-10.528	0.0046949	-0.023774
2.6102	-10.528	0.004039	-0.023142
4.0765	-10.528	0.0033311	-0.021923
5.5428	-10.528	0	-0
7.0091	-10.528	0	-0
8.4754	-10.528	0	-0
9.9417	-10.528	0	-0
11.408	-10.528	0	-0
12.874	-10.528	0	-0
14.341	-10.528	0	-0
15.807	-10.528	0	-0
-14.985	-11.994	0	-0
-13.519	-11.994	0	-0
-12.053	-11.994	0	-0
-10.587	-11.994	0	-0
-9.1202	-11.994	0	-0
-7.6539	-11.994	0	-0
-6.1876	-11.994	0	-0
-4.7213	-11.994	0	-0
-3.255	-11.994	0	-0
-1.7887	-11.994	0	-0
-0.32241	-11.994	0	-0
1.1439	-11.994	0	-0
2.6102	-11.994	0	-0
4.0765	-11.994	0	-0
5.5428	-11.994	0	-0
7.0091	-11.994	0	-0
8.4754	-11.994	0	-0
9.9417	-11.994	0	-0
11.408	-11.994	0	-0
12.874	-11.994	0	-0
14.341	-11.994	0	-0
15.807	-11.994	0	-0
