#DaVis 7.4.0 2D-vector 96 22 22 "" "[mm]" "" "[mm]" "displacement" "[mm]"
-14.985	18.798	0	-0
-13.519	18.798	0	-0
-12.053	18.798	0	-0
-10.587	18.798	0	-0
-9.1202	18.798	0	-0
-7.6539	18.798	0	-0
-6.1876	18.798	-0.021868	0.02316
-4.7213	18.798	-0.019584	0.01969
-3.255	18.798	0.44496	0.77376
-1.7887	18.798	-0.02094	0.029165
-0.32241	18.798	-0.02082	0.03727
1.1439	18.798	-0.021181	0.041786
2.6102	18.798	0.71425	0.895
4.0765	18.798	0.00043209	-0.80342
5.5428	18.798	0	-0
7.0091	18.798	0	-0
8.4754	18.798	0	-0
9.9417	18.798	0	-0
11.408	18.798	0	-0
12.874	18.798	0	-0
14.341	18.798	0	-0
15.807	18.798	0	-0
-14.985	17.332	0	-0
-13.519	17.332	0	-0
-12.053	17.332	0	-0
-10.587	17.332	0	-0
-9.1202	17.332	0	-0
-7.6539	17.332	0	-0
-6.1876	17.332	-0.014333	0.024654
-4.7213	17.332	-0.016083	0.025603
-3.255	17.332	-0.017175	0.028284
-1.7887	17.332	-0.017563	0.03038
-0.32241	17.332	-0.018376	0.03437
1.1439	17.332	-0.019022	0.036977
2.6102	17.332	-0.018999	0.038909
4.0765	17.332	-0.012359	0.038405
5.5428	17.332	0	-0
7.0091	17.332	0	-0
8.4754	17.332	0	-0
9.9417	17.332	0	-0
11.408	17.332	0	-0
12.874	17.332	0	-0
14.341	17.332	0	-0
15.807	17.332	0	-0
-14.985	15.866	0	-0
-13.519	15.866	0	-0
-12.053	15.866	0	-0
-10.587	15.866	0	-0
-9.1202	15.866	0	-0
-7.6539	15.866	0	-0
-6.1876	15.866	-0.01145	0.02067
-4.7213	15.866	-0.012753	0.021591
-3.255	15.866	-0.013694	0.023496
-1.7887	15.866	-0.014271	0.026721
-0.32241	15.866	-0.015104	0.031391
1.1439	15.866	-0.016034	0.033409
2.6102	15.866	-0.016968	0.035374
4.0765	15.866	-0.009648	0.035486
5.5428	15.866	0	-0
7.0091	15.866	0	-0
8.4754	15.866	0	-0
9.9417	15.866	0	-0
11.408	15.866	0	-0
12.874	15.866	0	-0
14.341	15.866	0	-0
15.807	15.866	0	-0
-14.985	14.399	0	-0
-13.519	14.399	0	-0
-12.053	14.399	0	-0
-10.587	14.399	0	-0
-9.1202	14.399	0	-0
-7.6539	14.399	0	-0
-6.1876	14.399	-0.0078248	0.018046
-4.7213	14.399	-0.0093803	0.018484
-3.255	14.399	-0.010317	0.020159
-1.7887	14.399	-0.01134	0.02302
-0.32241	14.399	-0.012405	0.026305
1.1439	14.399	-0.014566	0.029777
2.6102	14.399	-0.014357	0.031749
4.0765	14.399	-0.0058797	0.031854
5.5428	14.399	0	-0
7.0091	14.399	0	-0
8.4754	14.399	0	-0
9.9417	14.399	0	-0
11.408	14.399	0	-0
12.874	14.399	0	-0
14.341	14.399	0	-0
15.807	14.399	0	-0
-14.985	12.933	0	-0
-13.519	12.933	0	-0
-12.053	12.933	0	-0
-10.587	12.933	0	-0
-9.1202	12.933	0	-0
-7.6539	12.933	0	-0
-6.1876	12.933	-0.0063859	0.013938
-4.7213	12.933	-0.0073968	0.015257
-3.255	12.933	-0.0077653	0.016599
-1.7887	12.933	-0.0089448	0.018641
-0.32241	12.933	-0.01051	0.021338
1.1439	12.933	-0.012151	0.024585
2.6102	12.933	-0.012217	0.026948
4.0765	12.933	-0.0084535	0.028943
5.5428	12.933	0	-0
7.0091	12.933	0	-0
8.4754	12.933	0	-0
9.9417	12.933	0	-0
11.408	12.933	0	-0
12.874	12.933	0	-0
14.341	12.933	0	-0
15.807	12.933	0	-0
-14.985	11.467	0	-0
-13.519	11.467	0	-0
-12.053	11.467	0	-0
-10.587	11.467	0	-0
-9.1202	11.467	0	-0
-7.6539	11.467	0	-0
-6.1876	11.467	-0.0058309	0.010539
-4.7213	11.467	-0.0066853	0.011197
-3.255	11.467	-0.0071252	0.012701
-1.7887	11.467	-0.0076721	0.014693
-0.32241	11.467	-0.0085836	0.017037
1.1439	11.467	-0.010403	0.019478
2.6102	11.467	-0.010532	0.022139
4.0765	11.467	-0.009223	0.024334
5.5428	11.467	0	-0
7.0091	11.467	0	-0
8.4754	11.467	0	-0
9.9417	11.467	0	-0
11.408	11.467	0	-0
12.874	11.467	0	-0
14.341	11.467	0	-0
15.807	11.467	0	-0
-14.985	10	0	-0
-13.519	10	0	-0
-12.053	10	0	-0
-10.587	10	0	-0
-9.1202	10	0	-0
-7.6539	10	0	-0
-6.1876	10	-0.00487	0.006762
-4.7213	10	-0.0057171	0.0078064
-3.255	10	-0.0063142	0.0094883
-1.7887	10	-0.0062889	0.012018
-0.32241	10	-0.0063479	0.014286
1.1439	10	-0.0073064	0.016701
2.6102	10	-0.0077387	0.018646
4.0765	10	-0.0068143	0.020359
5.5428	10	0	-0
7.0091	10	0	-0
8.4754	10	0	-0
9.9417	10	0	-0
11.408	10	0	-0
12.874	10	0	-0
14.341	10	0	-0
15.807	10	0	-0
-14.985	8.534	0	-0
-13.519	8.534	0	-0
-12.053	8.534	0	-0
-10.587	8.534	0	-0
-9.1202	8.534	0	-0
-7.6539	8.534	0	-0
-6.1876	8.534	-0.0031122	0.0034385
-4.7213	8.534	-0.0036411	0.0050604
-3.255	8.534	-0.0042802	0.007358
-1.7887	8.534	-0.0037496	0.0097836
-0.32241	8.534	-0.0035614	0.011932
1.1439	8.534	-0.0036154	0.013862
2.6102	8.534	-0.0045767	0.014911
4.0765	8.534	-0.0047087	0.01684
5.5428	8.534	0	-0
7.0091	8.534	0	-0
8.4754	8.534	0	-0
9.9417	8.534	0	-0
11.408	8.534	0	-0
12.874	8.534	0	-0
14.341	8.534	0	-0
15.807	8.534	0	-0
-14.985	7.0677	0	-0
-13.519	7.0677	0	-0
-12.053	7.0677	0	-0
-10.587	7.0677	0	-0
-9.1202	7.0677	0	-0
-7.6539	7.0677	0	-0
-6.1876	7.0677	-0.00073794	0.00042495
-4.7213	7.0677	-0.0010324	0.0021748
-3.255	7.0677	-0.0014839	0.0045143
-1.7887	7.0677	-0.0015465	0.0067523
-0.32241	7.0677	-0.0014095	0.0084138
1.1439	7.0677	-0.001483	0.010001
2.6102	7.0677	-0.0023495	0.011075
4.0765	7.0677	-0.0031189	0.011739
5.5428	7.0677	0	-0
7.0091	7.0677	0	-0
8.4754	7.0677	0	-0
9.9417	7.0677	0	-0
11.408	7.0677	0	-0
12.874	7.0677	0	-0
14.341	7.0677	0	-0
15.807	7.0677	0	-0
-14.985	5.6014	0	-0
-13.519	5.6014	0	-0
-12.053	5.6014	0	-0
-10.587	5.6014	0	-0
-9.1202	5.6014	0	-0
-7.6539	5.6014	0	-0
-6.1876	5.6014	0.0016096	-0.0024259
-4.7213	5.6014	0.0010572	-0.00063072
-3.255	5.6014	0.00081715	0.0016287
-1.7887	5.6014	0.00052673	0.0037017
-0.32241	5.6014	-3.0756e-005	0.005092
1.1439	5.6014	-0.0002555	0.0056728
2.6102	5.6014	-0.0014395	0.0064952
4.0765	5.6014	-0.0019585	0.0058228
5.5428	5.6014	0	-0
7.0091	5.6014	0	-0
8.4754	5.6014	0	-0
9.9417	5.6014	0	-0
11.408	5.6014	0	-0
12.874	5.6014	0	-0
14.341	5.6014	0	-0
15.807	5.6014	0	-0
-14.985	4.1351	0	-0
-13.519	4.1351	0	-0
-12.053	4.1351	0	-0
-10.587	4.1351	0	-0
-9.1202	4.1351	0	-0
-7.6539	4.1351	0	-0
-6.1876	4.1351	0.0041435	-0.0052486
-4.7213	4.1351	0.0033888	-0.0034055
-3.255	4.1351	0.0027656	-0.0016666
-1.7887	4.1351	0.0017803	0.00039171
-0.32241	4.1351	0.00094405	0.0018067
1.1439	4.1351	0.00020128	0.0021515
2.6102	4.1351	-0.0014725	0.0020311
4.0765	4.1351	-0.0021076	0.001813
5.5428	4.1351	0	-0
7.0091	4.1351	0	-0
8.4754	4.1351	0	-0
9.9417	4.1351	0	-0
11.408	4.1351	0	-0
12.874	4.1351	0	-0
14.341	4.1351	0	-0
15.807	4.1351	0	-0
-14.985	2.6688	0	-0
-13.519	2.6688	0	-0
-12.053	2.6688	0	-0
-10.587	2.6688	0	-0
-9.1202	2.6688	0	-0
-7.6539	2.6688	0	-0
-6.1876	2.6688	0.0056193	-0.0084328
-4.7213	2.6688	0.004908	-0.0069765
-3.255	2.6688	0.0038546	-0.0058851
-1.7887	2.6688	0.0022054	-0.0044859
-0.32241	2.6688	0.00081759	-0.0034265
1.1439	2.6688	-0.00083792	-0.0034087
2.6102	2.6688	-0.0022656	-0.0030024
4.0765	2.6688	-0.0029851	-0.0030355
5.5428	2.6688	0	-0
7.0091	2.6688	0	-0
8.4754	2.6688	0	-0
9.9417	2.6688	0	-0
11.408	2.6688	0	-0
12.874	2.6688	0	-0
14.341	2.6688	0	-0
15.807	2.6688	0	-0
-14.985	1.2025	0	-0
-13.519	1.2025	0	-0
-12.053	1.2025	0	-0
-10.587	1.2025	0	-0
-9.1202	1.2025	0	-0
-7.6539	1.2025	0	-0
-6.1876	1.2025	0.0071582	-0.011507
-4.7213	1.2025	0.0059442	-0.011191
-3.255	1.2025	0.004337	-0.01081
-1.7887	1.2025	0.0023887	-0.009349
-0.32241	1.2025	0.00057292	-0.0080492
1.1439	1.2025	-0.0016836	-0.0077364
2.6102	1.2025	-0.0024676	-0.0083657
4.0765	1.2025	-0.0029902	-0.0088214
5.5428	1.2025	0	-0
7.0091	1.2025	0	-0
8.4754	1.2025	0	-0
9.9417	1.2025	0	-0
11.408	1.2025	0	-0
12.874	1.2025	0	-0
14.341	1.2025	0	-0
15.807	1.2025	0	-0
-14.985	-0.2638	0	-0
-13.519	-0.2638	0	-0
-12.053	-0.2638	0	-0
-10.587	-0.2638	0	-0
-9.1202	-0.2638	0	-0
-7.6539	-0.2638	0	-0
-6.1876	-0.2638	0.0075291	-0.015453
-4.7213	-0.2638	0.0068482	-0.015426
-3.255	-0.2638	0.0054117	-0.015228
-1.7887	-0.2638	0.0033551	-0.014388
-0.32241	-0.2638	0.0012051	-0.013217
1.1439	-0.2638	-0.00052023	-0.013287
2.6102	-0.2638	-0.0012031	-0.013808
4.0765	-0.2638	-0.0023656	-0.013561
5.5428	-0.2638	0	-0
7.0091	-0.2638	0	-0
8.4754	-0.2638	0	-0
9.9417	-0.2638	0	-0
11.408	-0.2638	0	-0
12.874	-0.2638	0	-0
14.341	-0.2638	0	-0
15.807	-0.2638	0	-0
-14.985	-1.7301	0	-0
-13.519	-1.7301	0	-0
-12.053	-1.7301	0	-0
-10.587	-1.7301	0	-0
-9.1202	-1.7301	0	-0
-7.6539	-1.7301	0	-0
-6.1876	-1.7301	0.0066942	-0.018918
-4.7213	-1.7301	0.0070545	-0.019241
-3.255	-1.7301	0.0060761	-0.019372
-1.7887	-1.7301	0.0048426	-0.018922
-0.32241	-1.7301	0.0033109	-0.018479
1.1439	-1.7301	0.0019035	-0.019937
2.6102	-1.7301	-0.00037974	-0.018053
4.0765	-1.7301	-0.0012409	-0.018077
5.5428	-1.7301	0	-0
7.0091	-1.7301	0	-0
8.4754	-1.7301	0	-0
9.9417	-1.7301	0	-0
11.408	-1.7301	0	-0
12.874	-1.7301	0	-0
14.341	-1.7301	0	-0
15.807	-1.7301	0	-0
-14.985	-3.1964	0	-0
-13.519	-3.1964	0	-0
-12.053	-3.1964	0	-0
-10.587	-3.1964	0	-0
-9.1202	-3.1964	0	-0
-7.6539	-3.1964	0	-0
-6.1876	-3.1964	0.0064878	-0.022246
-4.7213	-3.1964	0.0059421	-0.02318
-3.255	-3.1964	0.0053618	-0.02348
-1.7887	-3.1964	0.0047704	-0.023497
-0.32241	-3.1964	0.0035751	-0.022789
1.1439	-3.1964	0.002653	-0.022666
2.6102	-3.1964	0.00074391	-0.022603
4.0765	-3.1964	-0.00017957	-0.022391
5.5428	-3.1964	0	-0
7.0091	-3.1964	0	-0
8.4754	-3.1964	0	-0
9.9417	-3.1964	0	-0
11.408	-3.1964	0	-0
12.874	-3.1964	0	-0
14.341	-3.1964	0	-0
15.807	-3.1964	0	-0
-14.985	-4.6627	0	-0
-13.519	-4.6627	0	-0
-12.053	-4.6627	0	-0
-10.587	-4.6627	0	-0
-9.1202	-4.6627	0	-0
-7.6539	-4.6627	0	-0
-6.1876	-4.6627	0.0049293	-0.025099
-4.7213	-4.6627	0.0039563	-0.026387
-3.255	-4.6627	0.0031336	-0.027264
-1.7887	-4.6627	0.0026805	-0.027344
-0.32241	-4.6627	0.0022179	-0.027188
1.1439	-4.6627	0.0011388	-0.02698
2.6102	-4.6627	0.00039474	-0.026804
4.0765	-4.6627	-0.00047734	-0.026548
5.5428	-4.6627	0	-0
7.0091	-4.6627	0	-0
8.4754	-4.6627	0	-0
9.9417	-4.6627	0	-0
11.408	-4.6627	0	-0
12.874	-4.6627	0	-0
14.341	-4.6627	0	-0
15.807	-4.6627	0	-0
-14.985	-6.129	0	-0
-13.519	-6.129	0	-0
-12.053	-6.129	0	-0
-10.587	-6.129	0	-0
-9.1202	-6.129	0	-0
-7.6539	-6.129	0	-0
-6.1876	-6.129	0.0030624	-0.028661
-4.7213	-6.129	0.0016385	-0.029981
-3.255	-6.129	0.0005935	-0.031135
-1.7887	-6.129	0.00022856	-0.031946
-0.32241	-6.129	7.0337e-005	-0.03154
1.1439	-6.129	-0.00043892	-0.031073
2.6102	-6.129	-0.00095245	-0.030793
4.0765	-6.129	-0.0018109	-0.029948
5.5428	-6.129	0	-0
7.0091	-6.129	0	-0
8.4754	-6.129	0	-0
9.9417	-6.129	0	-0
11.408	-6.129	0	-0
12.874	-6.129	0	-0
14.341	-6.129	0	-0
15.807	-6.129	0	-0
-14.985	-7.5953	0	-0
-13.519	-7.5953	0	-0
-12.053	-7.5953	0	-0
-10.587	-7.5953	0	-0
-9.1202	-7.5953	0	-0
-7.6539	-7.5953	0	-0
-6.1876	-7.5953	0.0016803	-0.03209
-4.7213	-7.5953	0.00022389	-0.033067
-3.255	-7.5953	-0.00085825	-0.0343
-1.7887	-7.5953	-0.001401	-0.034861
-0.32241	-7.5953	-0.0016492	-0.034136
1.1439	-7.5953	-0.0018705	-0.033824
2.6102	-7.5953	-0.0027309	-0.033606
4.0765	-7.5953	-0.0029282	-0.033089
5.5428	-7.5953	0	-0
7.0091	-7.5953	0	-0
8.4754	-7.5953	0	-0
9.9417	-7.5953	0	-0
11.408	-7.5953	0	-0
12.874	-7.5953	0	-0
14.341	-7.5953	0	-0
15.807	-7.5953	0	-0
-14.985	-9.0616	0	-0
-13.519	-9.0616	0	-0
-12.053	-9.0616	0	-0
-10.587	-9.0616	0	-0
-9.1202	-9.0616	0	-0
-7.6539	-9.0616	0	-0
-6.1876	-9.0616	0.00062068	-0.035715
-4.7213	-9.0616	-0.00053753	-0.036322
-3.255	-9.0616	-0.001249	-0.036961
-1.7887	-9.0616	-0.0021271	-0.037247
-0.32241	-9.0616	-0.0025254	-0.036468
1.1439	-9.0616	-0.0029028	-0.036086
2.6102	-9.0616	-0.0037691	-0.035829
4.0765	-9.0616	-0.0041927	-0.035976
5.5428	-9.0616	0	-0
7.0091	-9.0616	0	-0
8.4754	-9.0616	0	-0
9.9417	-9.0616	0	-0
11.408	-9.0616	0	-0
12.874	-9.0616	0	-0
14.341	-9.0616	0	-0
15.807	-9.0616	0	-0
-14.985	-10.528	0	-0
-13.519	-10.528	0	-0
-12.053	-10.528	0	-0
-10.587	-10.528	0	-0
-9.1202	-10.528	0	-0
-7.6539	-10.528	0	-0
-6.1876	-10.528	0.00041718	-0.040495
-4.7213	-10.528	-0.0007709	-0.039734
-3.255	-10.528	-0.001454	-0.040309
-1.7887	-10.528	-0.002484	-0.04038
-0.32241	-10.528	-0.0033974	-0.040276
1.1439	-10.528	-0.0036591	-0.040246
2.6102	-10.528	-0.0046341	-0.04033
4.0765	-10.528	-0.0052214	-0.039966
5.5428	-10.528	0	-0
7.0091	-10.528	0	-0
8.4754	-10.528	0	-0
9.9417	-10.528	0	-0
11.408	-10.528	0	-0
12.874	-10.528	0	-0
14.341	-10.528	0	-0
15.807	-10.528	0	-0
-14.985	-11.994	0	-0
-13.519	-11.994	0	-0
-12.053	-11.994	0	-0
-10.587	-11.994	0	-0
-9.1202	-11.994	0	-0
-7.6539	-11.994	0	-0
-6.1876	-11.994	0	-0
-4.7213	-11.994	0	-0
-3.255	-11.994	0	-0
-1.7887	-11.994	0	-0
-0.32241	-11.994	0	-0
1.1439	-11.994	0	-0
2.6102	-11.994	0	-0
4.0765	-11.994	0	-0
5.5428	-11.994	0	-0
7.0091	-11.994	0	-0
8.4754	-11.994	0	-0
9.9417	-11.994	0	-0
11.408	-11.994	0	-0
12.874	-11.994	0	-0
14.341	-11.994	0	-0
15.807	-11.994	0	-0
