#DaVis 7.4.0 2D-vector 96 22 22 "" "[mm]" "" "[mm]" "displacement" "[mm]"
-14.985	18.798	0	-0
-13.519	18.798	0	-0
-12.053	18.798	0	-0
-10.587	18.798	0	-0
-9.1202	18.798	0	-0
-7.6539	18.798	0	-0
-6.1876	18.798	2.3921e-006	0.00043684
-4.7213	18.798	-4.8543e-005	0.00057501
-3.255	18.798	-6.8073e-005	0.00065737
-1.7887	18.798	-8.6743e-005	0.00068303
-0.32241	18.798	-9.1806e-005	0.00049365
1.1439	18.798	-5.1298e-005	0.00050028
2.6102	18.798	-4.6398e-005	0.00045997
4.0765	18.798	-0.00010704	0.00040414
5.5428	18.798	0	-0
7.0091	18.798	0	-0
8.4754	18.798	0	-0
9.9417	18.798	0	-0
11.408	18.798	0	-0
12.874	18.798	0	-0
14.341	18.798	0	-0
15.807	18.798	0	-0
-14.985	17.332	0	-0
-13.519	17.332	0	-0
-12.053	17.332	0	-0
-10.587	17.332	0	-0
-9.1202	17.332	0	-0
-7.6539	17.332	0	-0
-6.1876	17.332	1.1416e-005	0.0005779
-4.7213	17.332	-9.192e-007	0.00054631
-3.255	17.332	-3.9529e-005	0.0005851
-1.7887	17.332	-1.2821e-005	0.00056873
-0.32241	17.332	-5.195e-005	0.00062981
1.1439	17.332	-3.8196e-005	0.00061694
2.6102	17.332	-5.0537e-005	0.00066189
4.0765	17.332	-7.8824e-005	0.00047151
5.5428	17.332	0	-0
7.0091	17.332	0	-0
8.4754	17.332	0	-0
9.9417	17.332	0	-0
11.408	17.332	0	-0
12.874	17.332	0	-0
14.341	17.332	0	-0
15.807	17.332	0	-0
-14.985	15.866	0	-0
-13.519	15.866	0	-0
-12.053	15.866	0	-0
-10.587	15.866	0	-0
-9.1202	15.866	0	-0
-7.6539	15.866	0	-0
-6.1876	15.866	9.3759e-006	0.00052301
-4.7213	15.866	1.485e-005	0.00052446
-3.255	15.866	1.8998e-005	0.00055684
-1.7887	15.866	6.2173e-006	0.00055006
-0.32241	15.866	-8.8947e-007	0.00059808
1.1439	15.866	2.2794e-005	0.00056656
2.6102	15.866	-2.6353e-005	0.00053239
4.0765	15.866	-7.4039e-005	0.00058997
5.5428	15.866	0	-0
7.0091	15.866	0	-0
8.4754	15.866	0	-0
9.9417	15.866	0	-0
11.408	15.866	0	-0
12.874	15.866	0	-0
14.341	15.866	0	-0
15.807	15.866	0	-0
-14.985	14.399	0	-0
-13.519	14.399	0	-0
-12.053	14.399	0	-0
-10.587	14.399	0	-0
-9.1202	14.399	0	-0
-7.6539	14.399	0	-0
-6.1876	14.399	3.5194e-005	0.00043426
-4.7213	14.399	4.1702e-005	0.0004686
-3.255	14.399	2.1036e-005	0.00044619
-1.7887	14.399	3.1289e-005	0.0004548
-0.32241	14.399	3.0143e-005	0.00044104
1.1439	14.399	1.8879e-005	0.00056053
2.6102	14.399	-2.6283e-005	0.00056195
4.0765	14.399	-4.8909e-005	0.00052335
5.5428	14.399	0	-0
7.0091	14.399	0	-0
8.4754	14.399	0	-0
9.9417	14.399	0	-0
11.408	14.399	0	-0
12.874	14.399	0	-0
14.341	14.399	0	-0
15.807	14.399	0	-0
-14.985	12.933	0	-0
-13.519	12.933	0	-0
-12.053	12.933	0	-0
-10.587	12.933	0	-0
-9.1202	12.933	0	-0
-7.6539	12.933	0	-0
-6.1876	12.933	2.3636e-005	0.00038717
-4.7213	12.933	2.644e-005	0.00040165
-3.255	12.933	4.039e-005	0.00041559
-1.7887	12.933	2.4928e-005	0.0004296
-0.32241	12.933	4.1947e-005	0.00042767
1.1439	12.933	1.0036e-005	0.00047732
2.6102	12.933	-4.9836e-006	0.0005157
4.0765	12.933	-3.6466e-005	0.0005295
5.5428	12.933	0	-0
7.0091	12.933	0	-0
8.4754	12.933	0	-0
9.9417	12.933	0	-0
11.408	12.933	0	-0
12.874	12.933	0	-0
14.341	12.933	0	-0
15.807	12.933	0	-0
-14.985	11.467	0	-0
-13.519	11.467	0	-0
-12.053	11.467	0	-0
-10.587	11.467	0	-0
-9.1202	11.467	0	-0
-7.6539	11.467	0	-0
-6.1876	11.467	3.07e-005	0.00030743
-4.7213	11.467	2.5559e-005	0.00025841
-3.255	11.467	3.7137e-005	0.00026591
-1.7887	11.467	4.3646e-005	0.00028293
-0.32241	11.467	5.4484e-005	0.00029877
1.1439	11.467	3.8956e-005	0.00031768
2.6102	11.467	-8.8154e-006	0.00034038
4.0765	11.467	-3.3848e-005	0.0003413
5.5428	11.467	0	-0
7.0091	11.467	0	-0
8.4754	11.467	0	-0
9.9417	11.467	0	-0
11.408	11.467	0	-0
12.874	11.467	0	-0
14.341	11.467	0	-0
15.807	11.467	0	-0
-14.985	10	0	-0
-13.519	10	0	-0
-12.053	10	0	-0
-10.587	10	0	-0
-9.1202	10	0	-0
-7.6539	10	0	-0
-6.1876	10	2.0716e-005	0.00016987
-4.7213	10	-7.2901e-006	0.00019029
-3.255	10	1.7643e-006	0.00019401
-1.7887	10	4.6964e-005	0.00019602
-0.32241	10	7.2914e-005	0.00020967
1.1439	10	4.2536e-005	0.00018996
2.6102	10	1.7128e-005	0.00021621
4.0765	10	2.0363e-005	0.00020719
5.5428	10	0	-0
7.0091	10	0	-0
8.4754	10	0	-0
9.9417	10	0	-0
11.408	10	0	-0
12.874	10	0	-0
14.341	10	0	-0
15.807	10	0	-0
-14.985	8.534	0	-0
-13.519	8.534	0	-0
-12.053	8.534	0	-0
-10.587	8.534	0	-0
-9.1202	8.534	0	-0
-7.6539	8.534	0	-0
-6.1876	8.534	2.7098e-005	0.0001011
-4.7213	8.534	2.141e-005	0.00011386
-3.255	8.534	1.0493e-005	0.00014906
-1.7887	8.534	7.5135e-005	0.00016403
-0.32241	8.534	0.00010545	0.00012952
1.1439	8.534	5.5245e-005	0.00011456
2.6102	8.534	4.6779e-005	0.00013273
4.0765	8.534	2.7882e-005	0.00012509
5.5428	8.534	0	-0
7.0091	8.534	0	-0
8.4754	8.534	0	-0
9.9417	8.534	0	-0
11.408	8.534	0	-0
12.874	8.534	0	-0
14.341	8.534	0	-0
15.807	8.534	0	-0
-14.985	7.0677	0	-0
-13.519	7.0677	0	-0
-12.053	7.0677	0	-0
-10.587	7.0677	0	-0
-9.1202	7.0677	0	-0
-7.6539	7.0677	0	-0
-6.1876	7.0677	4.0439e-005	7.1419e-005
-4.7213	7.0677	2.9618e-005	7.3106e-005
-3.255	7.0677	5.4337e-005	9.1607e-005
-1.7887	7.0677	5.5087e-005	0.00013372
-0.32241	7.0677	0.00010917	7.2994e-005
1.1439	7.0677	5.6848e-005	0.00010708
2.6102	7.0677	2.6703e-005	6.5274e-005
4.0765	7.0677	1.892e-005	6.4278e-005
5.5428	7.0677	0	-0
7.0091	7.0677	0	-0
8.4754	7.0677	0	-0
9.9417	7.0677	0	-0
11.408	7.0677	0	-0
12.874	7.0677	0	-0
14.341	7.0677	0	-0
15.807	7.0677	0	-0
-14.985	5.6014	0	-0
-13.519	5.6014	0	-0
-12.053	5.6014	0	-0
-10.587	5.6014	0	-0
-9.1202	5.6014	0	-0
-7.6539	5.6014	0	-0
-6.1876	5.6014	8.7166e-005	2.0195e-005
-4.7213	5.6014	4.7779e-005	4.754e-005
-3.255	5.6014	4.44e-005	8.6402e-005
-1.7887	5.6014	7.4348e-005	6.8081e-005
-0.32241	5.6014	3.8016e-005	3.2307e-005
1.1439	5.6014	5.4433e-005	7.8752e-006
2.6102	5.6014	3.5803e-005	1.2436e-005
4.0765	5.6014	3.6211e-005	-2.1574e-005
5.5428	5.6014	0	-0
7.0091	5.6014	0	-0
8.4754	5.6014	0	-0
9.9417	5.6014	0	-0
11.408	5.6014	0	-0
12.874	5.6014	0	-0
14.341	5.6014	0	-0
15.807	5.6014	0	-0
-14.985	4.1351	0	-0
-13.519	4.1351	0	-0
-12.053	4.1351	0	-0
-10.587	4.1351	0	-0
-9.1202	4.1351	0	-0
-7.6539	4.1351	0	-0
-6.1876	4.1351	8.6227e-005	9.0572e-005
-4.7213	4.1351	5.4976e-005	0.00013047
-3.255	4.1351	6.645e-005	0.00013659
-1.7887	4.1351	4.9643e-005	9.0883e-005
-0.32241	4.1351	4.0866e-005	0.00010415
1.1439	4.1351	4.5162e-005	6.7535e-005
2.6102	4.1351	-2.7938e-006	8.0058e-005
4.0765	4.1351	-8.8367e-007	8.0499e-005
5.5428	4.1351	0	-0
7.0091	4.1351	0	-0
8.4754	4.1351	0	-0
9.9417	4.1351	0	-0
11.408	4.1351	0	-0
12.874	4.1351	0	-0
14.341	4.1351	0	-0
15.807	4.1351	0	-0
-14.985	2.6688	0	-0
-13.519	2.6688	0	-0
-12.053	2.6688	0	-0
-10.587	2.6688	0	-0
-9.1202	2.6688	0	-0
-7.6539	2.6688	0	-0
-6.1876	2.6688	8.9865e-005	0.00011779
-4.7213	2.6688	5.9178e-005	0.00013792
-3.255	2.6688	7.4815e-005	0.00019098
-1.7887	2.6688	3.9485e-005	0.00022508
-0.32241	2.6688	3.7486e-005	0.0002419
1.1439	2.6688	-2.6532e-005	0.00023919
2.6102	2.6688	-4.2686e-005	0.00023447
4.0765	2.6688	-3.1822e-005	0.0002676
5.5428	2.6688	0	-0
7.0091	2.6688	0	-0
8.4754	2.6688	0	-0
9.9417	2.6688	0	-0
11.408	2.6688	0	-0
12.874	2.6688	0	-0
14.341	2.6688	0	-0
15.807	2.6688	0	-0
-14.985	1.2025	0	-0
-13.519	1.2025	0	-0
-12.053	1.2025	0	-0
-10.587	1.2025	0	-0
-9.1202	1.2025	0	-0
-7.6539	1.2025	0	-0
-6.1876	1.2025	6.4455e-005	0.00010092
-4.7213	1.2025	7.3766e-005	0.00010827
-3.255	1.2025	5.6348e-005	0.00013652
-1.7887	1.2025	2.0803e-005	0.00016591
-0.32241	1.2025	-2.0021e-005	0.00022441
1.1439	1.2025	-3.9982e-005	0.00023901
2.6102	1.2025	-4.041e-005	0.0002075
4.0765	1.2025	-3.4501e-005	0.00020827
5.5428	1.2025	0	-0
7.0091	1.2025	0	-0
8.4754	1.2025	0	-0
9.9417	1.2025	0	-0
11.408	1.2025	0	-0
12.874	1.2025	0	-0
14.341	1.2025	0	-0
15.807	1.2025	0	-0
-14.985	-0.2638	0	-0
-13.519	-0.2638	0	-0
-12.053	-0.2638	0	-0
-10.587	-0.2638	0	-0
-9.1202	-0.2638	0	-0
-7.6539	-0.2638	0	-0
-6.1876	-0.2638	6.5107e-005	2.0142e-005
-4.7213	-0.2638	6.8631e-005	3.0403e-005
-3.255	-0.2638	4.5314e-005	4.7024e-005
-1.7887	-0.2638	3.3683e-005	6.564e-005
-0.32241	-0.2638	-3.6999e-005	0.00010376
1.1439	-0.2638	-4.3742e-005	0.00013462
2.6102	-0.2638	-1.8175e-005	0.00013846
4.0765	-0.2638	-5.3562e-005	0.0001609
5.5428	-0.2638	0	-0
7.0091	-0.2638	0	-0
8.4754	-0.2638	0	-0
9.9417	-0.2638	0	-0
11.408	-0.2638	0	-0
12.874	-0.2638	0	-0
14.341	-0.2638	0	-0
15.807	-0.2638	0	-0
-14.985	-1.7301	0	-0
-13.519	-1.7301	0	-0
-12.053	-1.7301	0	-0
-10.587	-1.7301	0	-0
-9.1202	-1.7301	0	-0
-7.6539	-1.7301	0	-0
-6.1876	-1.7301	3.8856e-005	-3.5936e-005
-4.7213	-1.7301	2.8774e-005	-2.6283e-005
-3.255	-1.7301	1.3028e-005	-2.2317e-005
-1.7887	-1.7301	9.5514e-006	-1.2883e-005
-0.32241	-1.7301	-7.6107e-005	1.2168e-006
1.1439	-1.7301	3.0763e-005	-6.8493e-005
2.6102	-1.7301	-4.2734e-005	3.8636e-005
4.0765	-1.7301	-6.1426e-005	0.00011383
5.5428	-1.7301	0	-0
7.0091	-1.7301	0	-0
8.4754	-1.7301	0	-0
9.9417	-1.7301	0	-0
11.408	-1.7301	0	-0
12.874	-1.7301	0	-0
14.341	-1.7301	0	-0
15.807	-1.7301	0	-0
-14.985	-3.1964	0	-0
-13.519	-3.1964	0	-0
-12.053	-3.1964	0	-0
-10.587	-3.1964	0	-0
-9.1202	-3.1964	0	-0
-7.6539	-3.1964	0	-0
-6.1876	-3.1964	1.3736e-005	-4.9417e-005
-4.7213	-3.1964	3.1319e-006	-3.9734e-005
-3.255	-3.1964	7.3912e-006	-4.9186e-005
-1.7887	-3.1964	7.6752e-006	-6.6074e-005
-0.32241	-3.1964	-3.0394e-005	-6.2737e-005
1.1439	-3.1964	-4.0375e-005	-1.0388e-005
2.6102	-3.1964	-5.6691e-005	1.2244e-005
4.0765	-3.1964	-5.5555e-005	3.9022e-005
5.5428	-3.1964	0	-0
7.0091	-3.1964	0	-0
8.4754	-3.1964	0	-0
9.9417	-3.1964	0	-0
11.408	-3.1964	0	-0
12.874	-3.1964	0	-0
14.341	-3.1964	0	-0
15.807	-3.1964	0	-0
-14.985	-4.6627	0	-0
-13.519	-4.6627	0	-0
-12.053	-4.6627	0	-0
-10.587	-4.6627	0	-0
-9.1202	-4.6627	0	-0
-7.6539	-4.6627	0	-0
-6.1876	-4.6627	-1.1065e-006	-8.3766e-005
-4.7213	-4.6627	-2.7752e-005	-0.00011041
-3.255	-4.6627	2.0542e-006	-7.8187e-005
-1.7887	-4.6627	-2.5128e-005	-0.00012628
-0.32241	-4.6627	7.4514e-006	-9.4397e-005
1.1439	-4.6627	-4.9858e-005	-8.9291e-005
2.6102	-4.6627	-8.0858e-005	-5.503e-005
4.0765	-4.6627	-0.00010689	-1.8288e-005
5.5428	-4.6627	0	-0
7.0091	-4.6627	0	-0
8.4754	-4.6627	0	-0
9.9417	-4.6627	0	-0
11.408	-4.6627	0	-0
12.874	-4.6627	0	-0
14.341	-4.6627	0	-0
15.807	-4.6627	0	-0
-14.985	-6.129	0	-0
-13.519	-6.129	0	-0
-12.053	-6.129	0	-0
-10.587	-6.129	0	-0
-9.1202	-6.129	0	-0
-7.6539	-6.129	0	-0
-6.1876	-6.129	-6.106e-005	-0.00012971
-4.7213	-6.129	-9.5506e-005	-0.00015042
-3.255	-6.129	-8.5718e-005	-0.00014497
-1.7887	-6.129	-7.2375e-005	-0.00018569
-0.32241	-6.129	-6.9737e-005	-0.00012146
1.1439	-6.129	-0.00010485	-0.00012502
2.6102	-6.129	-0.00011377	-0.0001047
4.0765	-6.129	-0.00012745	-4.3623e-005
5.5428	-6.129	0	-0
7.0091	-6.129	0	-0
8.4754	-6.129	0	-0
9.9417	-6.129	0	-0
11.408	-6.129	0	-0
12.874	-6.129	0	-0
14.341	-6.129	0	-0
15.807	-6.129	0	-0
-14.985	-7.5953	0	-0
-13.519	-7.5953	0	-0
-12.053	-7.5953	0	-0
-10.587	-7.5953	0	-0
-9.1202	-7.5953	0	-0
-7.6539	-7.5953	0	-0
-6.1876	-7.5953	-8.4582e-005	-0.00017941
-4.7213	-7.5953	-0.00013477	-0.00020402
-3.255	-7.5953	-0.0001523	-0.00021352
-1.7887	-7.5953	-0.00012582	-0.00020424
-0.32241	-7.5953	-0.00014134	-0.00018382
1.1439	-7.5953	-0.00016799	-0.00011821
2.6102	-7.5953	-0.00018828	-0.0001415
4.0765	-7.5953	-0.00017039	-0.00010173
5.5428	-7.5953	0	-0
7.0091	-7.5953	0	-0
8.4754	-7.5953	0	-0
9.9417	-7.5953	0	-0
11.408	-7.5953	0	-0
12.874	-7.5953	0	-0
14.341	-7.5953	0	-0
15.807	-7.5953	0	-0
-14.985	-9.0616	0	-0
-13.519	-9.0616	0	-0
-12.053	-9.0616	0	-0
-10.587	-9.0616	0	-0
-9.1202	-9.0616	0	-0
-7.6539	-9.0616	0	-0
-6.1876	-9.0616	-0.00011485	-0.00024448
-4.7213	-9.0616	-0.00018658	-0.00025021
-3.255	-9.0616	-0.00019725	-0.0002381
-1.7887	-9.0616	-0.00016732	-0.00024491
-0.32241	-9.0616	-0.00014564	-0.0001883
1.1439	-9.0616	-0.00015912	-0.00012173
2.6102	-9.0616	-0.00017124	-0.00014201
4.0765	-9.0616	-0.00020636	-0.00015463
5.5428	-9.0616	0	-0
7.0091	-9.0616	0	-0
8.4754	-9.0616	0	-0
9.9417	-9.0616	0	-0
11.408	-9.0616	0	-0
12.874	-9.0616	0	-0
14.341	-9.0616	0	-0
15.807	-9.0616	0	-0
-14.985	-10.528	0	-0
-13.519	-10.528	0	-0
-12.053	-10.528	0	-0
-10.587	-10.528	0	-0
-9.1202	-10.528	0	-0
-7.6539	-10.528	0	-0
-6.1876	-10.528	-0.00013143	-0.00025342
-4.7213	-10.528	-0.00018704	-0.00030616
-3.255	-10.528	-0.00021076	-0.00027597
-1.7887	-10.528	-0.00020788	-0.00023395
-0.32241	-10.528	-0.00022877	-0.00025107
1.1439	-10.528	-0.000236	-0.00022177
2.6102	-10.528	-0.00021766	-0.00019621
4.0765	-10.528	-0.00023843	-0.00018025
5.5428	-10.528	0	-0
7.0091	-10.528	0	-0
8.4754	-10.528	0	-0
9.9417	-10.528	0	-0
11.408	-10.528	0	-0
12.874	-10.528	0	-0
14.341	-10.528	0	-0
15.807	-10.528	0	-0
-14.985	-11.994	0	-0
-13.519	-11.994	0	-0
-12.053	-11.994	0	-0
-10.587	-11.994	0	-0
-9.1202	-11.994	0	-0
-7.6539	-11.994	0	-0
-6.1876	-11.994	0	-0
-4.7213	-11.994	0	-0
-3.255	-11.994	0	-0
-1.7887	-11.994	0	-0
-0.32241	-11.994	0	-0
1.1439	-11.994	0	-0
2.6102	-11.994	0	-0
4.0765	-11.994	0	-0
5.5428	-11.994	0	-0
7.0091	-11.994	0	-0
8.4754	-11.994	0	-0
9.9417	-11.994	0	-0
11.408	-11.994	0	-0
12.874	-11.994	0	-0
14.341	-11.994	0	-0
15.807	-11.994	0	-0
