#DaVis 7.4.0 2D-vector 96 22 22 "" "[mm]" "" "[mm]" "displacement" "[mm]"
-14.985	18.798	0	-0
-13.519	18.798	0	-0
-12.053	18.798	0	-0
-10.587	18.798	0	-0
-9.1202	18.798	0	-0
-7.6539	18.798	0	-0
-6.1876	18.798	-0.0011856	0.0056125
-4.7213	18.798	-0.0015763	0.0062889
-3.255	18.798	-0.001737	0.0056017
-1.7887	18.798	-0.0019959	0.006853
-0.32241	18.798	-0.0019218	0.006382
1.1439	18.798	-0.0018523	0.0057595
2.6102	18.798	-0.0019151	0.0055449
4.0765	18.798	-0.00067799	0.003174
5.5428	18.798	0	-0
7.0091	18.798	0	-0
8.4754	18.798	0	-0
9.9417	18.798	0	-0
11.408	18.798	0	-0
12.874	18.798	0	-0
14.341	18.798	0	-0
15.807	18.798	0	-0
-14.985	17.332	0	-0
-13.519	17.332	0	-0
-12.053	17.332	0	-0
-10.587	17.332	0	-0
-9.1202	17.332	0	-0
-7.6539	17.332	0	-0
-6.1876	17.332	-0.00080385	0.0060464
-4.7213	17.332	-0.0010908	0.0058024
-3.255	17.332	-0.0013341	0.0060087
-1.7887	17.332	-0.0015081	0.0062091
-0.32241	17.332	-0.0015943	0.0067433
1.1439	17.332	-0.0016505	0.0069168
2.6102	17.332	-0.0018035	0.0071523
4.0765	17.332	-0.0020573	0.0064422
5.5428	17.332	0	-0
7.0091	17.332	0	-0
8.4754	17.332	0	-0
9.9417	17.332	0	-0
11.408	17.332	0	-0
12.874	17.332	0	-0
14.341	17.332	0	-0
15.807	17.332	0	-0
-14.985	15.866	0	-0
-13.519	15.866	0	-0
-12.053	15.866	0	-0
-10.587	15.866	0	-0
-9.1202	15.866	0	-0
-7.6539	15.866	0	-0
-6.1876	15.866	-0.00049304	0.0052495
-4.7213	15.866	-0.00067007	0.0051932
-3.255	15.866	-0.00085179	0.0052655
-1.7887	15.866	-0.0011	0.0056518
-0.32241	15.866	-0.0011738	0.0062916
1.1439	15.866	-0.0012883	0.0064339
2.6102	15.866	-0.00161	0.0062692
4.0765	15.866	-0.0019276	0.0062726
5.5428	15.866	0	-0
7.0091	15.866	0	-0
8.4754	15.866	0	-0
9.9417	15.866	0	-0
11.408	15.866	0	-0
12.874	15.866	0	-0
14.341	15.866	0	-0
15.807	15.866	0	-0
-14.985	14.399	0	-0
-13.519	14.399	0	-0
-12.053	14.399	0	-0
-10.587	14.399	0	-0
-9.1202	14.399	0	-0
-7.6539	14.399	0	-0
-6.1876	14.399	-0.0001503	0.0045158
-4.7213	14.399	-0.00033414	0.0045193
-3.255	14.399	-0.00045572	0.0044568
-1.7887	14.399	-0.00053885	0.0047955
-0.32241	14.399	-0.00080038	0.0051607
1.1439	14.399	-0.0011974	0.0053659
2.6102	14.399	-0.0014943	0.0057143
4.0765	14.399	-0.0017913	0.0055757
5.5428	14.399	0	-0
7.0091	14.399	0	-0
8.4754	14.399	0	-0
9.9417	14.399	0	-0
11.408	14.399	0	-0
12.874	14.399	0	-0
14.341	14.399	0	-0
15.807	14.399	0	-0
-14.985	12.933	0	-0
-13.519	12.933	0	-0
-12.053	12.933	0	-0
-10.587	12.933	0	-0
-9.1202	12.933	0	-0
-7.6539	12.933	0	-0
-6.1876	12.933	-0.00010324	0.0037316
-4.7213	12.933	-0.00018411	0.003843
-3.255	12.933	-0.0002442	0.0039275
-1.7887	12.933	-0.00043926	0.0041717
-0.32241	12.933	-0.00065698	0.0044376
1.1439	12.933	-0.0010965	0.0047022
2.6102	12.933	-0.0012764	0.0049325
4.0765	12.933	-0.0015704	0.0051404
5.5428	12.933	0	-0
7.0091	12.933	0	-0
8.4754	12.933	0	-0
9.9417	12.933	0	-0
11.408	12.933	0	-0
12.874	12.933	0	-0
14.341	12.933	0	-0
15.807	12.933	0	-0
-14.985	11.467	0	-0
-13.519	11.467	0	-0
-12.053	11.467	0	-0
-10.587	11.467	0	-0
-9.1202	11.467	0	-0
-7.6539	11.467	0	-0
-6.1876	11.467	-0.00025029	0.0032821
-4.7213	11.467	-0.00032777	0.0031076
-3.255	11.467	-0.00040816	0.0032895
-1.7887	11.467	-0.00048272	0.0035089
-0.32241	11.467	-0.00056108	0.0037666
1.1439	11.467	-0.00085143	0.0040657
2.6102	11.467	-0.0011053	0.0042894
4.0765	11.467	-0.0013057	0.0044924
5.5428	11.467	0	-0
7.0091	11.467	0	-0
8.4754	11.467	0	-0
9.9417	11.467	0	-0
11.408	11.467	0	-0
12.874	11.467	0	-0
14.341	11.467	0	-0
15.807	11.467	0	-0
-14.985	10	0	-0
-13.519	10	0	-0
-12.053	10	0	-0
-10.587	10	0	-0
-9.1202	10	0	-0
-7.6539	10	0	-0
-6.1876	10	-0.00026329	0.0025976
-4.7213	10	-0.00042457	0.0026279
-3.255	10	-0.00052984	0.0028228
-1.7887	10	-0.00044006	0.0030353
-0.32241	10	-0.00037196	0.0032752
1.1439	10	-0.00056128	0.0034801
2.6102	10	-0.00072184	0.0036482
4.0765	10	-0.00086477	0.0038575
5.5428	10	0	-0
7.0091	10	0	-0
8.4754	10	0	-0
9.9417	10	0	-0
11.408	10	0	-0
12.874	10	0	-0
14.341	10	0	-0
15.807	10	0	-0
-14.985	8.534	0	-0
-13.519	8.534	0	-0
-12.053	8.534	0	-0
-10.587	8.534	0	-0
-9.1202	8.534	0	-0
-7.6539	8.534	0	-0
-6.1876	8.534	-4.2189e-005	0.0019242
-4.7213	8.534	-0.00015441	0.0020376
-3.255	8.534	-0.00024751	0.0023174
-1.7887	8.534	-0.00010886	0.0025445
-0.32241	8.534	-3.6823e-005	0.0026584
1.1439	8.534	-0.0001259	0.0027657
2.6102	8.534	-0.00029452	0.0028407
4.0765	8.534	-0.00054273	0.0027695
5.5428	8.534	0	-0
7.0091	8.534	0	-0
8.4754	8.534	0	-0
9.9417	8.534	0	-0
11.408	8.534	0	-0
12.874	8.534	0	-0
14.341	8.534	0	-0
15.807	8.534	0	-0
-14.985	7.0677	0	-0
-13.519	7.0677	0	-0
-12.053	7.0677	0	-0
-10.587	7.0677	0	-0
-9.1202	7.0677	0	-0
-7.6539	7.0677	0	-0
-6.1876	7.0677	0.00028385	0.0013362
-4.7213	7.0677	0.0001974	0.0014687
-3.255	7.0677	0.0001281	0.0017208
-1.7887	7.0677	0.00010554	0.0019881
-0.32241	7.0677	0.00019084	0.0020233
1.1439	7.0677	0.00012931	0.0021172
2.6102	7.0677	-0.00013607	0.0020283
4.0765	7.0677	-0.00033227	0.0019357
5.5428	7.0677	0	-0
7.0091	7.0677	0	-0
8.4754	7.0677	0	-0
9.9417	7.0677	0	-0
11.408	7.0677	0	-0
12.874	7.0677	0	-0
14.341	7.0677	0	-0
15.807	7.0677	0	-0
-14.985	5.6014	0	-0
-13.519	5.6014	0	-0
-12.053	5.6014	0	-0
-10.587	5.6014	0	-0
-9.1202	5.6014	0	-0
-7.6539	5.6014	0	-0
-6.1876	5.6014	0.00062916	0.00080736
-4.7213	5.6014	0.00047286	0.00091538
-3.255	5.6014	0.00037939	0.0012725
-1.7887	5.6014	0.00031231	0.0014184
-0.32241	5.6014	0.00020037	0.0014686
1.1439	5.6014	0.00014404	0.0012917
2.6102	5.6014	-8.0253e-005	0.0011481
4.0765	5.6014	-0.00019871	0.00076004
5.5428	5.6014	0	-0
7.0091	5.6014	0	-0
8.4754	5.6014	0	-0
9.9417	5.6014	0	-0
11.408	5.6014	0	-0
12.874	5.6014	0	-0
14.341	5.6014	0	-0
15.807	5.6014	0	-0
-14.985	4.1351	0	-0
-13.519	4.1351	0	-0
-12.053	4.1351	0	-0
-10.587	4.1351	0	-0
-9.1202	4.1351	0	-0
-7.6539	4.1351	0	-0
-6.1876	4.1351	0.00089374	0.00023405
-4.7213	4.1351	0.00078238	0.00039799
-3.255	4.1351	0.00063725	0.00050185
-1.7887	4.1351	0.00039161	0.00067095
-0.32241	4.1351	0.00024277	0.0007086
1.1439	4.1351	8.8717e-005	0.00050546
2.6102	4.1351	-0.000236	0.0003267
4.0765	4.1351	-0.0003806	0.00018553
5.5428	4.1351	0	-0
7.0091	4.1351	0	-0
8.4754	4.1351	0	-0
9.9417	4.1351	0	-0
11.408	4.1351	0	-0
12.874	4.1351	0	-0
14.341	4.1351	0	-0
15.807	4.1351	0	-0
-14.985	2.6688	0	-0
-13.519	2.6688	0	-0
-12.053	2.6688	0	-0
-10.587	2.6688	0	-0
-9.1202	2.6688	0	-0
-7.6539	2.6688	0	-0
-6.1876	2.6688	0.0010739	-0.00046047
-4.7213	2.6688	0.00089562	-0.00036832
-3.255	2.6688	0.00064638	-0.00038408
-1.7887	2.6688	0.00030466	-0.00028552
-0.32241	2.6688	4.1683e-005	-0.00026671
1.1439	2.6688	-0.00031051	-0.00044478
2.6102	2.6688	-0.00052825	-0.00066878
4.0765	2.6688	-0.00074865	-0.0007777
5.5428	2.6688	0	-0
7.0091	2.6688	0	-0
8.4754	2.6688	0	-0
9.9417	2.6688	0	-0
11.408	2.6688	0	-0
12.874	2.6688	0	-0
14.341	2.6688	0	-0
15.807	2.6688	0	-0
-14.985	1.2025	0	-0
-13.519	1.2025	0	-0
-12.053	1.2025	0	-0
-10.587	1.2025	0	-0
-9.1202	1.2025	0	-0
-7.6539	1.2025	0	-0
-6.1876	1.2025	0.0011517	-0.0010695
-4.7213	1.2025	0.00095386	-0.0011686
-3.255	1.2025	0.00061261	-0.0012218
-1.7887	1.2025	0.00016672	-0.0010714
-0.32241	1.2025	-0.0002615	-0.0011018
1.1439	1.2025	-0.00056652	-0.001311
2.6102	1.2025	-0.00075575	-0.0015866
4.0765	1.2025	-0.00089132	-0.0017284
5.5428	1.2025	0	-0
7.0091	1.2025	0	-0
8.4754	1.2025	0	-0
9.9417	1.2025	0	-0
11.408	1.2025	0	-0
12.874	1.2025	0	-0
14.341	1.2025	0	-0
15.807	1.2025	0	-0
-14.985	-0.2638	0	-0
-13.519	-0.2638	0	-0
-12.053	-0.2638	0	-0
-10.587	-0.2638	0	-0
-9.1202	-0.2638	0	-0
-7.6539	-0.2638	0	-0
-6.1876	-0.2638	0.0011869	-0.0018067
-4.7213	-0.2638	0.00093223	-0.0020199
-3.255	-0.2638	0.00063773	-0.0021156
-1.7887	-0.2638	0.00024117	-0.0021224
-0.32241	-0.2638	-0.00022636	-0.0020892
1.1439	-0.2638	-0.00056747	-0.0023296
2.6102	-0.2638	-0.00074316	-0.002462
4.0765	-0.2638	-0.00098223	-0.0026441
5.5428	-0.2638	0	-0
7.0091	-0.2638	0	-0
8.4754	-0.2638	0	-0
9.9417	-0.2638	0	-0
11.408	-0.2638	0	-0
12.874	-0.2638	0	-0
14.341	-0.2638	0	-0
15.807	-0.2638	0	-0
-14.985	-1.7301	0	-0
-13.519	-1.7301	0	-0
-12.053	-1.7301	0	-0
-10.587	-1.7301	0	-0
-9.1202	-1.7301	0	-0
-7.6539	-1.7301	0	-0
-6.1876	-1.7301	0.0010345	-0.0023739
-4.7213	-1.7301	0.00082551	-0.0026562
-3.255	-1.7301	0.00058277	-0.0028124
-1.7887	-1.7301	0.00034353	-0.0029162
-0.32241	-1.7301	-8.1409e-005	-0.0030486
1.1439	-1.7301	7.4314e-005	-0.0044503
2.6102	-1.7301	-0.0007094	-0.0033132
4.0765	-1.7301	-0.00092684	-0.0032875
5.5428	-1.7301	0	-0
7.0091	-1.7301	0	-0
8.4754	-1.7301	0	-0
9.9417	-1.7301	0	-0
11.408	-1.7301	0	-0
12.874	-1.7301	0	-0
14.341	-1.7301	0	-0
15.807	-1.7301	0	-0
-14.985	-3.1964	0	-0
-13.519	-3.1964	0	-0
-12.053	-3.1964	0	-0
-10.587	-3.1964	0	-0
-9.1202	-3.1964	0	-0
-7.6539	-3.1964	0	-0
-6.1876	-3.1964	0.00061804	-0.0028668
-4.7213	-3.1964	0.00043146	-0.0032129
-3.255	-3.1964	0.00035118	-0.0033981
-1.7887	-3.1964	0.0001747	-0.0036036
-0.32241	-3.1964	-9.5774e-005	-0.0037609
1.1439	-3.1964	-0.00041789	-0.0039039
2.6102	-3.1964	-0.0006669	-0.0039008
4.0765	-3.1964	-0.00088827	-0.0039508
5.5428	-3.1964	0	-0
7.0091	-3.1964	0	-0
8.4754	-3.1964	0	-0
9.9417	-3.1964	0	-0
11.408	-3.1964	0	-0
12.874	-3.1964	0	-0
14.341	-3.1964	0	-0
15.807	-3.1964	0	-0
-14.985	-4.6627	0	-0
-13.519	-4.6627	0	-0
-12.053	-4.6627	0	-0
-10.587	-4.6627	0	-0
-9.1202	-4.6627	0	-0
-7.6539	-4.6627	0	-0
-6.1876	-4.6627	0.00016583	-0.003305
-4.7213	-4.6627	-7.3463e-005	-0.0037036
-3.255	-4.6627	-0.0001824	-0.0039835
-1.7887	-4.6627	-0.00034858	-0.0041739
-0.32241	-4.6627	-0.00043918	-0.0044088
1.1439	-4.6627	-0.00071844	-0.0045709
2.6102	-4.6627	-0.00095162	-0.0046353
4.0765	-4.6627	-0.0010125	-0.0046027
5.5428	-4.6627	0	-0
7.0091	-4.6627	0	-0
8.4754	-4.6627	0	-0
9.9417	-4.6627	0	-0
11.408	-4.6627	0	-0
12.874	-4.6627	0	-0
14.341	-4.6627	0	-0
15.807	-4.6627	0	-0
-14.985	-6.129	0	-0
-13.519	-6.129	0	-0
-12.053	-6.129	0	-0
-10.587	-6.129	0	-0
-9.1202	-6.129	0	-0
-7.6539	-6.129	0	-0
-6.1876	-6.129	-0.00042314	-0.0039271
-4.7213	-6.129	-0.00070201	-0.004278
-3.255	-6.129	-0.00087675	-0.0046062
-1.7887	-6.129	-0.00090876	-0.0049205
-0.32241	-6.129	-0.00095141	-0.005015
1.1439	-6.129	-0.0012931	-0.0051726
2.6102	-6.129	-0.0014478	-0.0052331
4.0765	-6.129	-0.00080761	-0.0051677
5.5428	-6.129	0	-0
7.0091	-6.129	0	-0
8.4754	-6.129	0	-0
9.9417	-6.129	0	-0
11.408	-6.129	0	-0
12.874	-6.129	0	-0
14.341	-6.129	0	-0
15.807	-6.129	0	-0
-14.985	-7.5953	0	-0
-13.519	-7.5953	0	-0
-12.053	-7.5953	0	-0
-10.587	-7.5953	0	-0
-9.1202	-7.5953	0	-0
-7.6539	-7.5953	0	-0
-6.1876	-7.5953	-0.00087382	-0.0046878
-4.7213	-7.5953	-0.0012411	-0.004977
-3.255	-7.5953	-0.0014074	-0.0053058
-1.7887	-7.5953	-0.0014693	-0.0054644
-0.32241	-7.5953	-0.0014423	-0.0055682
1.1439	-7.5953	-0.0020404	-0.005568
2.6102	-7.5953	-0.001711	-0.0057641
4.0765	-7.5953	-0.00075583	-0.0057212
5.5428	-7.5953	0	-0
7.0091	-7.5953	0	-0
8.4754	-7.5953	0	-0
9.9417	-7.5953	0	-0
11.408	-7.5953	0	-0
12.874	-7.5953	0	-0
14.341	-7.5953	0	-0
15.807	-7.5953	0	-0
-14.985	-9.0616	0	-0
-13.519	-9.0616	0	-0
-12.053	-9.0616	0	-0
-10.587	-9.0616	0	-0
-9.1202	-9.0616	0	-0
-7.6539	-9.0616	0	-0
-6.1876	-9.0616	-0.0012601	-0.0053932
-4.7213	-9.0616	-0.0015577	-0.0056507
-3.255	-9.0616	-0.0016688	-0.0058587
-1.7887	-9.0616	-0.001808	-0.0060478
-0.32241	-9.0616	-0.0019272	-0.0060761
1.1439	-9.0616	-0.0019774	-0.0060999
2.6102	-9.0616	-0.002101	-0.006283
4.0765	-9.0616	-0.00048738	-0.0063517
5.5428	-9.0616	0	-0
7.0091	-9.0616	0	-0
8.4754	-9.0616	0	-0
9.9417	-9.0616	0	-0
11.408	-9.0616	0	-0
12.874	-9.0616	0	-0
14.341	-9.0616	0	-0
15.807	-9.0616	0	-0
-14.985	-10.528	0	-0
-13.519	-10.528	0	-0
-12.053	-10.528	0	-0
-10.587	-10.528	0	-0
-9.1202	-10.528	0	-0
-7.6539	-10.528	0	-0
-6.1876	-10.528	-0.0014811	-0.0061691
-4.7213	-10.528	-0.0017076	-0.006338
-3.255	-10.528	-0.0018597	-0.0064673
-1.7887	-10.528	-0.0020577	-0.0066308
-0.32241	-10.528	-0.0019656	-0.0067577
1.1439	-10.528	-0.0019017	-0.0069819
2.6102	-10.528	-0.0019372	-0.0070507
4.0765	-10.528	0.00067264	-0.0071904
5.5428	-10.528	0	-0
7.0091	-10.528	0	-0
8.4754	-10.528	0	-0
9.9417	-10.528	0	-0
11.408	-10.528	0	-0
12.874	-10.528	0	-0
14.341	-10.528	0	-0
15.807	-10.528	0	-0
-14.985	-11.994	0	-0
-13.519	-11.994	0	-0
-12.053	-11.994	0	-0
-10.587	-11.994	0	-0
-9.1202	-11.994	0	-0
-7.6539	-11.994	0	-0
-6.1876	-11.994	0	-0
-4.7213	-11.994	0	-0
-3.255	-11.994	0	-0
-1.7887	-11.994	0	-0
-0.32241	-11.994	0	-0
1.1439	-11.994	0	-0
2.6102	-11.994	0	-0
4.0765	-11.994	0	-0
5.5428	-11.994	0	-0
7.0091	-11.994	0	-0
8.4754	-11.994	0	-0
9.9417	-11.994	0	-0
11.408	-11.994	0	-0
12.874	-11.994	0	-0
14.341	-11.994	0	-0
15.807	-11.994	0	-0
