#DaVis 7.4.0 2D-vector 96 22 22 "" "[mm]" "" "[mm]" "displacement" "[mm]"
-14.985	18.798	0	-0
-13.519	18.798	0	-0
-12.053	18.798	0	-0
-10.587	18.798	0	-0
-9.1202	18.798	0	-0
-7.6539	18.798	0	-0
-6.1876	18.798	-0.0059	0.02118
-4.7213	18.798	-0.0061553	0.016379
-3.255	18.798	-0.0062856	0.014516
-1.7887	18.798	-0.0063776	0.018985
-0.32241	18.798	-0.0065245	0.018299
1.1439	18.798	-0.0066166	0.021497
2.6102	18.798	-0.0067546	0.015313
4.0765	18.798	-0.0073481	0.011791
5.5428	18.798	0	-0
7.0091	18.798	0	-0
8.4754	18.798	0	-0
9.9417	18.798	0	-0
11.408	18.798	0	-0
12.874	18.798	0	-0
14.341	18.798	0	-0
15.807	18.798	0	-0
-14.985	17.332	0	-0
-13.519	17.332	0	-0
-12.053	17.332	0	-0
-10.587	17.332	0	-0
-9.1202	17.332	0	-0
-7.6539	17.332	0	-0
-6.1876	17.332	-0.0042967	0.014923
-4.7213	17.332	-0.0048082	0.01386
-3.255	17.332	-0.004942	0.014885
-1.7887	17.332	-0.0051476	0.015721
-0.32241	17.332	-0.0054032	0.017218
1.1439	17.332	-0.0057572	0.01851
2.6102	17.332	-0.0061011	0.019243
4.0765	17.332	-0.0063673	0.018123
5.5428	17.332	0	-0
7.0091	17.332	0	-0
8.4754	17.332	0	-0
9.9417	17.332	0	-0
11.408	17.332	0	-0
12.874	17.332	0	-0
14.341	17.332	0	-0
15.807	17.332	0	-0
-14.985	15.866	0	-0
-13.519	15.866	0	-0
-12.053	15.866	0	-0
-10.587	15.866	0	-0
-9.1202	15.866	0	-0
-7.6539	15.866	0	-0
-6.1876	15.866	-0.0029779	0.012669
-4.7213	15.866	-0.0032895	0.012274
-3.255	15.866	-0.0037711	0.012637
-1.7887	15.866	-0.0040612	0.01382
-0.32241	15.866	-0.004258	0.016158
1.1439	15.866	-0.0049195	0.017105
2.6102	15.866	-0.0052744	0.017248
4.0765	15.866	-0.0059789	0.016955
5.5428	15.866	0	-0
7.0091	15.866	0	-0
8.4754	15.866	0	-0
9.9417	15.866	0	-0
11.408	15.866	0	-0
12.874	15.866	0	-0
14.341	15.866	0	-0
15.807	15.866	0	-0
-14.985	14.399	0	-0
-13.519	14.399	0	-0
-12.053	14.399	0	-0
-10.587	14.399	0	-0
-9.1202	14.399	0	-0
-7.6539	14.399	0	-0
-6.1876	14.399	-0.0017812	0.010739
-4.7213	14.399	-0.002106	0.010446
-3.255	14.399	-0.0024239	0.010999
-1.7887	14.399	-0.0027392	0.012069
-0.32241	14.399	-0.0034427	0.013282
1.1439	14.399	-0.0043636	0.014617
2.6102	14.399	-0.0048298	0.015205
4.0765	14.399	-0.0053492	0.014912
5.5428	14.399	0	-0
7.0091	14.399	0	-0
8.4754	14.399	0	-0
9.9417	14.399	0	-0
11.408	14.399	0	-0
12.874	14.399	0	-0
14.341	14.399	0	-0
15.807	14.399	0	-0
-14.985	12.933	0	-0
-13.519	12.933	0	-0
-12.053	12.933	0	-0
-10.587	12.933	0	-0
-9.1202	12.933	0	-0
-7.6539	12.933	0	-0
-6.1876	12.933	-0.0016005	0.0079361
-4.7213	12.933	-0.0015242	0.0087703
-3.255	12.933	-0.0017295	0.009084
-1.7887	12.933	-0.0021816	0.009871
-0.32241	12.933	-0.002878	0.010952
1.1439	12.933	-0.0036002	0.012047
2.6102	12.933	-0.0040873	0.012991
4.0765	12.933	-0.0046392	0.013619
5.5428	12.933	0	-0
7.0091	12.933	0	-0
8.4754	12.933	0	-0
9.9417	12.933	0	-0
11.408	12.933	0	-0
12.874	12.933	0	-0
14.341	12.933	0	-0
15.807	12.933	0	-0
-14.985	11.467	0	-0
-13.519	11.467	0	-0
-12.053	11.467	0	-0
-10.587	11.467	0	-0
-9.1202	11.467	0	-0
-7.6539	11.467	0	-0
-6.1876	11.467	-0.0016031	0.0065581
-4.7213	11.467	-0.0018725	0.00688
-3.255	11.467	-0.0018737	0.0072007
-1.7887	11.467	-0.0021082	0.0078691
-0.32241	11.467	-0.002388	0.0088881
1.1439	11.467	-0.0030886	0.0096829
2.6102	11.467	-0.0035481	0.010733
4.0765	11.467	-0.0038588	0.011361
5.5428	11.467	0	-0
7.0091	11.467	0	-0
8.4754	11.467	0	-0
9.9417	11.467	0	-0
11.408	11.467	0	-0
12.874	11.467	0	-0
14.341	11.467	0	-0
15.807	11.467	0	-0
-14.985	10	0	-0
-13.519	10	0	-0
-12.053	10	0	-0
-10.587	10	0	-0
-9.1202	10	0	-0
-7.6539	10	0	-0
-6.1876	10	-0.0013805	0.0048279
-4.7213	10	-0.0016925	0.0050745
-3.255	10	-0.0019357	0.005672
-1.7887	10	-0.0017884	0.0063631
-0.32241	10	-0.0017392	0.0073163
1.1439	10	-0.0020278	0.0081106
2.6102	10	-0.002384	0.0087678
4.0765	10	-0.0026355	0.0093005
5.5428	10	0	-0
7.0091	10	0	-0
8.4754	10	0	-0
9.9417	10	0	-0
11.408	10	0	-0
12.874	10	0	-0
14.341	10	0	-0
15.807	10	0	-0
-14.985	8.534	0	-0
-13.519	8.534	0	-0
-12.053	8.534	0	-0
-10.587	8.534	0	-0
-9.1202	8.534	0	-0
-7.6539	8.534	0	-0
-6.1876	8.534	-0.0006201	0.0032497
-4.7213	8.534	-0.0008539	0.0037182
-3.255	8.534	-0.0011321	0.004467
-1.7887	8.534	-0.00078144	0.005232
-0.32241	8.534	-0.00071113	0.0058594
1.1439	8.534	-0.00067807	0.0065046
2.6102	8.534	-0.00098641	0.006926
4.0765	8.534	-0.001638	0.0074896
5.5428	8.534	0	-0
7.0091	8.534	0	-0
8.4754	8.534	0	-0
9.9417	8.534	0	-0
11.408	8.534	0	-0
12.874	8.534	0	-0
14.341	8.534	0	-0
15.807	8.534	0	-0
-14.985	7.0677	0	-0
-13.519	7.0677	0	-0
-12.053	7.0677	0	-0
-10.587	7.0677	0	-0
-9.1202	7.0677	0	-0
-7.6539	7.0677	0	-0
-6.1876	7.0677	0.00030247	0.0016797
-4.7213	7.0677	0.00014852	0.0022713
-3.255	7.0677	7.0785e-005	0.0030984
-1.7887	7.0677	7.6906e-007	0.0038938
-0.32241	7.0677	0.00014253	0.0041315
1.1439	7.0677	0.00015426	0.0046627
2.6102	7.0677	-0.00041062	0.0048273
4.0765	7.0677	-0.0007973	0.0048035
5.5428	7.0677	0	-0
7.0091	7.0677	0	-0
8.4754	7.0677	0	-0
9.9417	7.0677	0	-0
11.408	7.0677	0	-0
12.874	7.0677	0	-0
14.341	7.0677	0	-0
15.807	7.0677	0	-0
-14.985	5.6014	0	-0
-13.519	5.6014	0	-0
-12.053	5.6014	0	-0
-10.587	5.6014	0	-0
-9.1202	5.6014	0	-0
-7.6539	5.6014	0	-0
-6.1876	5.6014	0.0012687	0.00016756
-4.7213	5.6014	0.00094136	0.000737
-3.255	5.6014	0.000715	0.0016941
-1.7887	5.6014	0.00070149	0.0023201
-0.32241	5.6014	0.00048949	0.0029913
1.1439	5.6014	0.00051977	0.0026305
2.6102	5.6014	-0.00016726	0.002812
4.0765	5.6014	-0.00045986	0.0017252
5.5428	5.6014	0	-0
7.0091	5.6014	0	-0
8.4754	5.6014	0	-0
9.9417	5.6014	0	-0
11.408	5.6014	0	-0
12.874	5.6014	0	-0
14.341	5.6014	0	-0
15.807	5.6014	0	-0
-14.985	4.1351	0	-0
-13.519	4.1351	0	-0
-12.053	4.1351	0	-0
-10.587	4.1351	0	-0
-9.1202	4.1351	0	-0
-7.6539	4.1351	0	-0
-6.1876	4.1351	0.0022728	-0.00097365
-4.7213	4.1351	0.0018547	-0.00038995
-3.255	4.1351	0.0013923	0.00022271
-1.7887	4.1351	0.00087702	0.00063974
-0.32241	4.1351	0.00057648	0.0012085
1.1439	4.1351	0.00022832	0.00078019
2.6102	4.1351	-0.00052529	0.00078029
4.0765	4.1351	-0.00091323	0.00018662
5.5428	4.1351	0	-0
7.0091	4.1351	0	-0
8.4754	4.1351	0	-0
9.9417	4.1351	0	-0
11.408	4.1351	0	-0
12.874	4.1351	0	-0
14.341	4.1351	0	-0
15.807	4.1351	0	-0
-14.985	2.6688	0	-0
-13.519	2.6688	0	-0
-12.053	2.6688	0	-0
-10.587	2.6688	0	-0
-9.1202	2.6688	0	-0
-7.6539	2.6688	0	-0
-6.1876	2.6688	0.0027581	-0.0025614
-4.7213	2.6688	0.0023114	-0.0021629
-3.255	2.6688	0.0016792	-0.0019255
-1.7887	2.6688	0.00083205	-0.0013901
-0.32241	2.6688	0.00017086	-0.0012117
1.1439	2.6688	-0.00068655	-0.0014201
2.6102	2.6688	-0.0013109	-0.001461
4.0765	2.6688	-0.001667	-0.0020111
5.5428	2.6688	0	-0
7.0091	2.6688	0	-0
8.4754	2.6688	0	-0
9.9417	2.6688	0	-0
11.408	2.6688	0	-0
12.874	2.6688	0	-0
14.341	2.6688	0	-0
15.807	2.6688	0	-0
-14.985	1.2025	0	-0
-13.519	1.2025	0	-0
-12.053	1.2025	0	-0
-10.587	1.2025	0	-0
-9.1202	1.2025	0	-0
-7.6539	1.2025	0	-0
-6.1876	1.2025	0.0032709	-0.0042781
-4.7213	1.2025	0.0025888	-0.004373
-3.255	1.2025	0.001714	-0.0045114
-1.7887	1.2025	0.00065433	-0.0039842
-0.32241	1.2025	-0.00044578	-0.0036855
1.1439	1.2025	-0.0013371	-0.0037997
2.6102	1.2025	-0.0017654	-0.0042974
4.0765	1.2025	-0.0019943	-0.0049298
5.5428	1.2025	0	-0
7.0091	1.2025	0	-0
8.4754	1.2025	0	-0
9.9417	1.2025	0	-0
11.408	1.2025	0	-0
12.874	1.2025	0	-0
14.341	1.2025	0	-0
15.807	1.2025	0	-0
-14.985	-0.2638	0	-0
-13.519	-0.2638	0	-0
-12.053	-0.2638	0	-0
-10.587	-0.2638	0	-0
-9.1202	-0.2638	0	-0
-7.6539	-0.2638	0	-0
-6.1876	-0.2638	0.00332	-0.006382
-4.7213	-0.2638	0.0026931	-0.0067988
-3.255	-0.2638	0.0018752	-0.0069003
-1.7887	-0.2638	0.00083246	-0.006771
-0.32241	-0.2638	-0.00037754	-0.0062504
1.1439	-0.2638	-0.0011998	-0.0065678
2.6102	-0.2638	-0.0015785	-0.0069828
4.0765	-0.2638	-0.0020701	-0.0072707
5.5428	-0.2638	0	-0
7.0091	-0.2638	0	-0
8.4754	-0.2638	0	-0
9.9417	-0.2638	0	-0
11.408	-0.2638	0	-0
12.874	-0.2638	0	-0
14.341	-0.2638	0	-0
15.807	-0.2638	0	-0
-14.985	-1.7301	0	-0
-13.519	-1.7301	0	-0
-12.053	-1.7301	0	-0
-10.587	-1.7301	0	-0
-9.1202	-1.7301	0	-0
-7.6539	-1.7301	0	-0
-6.1876	-1.7301	0.0029228	-0.0081631
-4.7213	-1.7301	0.0024376	-0.008535
-3.255	-1.7301	0.0019165	-0.0088132
-1.7887	-1.7301	0.0013103	-0.0088816
-0.32241	-1.7301	0.00041016	-0.0088975
1.1439	-1.7301	-0.00051301	-0.010573
2.6102	-1.7301	-0.0014055	-0.0091477
4.0765	-1.7301	-0.0017364	-0.0094862
5.5428	-1.7301	0	-0
7.0091	-1.7301	0	-0
8.4754	-1.7301	0	-0
9.9417	-1.7301	0	-0
11.408	-1.7301	0	-0
12.874	-1.7301	0	-0
14.341	-1.7301	0	-0
15.807	-1.7301	0	-0
-14.985	-3.1964	0	-0
-13.519	-3.1964	0	-0
-12.053	-3.1964	0	-0
-10.587	-3.1964	0	-0
-9.1202	-3.1964	0	-0
-7.6539	-3.1964	0	-0
-6.1876	-3.1964	0.0019951	-0.0097641
-4.7213	-3.1964	0.0015269	-0.010405
-3.255	-3.1964	0.0013095	-0.010734
-1.7887	-3.1964	0.0010202	-0.010985
-0.32241	-3.1964	0.00037059	-0.010993
1.1439	-3.1964	-0.00059402	-0.010959
2.6102	-3.1964	-0.0010707	-0.011242
4.0765	-3.1964	-0.0014749	-0.011523
5.5428	-3.1964	0	-0
7.0091	-3.1964	0	-0
8.4754	-3.1964	0	-0
9.9417	-3.1964	0	-0
11.408	-3.1964	0	-0
12.874	-3.1964	0	-0
14.341	-3.1964	0	-0
15.807	-3.1964	0	-0
-14.985	-4.6627	0	-0
-13.519	-4.6627	0	-0
-12.053	-4.6627	0	-0
-10.587	-4.6627	0	-0
-9.1202	-4.6627	0	-0
-7.6539	-4.6627	0	-0
-6.1876	-4.6627	0.00090639	-0.010818
-4.7213	-4.6627	0.00026421	-0.011785
-3.255	-4.6627	-0.00025921	-0.012446
-1.7887	-4.6627	-0.00039757	-0.012904
-0.32241	-4.6627	-0.0005743	-0.01313
1.1439	-4.6627	-0.0011882	-0.013088
2.6102	-4.6627	-0.0015669	-0.013255
4.0765	-4.6627	-0.0019348	-0.0135
5.5428	-4.6627	0	-0
7.0091	-4.6627	0	-0
8.4754	-4.6627	0	-0
9.9417	-4.6627	0	-0
11.408	-4.6627	0	-0
12.874	-4.6627	0	-0
14.341	-4.6627	0	-0
15.807	-4.6627	0	-0
-14.985	-6.129	0	-0
-13.519	-6.129	0	-0
-12.053	-6.129	0	-0
-10.587	-6.129	0	-0
-9.1202	-6.129	0	-0
-7.6539	-6.129	0	-0
-6.1876	-6.129	-0.00040619	-0.012693
-4.7213	-6.129	-0.0012728	-0.013454
-3.255	-6.129	-0.0018152	-0.014298
-1.7887	-6.129	-0.0019436	-0.014992
-0.32241	-6.129	-0.0019099	-0.014979
1.1439	-6.129	-0.0024172	-0.01508
2.6102	-6.129	-0.0026501	-0.015151
4.0765	-6.129	-0.0029187	-0.0149
5.5428	-6.129	0	-0
7.0091	-6.129	0	-0
8.4754	-6.129	0	-0
9.9417	-6.129	0	-0
11.408	-6.129	0	-0
12.874	-6.129	0	-0
14.341	-6.129	0	-0
15.807	-6.129	0	-0
-14.985	-7.5953	0	-0
-13.519	-7.5953	0	-0
-12.053	-7.5953	0	-0
-10.587	-7.5953	0	-0
-9.1202	-7.5953	0	-0
-7.6539	-7.5953	0	-0
-6.1876	-7.5953	-0.0015109	-0.014652
-4.7213	-7.5953	-0.0024761	-0.015223
-3.255	-7.5953	-0.0029935	-0.016124
-1.7887	-7.5953	-0.0031337	-0.016665
-0.32241	-7.5953	-0.0031467	-0.016531
1.1439	-7.5953	-0.0034528	-0.016461
2.6102	-7.5953	-0.0037279	-0.016662
4.0765	-7.5953	-0.0038199	-0.016621
5.5428	-7.5953	0	-0
7.0091	-7.5953	0	-0
8.4754	-7.5953	0	-0
9.9417	-7.5953	0	-0
11.408	-7.5953	0	-0
12.874	-7.5953	0	-0
14.341	-7.5953	0	-0
15.807	-7.5953	0	-0
-14.985	-9.0616	0	-0
-13.519	-9.0616	0	-0
-12.053	-9.0616	0	-0
-10.587	-9.0616	0	-0
-9.1202	-9.0616	0	-0
-7.6539	-9.0616	0	-0
-6.1876	-9.0616	-0.0021847	-0.016628
-4.7213	-9.0616	-0.0031274	-0.017129
-3.255	-9.0616	-0.0034966	-0.017748
-1.7887	-9.0616	-0.0038541	-0.018017
-0.32241	-9.0616	-0.0039398	-0.018041
1.1439	-9.0616	-0.0042823	-0.018006
2.6102	-9.0616	-0.004653	-0.018144
4.0765	-9.0616	-0.0047445	-0.018655
5.5428	-9.0616	0	-0
7.0091	-9.0616	0	-0
8.4754	-9.0616	0	-0
9.9417	-9.0616	0	-0
11.408	-9.0616	0	-0
12.874	-9.0616	0	-0
14.341	-9.0616	0	-0
15.807	-9.0616	0	-0
-14.985	-10.528	0	-0
-13.519	-10.528	0	-0
-12.053	-10.528	0	-0
-10.587	-10.528	0	-0
-9.1202	-10.528	0	-0
-7.6539	-10.528	0	-0
-6.1876	-10.528	-0.0025093	-0.019413
-4.7213	-10.528	-0.0033655	-0.019023
-3.255	-10.528	-0.0038432	-0.019611
-1.7887	-10.528	-0.0042313	-0.019898
-0.32241	-10.528	-0.0047246	-0.020059
1.1439	-10.528	-0.0048749	-0.020294
2.6102	-10.528	-0.0052537	-0.020686
4.0765	-10.528	-0.0054904	-0.020641
5.5428	-10.528	0	-0
7.0091	-10.528	0	-0
8.4754	-10.528	0	-0
9.9417	-10.528	0	-0
11.408	-10.528	0	-0
12.874	-10.528	0	-0
14.341	-10.528	0	-0
15.807	-10.528	0	-0
-14.985	-11.994	0	-0
-13.519	-11.994	0	-0
-12.053	-11.994	0	-0
-10.587	-11.994	0	-0
-9.1202	-11.994	0	-0
-7.6539	-11.994	0	-0
-6.1876	-11.994	0	-0
-4.7213	-11.994	0	-0
-3.255	-11.994	0	-0
-1.7887	-11.994	0	-0
-0.32241	-11.994	0	-0
1.1439	-11.994	0	-0
2.6102	-11.994	0	-0
4.0765	-11.994	0	-0
5.5428	-11.994	0	-0
7.0091	-11.994	0	-0
8.4754	-11.994	0	-0
9.9417	-11.994	0	-0
11.408	-11.994	0	-0
12.874	-11.994	0	-0
14.341	-11.994	0	-0
15.807	-11.994	0	-0
