#DaVis 7.4.0 2D-vector 96 22 22 "" "[mm]" "" "[mm]" "displacement" "[mm]"
-14.985	18.798	0	-0
-13.519	18.798	0	-0
-12.053	18.798	0	-0
-10.587	18.798	0	-0
-9.1202	18.798	0	-0
-7.6539	18.798	0	-0
-6.1876	18.798	-0.088008	0.47586
-4.7213	18.798	-0.01618	0.028347
-3.255	18.798	-0.78011	-0.91488
-1.7887	18.798	-0.016617	0.037473
-0.32241	18.798	-0.017242	0.044166
1.1439	18.798	-0.017514	0.044551
2.6102	18.798	0.70945	0.89499
4.0765	18.798	0.0067469	-0.87309
5.5428	18.798	0	-0
7.0091	18.798	0	-0
8.4754	18.798	0	-0
9.9417	18.798	0	-0
11.408	18.798	0	-0
12.874	18.798	0	-0
14.341	18.798	0	-0
15.807	18.798	0	-0
-14.985	17.332	0	-0
-13.519	17.332	0	-0
-12.053	17.332	0	-0
-10.587	17.332	0	-0
-9.1202	17.332	0	-0
-7.6539	17.332	0	-0
-6.1876	17.332	-0.010617	0.027833
-4.7213	17.332	-0.012523	0.028279
-3.255	17.332	-0.013578	0.030274
-1.7887	17.332	-0.014048	0.03252
-0.32241	17.332	-0.014971	0.036055
1.1439	17.332	-0.015504	0.038445
2.6102	17.332	-0.015765	0.039933
4.0765	17.332	-0.0092774	0.038735
5.5428	17.332	0	-0
7.0091	17.332	0	-0
8.4754	17.332	0	-0
9.9417	17.332	0	-0
11.408	17.332	0	-0
12.874	17.332	0	-0
14.341	17.332	0	-0
15.807	17.332	0	-0
-14.985	15.866	0	-0
-13.519	15.866	0	-0
-12.053	15.866	0	-0
-10.587	15.866	0	-0
-9.1202	15.866	0	-0
-7.6539	15.866	0	-0
-6.1876	15.866	-0.0078748	0.024041
-4.7213	15.866	-0.0095058	0.024215
-3.255	15.866	-0.010492	0.02585
-1.7887	15.866	-0.011185	0.028305
-0.32241	15.866	-0.01217	0.032753
1.1439	15.866	-0.013077	0.03481
2.6102	15.866	-0.013979	0.036266
4.0765	15.866	-0.0069682	0.035983
5.5428	15.866	0	-0
7.0091	15.866	0	-0
8.4754	15.866	0	-0
9.9417	15.866	0	-0
11.408	15.866	0	-0
12.874	15.866	0	-0
14.341	15.866	0	-0
15.807	15.866	0	-0
-14.985	14.399	0	-0
-13.519	14.399	0	-0
-12.053	14.399	0	-0
-10.587	14.399	0	-0
-9.1202	14.399	0	-0
-7.6539	14.399	0	-0
-6.1876	14.399	-0.0044678	0.020838
-4.7213	14.399	-0.006456	0.020706
-3.255	14.399	-0.0075524	0.022259
-1.7887	14.399	-0.0085374	0.024776
-0.32241	14.399	-0.0096261	0.027842
1.1439	14.399	-0.011925	0.030898
2.6102	14.399	-0.01171	0.032443
4.0765	14.399	-0.003721	0.032062
5.5428	14.399	0	-0
7.0091	14.399	0	-0
8.4754	14.399	0	-0
9.9417	14.399	0	-0
11.408	14.399	0	-0
12.874	14.399	0	-0
14.341	14.399	0	-0
15.807	14.399	0	-0
-14.985	12.933	0	-0
-13.519	12.933	0	-0
-12.053	12.933	0	-0
-10.587	12.933	0	-0
-9.1202	12.933	0	-0
-7.6539	12.933	0	-0
-6.1876	12.933	-0.0031758	0.016747
-4.7213	12.933	-0.0049058	0.017549
-3.255	12.933	-0.00537	0.018561
-1.7887	12.933	-0.0065871	0.020294
-0.32241	12.933	-0.008143	0.022739
1.1439	12.933	-0.010181	0.025661
2.6102	12.933	-0.010004	0.027397
4.0765	12.933	-0.0025153	0.028925
5.5428	12.933	0	-0
7.0091	12.933	0	-0
8.4754	12.933	0	-0
9.9417	12.933	0	-0
11.408	12.933	0	-0
12.874	12.933	0	-0
14.341	12.933	0	-0
15.807	12.933	0	-0
-14.985	11.467	0	-0
-13.519	11.467	0	-0
-12.053	11.467	0	-0
-10.587	11.467	0	-0
-9.1202	11.467	0	-0
-7.6539	11.467	0	-0
-6.1876	11.467	-0.0037262	0.012528
-4.7213	11.467	-0.0047037	0.012983
-3.255	11.467	-0.0052392	0.014035
-1.7887	11.467	-0.0058814	0.015704
-0.32241	11.467	-0.0066977	0.017822
1.1439	11.467	-0.0089267	0.020029
2.6102	11.467	-0.0085419	0.022341
4.0765	11.467	-0.0053342	0.024012
5.5428	11.467	0	-0
7.0091	11.467	0	-0
8.4754	11.467	0	-0
9.9417	11.467	0	-0
11.408	11.467	0	-0
12.874	11.467	0	-0
14.341	11.467	0	-0
15.807	11.467	0	-0
-14.985	10	0	-0
-13.519	10	0	-0
-12.053	10	0	-0
-10.587	10	0	-0
-9.1202	10	0	-0
-7.6539	10	0	-0
-6.1876	10	-0.0031453	0.0089221
-4.7213	10	-0.0041585	0.0094125
-3.255	10	-0.004973	0.010631
-1.7887	10	-0.0048948	0.012709
-0.32241	10	-0.0049506	0.01461
1.1439	10	-0.0059661	0.016585
2.6102	10	-0.0060509	0.018434
4.0765	10	-0.0033516	0.019729
5.5428	10	0	-0
7.0091	10	0	-0
8.4754	10	0	-0
9.9417	10	0	-0
11.408	10	0	-0
12.874	10	0	-0
14.341	10	0	-0
15.807	10	0	-0
-14.985	8.534	0	-0
-13.519	8.534	0	-0
-12.053	8.534	0	-0
-10.587	8.534	0	-0
-9.1202	8.534	0	-0
-7.6539	8.534	0	-0
-6.1876	8.534	-0.0016805	0.0055789
-4.7213	8.534	-0.0024747	0.0067883
-3.255	8.534	-0.0032363	0.0086589
-1.7887	8.534	-0.0026428	0.010511
-0.32241	8.534	-0.0024653	0.012165
1.1439	8.534	-0.0025599	0.013561
2.6102	8.534	-0.0031744	0.014309
4.0765	8.534	-0.0015527	0.015598
5.5428	8.534	0	-0
7.0091	8.534	0	-0
8.4754	8.534	0	-0
9.9417	8.534	0	-0
11.408	8.534	0	-0
12.874	8.534	0	-0
14.341	8.534	0	-0
15.807	8.534	0	-0
-14.985	7.0677	0	-0
-13.519	7.0677	0	-0
-12.053	7.0677	0	-0
-10.587	7.0677	0	-0
-9.1202	7.0677	0	-0
-7.6539	7.0677	0	-0
-6.1876	7.0677	0.00028921	0.0022832
-4.7213	7.0677	-0.00013774	0.0036352
-3.255	7.0677	-0.00064642	0.0056689
-1.7887	7.0677	-0.00068681	0.007501
-0.32241	7.0677	-0.00052057	0.0087987
1.1439	7.0677	-0.00088789	0.0097359
2.6102	7.0677	-0.0013096	0.010175
4.0765	7.0677	-0.00038285	0.010568
5.5428	7.0677	0	-0
7.0091	7.0677	0	-0
8.4754	7.0677	0	-0
9.9417	7.0677	0	-0
11.408	7.0677	0	-0
12.874	7.0677	0	-0
14.341	7.0677	0	-0
15.807	7.0677	0	-0
-14.985	5.6014	0	-0
-13.519	5.6014	0	-0
-12.053	5.6014	0	-0
-10.587	5.6014	0	-0
-9.1202	5.6014	0	-0
-7.6539	5.6014	0	-0
-6.1876	5.6014	0.0021895	-0.00077468
-4.7213	5.6014	0.001579	0.00040689
-3.255	5.6014	0.0013616	0.0022702
-1.7887	5.6014	0.001087	0.0040726
-0.32241	5.6014	0.0005424	0.0051392
1.1439	5.6014	-9.8343e-005	0.0052463
2.6102	5.6014	-0.00097371	0.0055278
4.0765	5.6014	-0.00026958	0.0047246
5.5428	5.6014	0	-0
7.0091	5.6014	0	-0
8.4754	5.6014	0	-0
9.9417	5.6014	0	-0
11.408	5.6014	0	-0
12.874	5.6014	0	-0
14.341	5.6014	0	-0
15.807	5.6014	0	-0
-14.985	4.1351	0	-0
-13.519	4.1351	0	-0
-12.053	4.1351	0	-0
-10.587	4.1351	0	-0
-9.1202	4.1351	0	-0
-7.6539	4.1351	0	-0
-6.1876	4.1351	0.0043649	-0.0036771
-4.7213	4.1351	0.0036959	-0.0023654
-3.255	4.1351	0.0028617	-0.0012167
-1.7887	4.1351	0.0019033	0.00048078
-0.32241	4.1351	0.00098359	0.001561
1.1439	4.1351	6.7707e-006	0.0013088
2.6102	4.1351	-0.0015731	0.00073939
4.0765	4.1351	-0.0016706	-2.4926e-005
5.5428	4.1351	0	-0
7.0091	4.1351	0	-0
8.4754	4.1351	0	-0
9.9417	4.1351	0	-0
11.408	4.1351	0	-0
12.874	4.1351	0	-0
14.341	4.1351	0	-0
15.807	4.1351	0	-0
-14.985	2.6688	0	-0
-13.519	2.6688	0	-0
-12.053	2.6688	0	-0
-10.587	2.6688	0	-0
-9.1202	2.6688	0	-0
-7.6539	2.6688	0	-0
-6.1876	2.6688	0.0054647	-0.006803
-4.7213	2.6688	0.0047441	-0.0060172
-3.255	2.6688	0.0035122	-0.0054014
-1.7887	2.6688	0.001803	-0.0044038
-0.32241	2.6688	0.0002512	-0.0037963
1.1439	2.6688	-0.0014278	-0.0043881
2.6102	2.6688	-0.002977	-0.0045296
4.0765	2.6688	-0.0035204	-0.0050979
5.5428	2.6688	0	-0
7.0091	2.6688	0	-0
8.4754	2.6688	0	-0
9.9417	2.6688	0	-0
11.408	2.6688	0	-0
12.874	2.6688	0	-0
14.341	2.6688	0	-0
15.807	2.6688	0	-0
-14.985	1.2025	0	-0
-13.519	1.2025	0	-0
-12.053	1.2025	0	-0
-10.587	1.2025	0	-0
-9.1202	1.2025	0	-0
-7.6539	1.2025	0	-0
-6.1876	1.2025	0.0065251	-0.010178
-4.7213	1.2025	0.0052774	-0.010402
-3.255	1.2025	0.0035808	-0.010461
-1.7887	1.2025	0.0016014	-0.0093522
-0.32241	1.2025	-0.00039245	-0.008486
1.1439	1.2025	-0.0028156	-0.0086627
2.6102	1.2025	-0.0036958	-0.0099607
4.0765	1.2025	-0.0042739	-0.010958
5.5428	1.2025	0	-0
7.0091	1.2025	0	-0
8.4754	1.2025	0	-0
9.9417	1.2025	0	-0
11.408	1.2025	0	-0
12.874	1.2025	0	-0
14.341	1.2025	0	-0
15.807	1.2025	0	-0
-14.985	-0.2638	0	-0
-13.519	-0.2638	0	-0
-12.053	-0.2638	0	-0
-10.587	-0.2638	0	-0
-9.1202	-0.2638	0	-0
-7.6539	-0.2638	0	-0
-6.1876	-0.2638	0.0069774	-0.014584
-4.7213	-0.2638	0.0056387	-0.015248
-3.255	-0.2638	0.004194	-0.015481
-1.7887	-0.2638	0.0021261	-0.014998
-0.32241	-0.2638	-0.00021385	-0.014202
1.1439	-0.2638	-0.0020435	-0.014606
2.6102	-0.2638	-0.0029717	-0.015795
4.0765	-0.2638	-0.0040151	-0.016115
5.5428	-0.2638	0	-0
7.0091	-0.2638	0	-0
8.4754	-0.2638	0	-0
9.9417	-0.2638	0	-0
11.408	-0.2638	0	-0
12.874	-0.2638	0	-0
14.341	-0.2638	0	-0
15.807	-0.2638	0	-0
-14.985	-1.7301	0	-0
-13.519	-1.7301	0	-0
-12.053	-1.7301	0	-0
-10.587	-1.7301	0	-0
-9.1202	-1.7301	0	-0
-7.6539	-1.7301	0	-0
-6.1876	-1.7301	0.0064571	-0.018208
-4.7213	-1.7301	0.00531	-0.0191
-3.255	-1.7301	0.0043906	-0.01983
-1.7887	-1.7301	0.0031778	-0.01981
-0.32241	-1.7301	0.0015236	-0.019785
1.1439	-1.7301	-0.00014126	-0.021163
2.6102	-1.7301	-0.0025699	-0.020361
4.0765	-1.7301	-0.0027343	-0.02085
5.5428	-1.7301	0	-0
7.0091	-1.7301	0	-0
8.4754	-1.7301	0	-0
9.9417	-1.7301	0	-0
11.408	-1.7301	0	-0
12.874	-1.7301	0	-0
14.341	-1.7301	0	-0
15.807	-1.7301	0	-0
-14.985	-3.1964	0	-0
-13.519	-3.1964	0	-0
-12.053	-3.1964	0	-0
-10.587	-3.1964	0	-0
-9.1202	-3.1964	0	-0
-7.6539	-3.1964	0	-0
-6.1876	-3.1964	0.0044853	-0.021527
-4.7213	-3.1964	0.0036485	-0.023113
-3.255	-3.1964	0.0030704	-0.023901
-1.7887	-3.1964	0.0024502	-0.024385
-0.32241	-3.1964	0.0013031	-0.024228
1.1439	-3.1964	-0.00017361	-0.024381
2.6102	-3.1964	-0.0019306	-0.024884
4.0765	-3.1964	-0.0012753	-0.025589
5.5428	-3.1964	0	-0
7.0091	-3.1964	0	-0
8.4754	-3.1964	0	-0
9.9417	-3.1964	0	-0
11.408	-3.1964	0	-0
12.874	-3.1964	0	-0
14.341	-3.1964	0	-0
15.807	-3.1964	0	-0
-14.985	-4.6627	0	-0
-13.519	-4.6627	0	-0
-12.053	-4.6627	0	-0
-10.587	-4.6627	0	-0
-9.1202	-4.6627	0	-0
-7.6539	-4.6627	0	-0
-6.1876	-4.6627	0.0021813	-0.024727
-4.7213	-4.6627	0.00098481	-0.026716
-3.255	-4.6627	0.00024686	-0.027909
-1.7887	-4.6627	-0.00024904	-0.028451
-0.32241	-4.6627	-0.00078362	-0.028842
1.1439	-4.6627	-0.0023125	-0.029176
2.6102	-4.6627	-0.0025622	-0.029551
4.0765	-4.6627	-0.0010297	-0.029838
5.5428	-4.6627	0	-0
7.0091	-4.6627	0	-0
8.4754	-4.6627	0	-0
9.9417	-4.6627	0	-0
11.408	-4.6627	0	-0
12.874	-4.6627	0	-0
14.341	-4.6627	0	-0
15.807	-4.6627	0	-0
-14.985	-6.129	0	-0
-13.519	-6.129	0	-0
-12.053	-6.129	0	-0
-10.587	-6.129	0	-0
-9.1202	-6.129	0	-0
-7.6539	-6.129	0	-0
-6.1876	-6.129	0.00062893	-0.028315
-4.7213	-6.129	-0.0019452	-0.030509
-3.255	-6.129	-0.0031819	-0.032235
-1.7887	-6.129	-0.0034058	-0.033442
-0.32241	-6.129	-0.003671	-0.033605
1.1439	-6.129	-0.0044681	-0.033598
2.6102	-6.129	-0.0045109	-0.033739
4.0765	-6.129	-0.0016801	-0.033539
5.5428	-6.129	0	-0
7.0091	-6.129	0	-0
8.4754	-6.129	0	-0
9.9417	-6.129	0	-0
11.408	-6.129	0	-0
12.874	-6.129	0	-0
14.341	-6.129	0	-0
15.807	-6.129	0	-0
-14.985	-7.5953	0	-0
-13.519	-7.5953	0	-0
-12.053	-7.5953	0	-0
-10.587	-7.5953	0	-0
-9.1202	-7.5953	0	-0
-7.6539	-7.5953	0	-0
-6.1876	-7.5953	-0.0011132	-0.032108
-4.7213	-7.5953	-0.0039129	-0.033747
-3.255	-7.5953	-0.0056348	-0.035717
-1.7887	-7.5953	-0.0057611	-0.036599
-0.32241	-7.5953	-0.0061692	-0.036278
1.1439	-7.5953	-0.0069095	-0.036509
2.6102	-7.5953	-0.0064736	-0.036679
4.0765	-7.5953	-0.0033351	-0.036588
5.5428	-7.5953	0	-0
7.0091	-7.5953	0	-0
8.4754	-7.5953	0	-0
9.9417	-7.5953	0	-0
11.408	-7.5953	0	-0
12.874	-7.5953	0	-0
14.341	-7.5953	0	-0
15.807	-7.5953	0	-0
-14.985	-9.0616	0	-0
-13.519	-9.0616	0	-0
-12.053	-9.0616	0	-0
-10.587	-9.0616	0	-0
-9.1202	-9.0616	0	-0
-7.6539	-9.0616	0	-0
-6.1876	-9.0616	-0.0019805	-0.035998
-4.7213	-9.0616	-0.0051168	-0.037321
-3.255	-9.0616	-0.0062172	-0.038274
-1.7887	-9.0616	-0.0072999	-0.039111
-0.32241	-9.0616	-0.0080267	-0.038589
1.1439	-9.0616	-0.0081358	-0.038833
2.6102	-9.0616	-0.0089066	-0.039097
4.0765	-9.0616	-0.0043238	-0.039486
5.5428	-9.0616	0	-0
7.0091	-9.0616	0	-0
8.4754	-9.0616	0	-0
9.9417	-9.0616	0	-0
11.408	-9.0616	0	-0
12.874	-9.0616	0	-0
14.341	-9.0616	0	-0
15.807	-9.0616	0	-0
-14.985	-10.528	0	-0
-13.519	-10.528	0	-0
-12.053	-10.528	0	-0
-10.587	-10.528	0	-0
-9.1202	-10.528	0	-0
-7.6539	-10.528	0	-0
-6.1876	-10.528	-0.001627	-0.040792
-4.7213	-10.528	-0.0048235	-0.040781
-3.255	-10.528	-0.0066924	-0.041548
-1.7887	-10.528	-0.0081483	-0.042186
-0.32241	-10.528	-0.0097391	-0.042594
1.1439	-10.528	-0.0093587	-0.043177
2.6102	-10.528	-0.010433	-0.043843
4.0765	-10.528	-0.0053892	-0.043833
5.5428	-10.528	0	-0
7.0091	-10.528	0	-0
8.4754	-10.528	0	-0
9.9417	-10.528	0	-0
11.408	-10.528	0	-0
12.874	-10.528	0	-0
14.341	-10.528	0	-0
15.807	-10.528	0	-0
-14.985	-11.994	0	-0
-13.519	-11.994	0	-0
-12.053	-11.994	0	-0
-10.587	-11.994	0	-0
-9.1202	-11.994	0	-0
-7.6539	-11.994	0	-0
-6.1876	-11.994	0	-0
-4.7213	-11.994	0	-0
-3.255	-11.994	0	-0
-1.7887	-11.994	0	-0
-0.32241	-11.994	0	-0
1.1439	-11.994	0	-0
2.6102	-11.994	0	-0
4.0765	-11.994	0	-0
5.5428	-11.994	0	-0
7.0091	-11.994	0	-0
8.4754	-11.994	0	-0
9.9417	-11.994	0	-0
11.408	-11.994	0	-0
12.874	-11.994	0	-0
14.341	-11.994	0	-0
15.807	-11.994	0	-0
