#DaVis 7.4.0 2D-vector 96 22 22 "" "[mm]" "" "[mm]" "displacement" "[mm]"
-14.985	18.798	0	-0
-13.519	18.798	0	-0
-12.053	18.798	0	-0
-10.587	18.798	0	-0
-9.1202	18.798	0	-0
-7.6539	18.798	0	-0
-6.1876	18.798	-0.029073	0.021079
-4.7213	18.798	-0.028753	0.01714
-3.255	18.798	0.43517	0.7634
-1.7887	18.798	-0.02921	0.019367
-0.32241	18.798	-0.02958	0.030176
1.1439	18.798	-0.029568	0.032645
2.6102	18.798	-0.51843	0.74286
4.0765	18.798	-0.010315	-0.53102
5.5428	18.798	0	-0
7.0091	18.798	0	-0
8.4754	18.798	0	-0
9.9417	18.798	0	-0
11.408	18.798	0	-0
12.874	18.798	0	-0
14.341	18.798	0	-0
15.807	18.798	0	-0
-14.985	17.332	0	-0
-13.519	17.332	0	-0
-12.053	17.332	0	-0
-10.587	17.332	0	-0
-9.1202	17.332	0	-0
-7.6539	17.332	0	-0
-6.1876	17.332	-0.023301	0.012885
-4.7213	17.332	-0.024654	0.014262
-3.255	17.332	-0.025045	0.017829
-1.7887	17.332	-0.025628	0.020585
-0.32241	17.332	-0.026085	0.024539
1.1439	17.332	-0.02631	0.028236
2.6102	17.332	-0.026073	0.031652
4.0765	17.332	-0.0204	0.033652
5.5428	17.332	0	-0
7.0091	17.332	0	-0
8.4754	17.332	0	-0
9.9417	17.332	0	-0
11.408	17.332	0	-0
12.874	17.332	0	-0
14.341	17.332	0	-0
15.807	17.332	0	-0
-14.985	15.866	0	-0
-13.519	15.866	0	-0
-12.053	15.866	0	-0
-10.587	15.866	0	-0
-9.1202	15.866	0	-0
-7.6539	15.866	0	-0
-6.1876	15.866	-0.019975	0.0099347
-4.7213	15.866	-0.020909	0.011489
-3.255	15.866	-0.02156	0.01425
-1.7887	15.866	-0.022022	0.018101
-0.32241	15.866	-0.022339	0.022383
1.1439	15.866	-0.022766	0.025614
2.6102	15.866	-0.023627	0.028429
4.0765	15.866	-0.016996	0.031193
5.5428	15.866	0	-0
7.0091	15.866	0	-0
8.4754	15.866	0	-0
9.9417	15.866	0	-0
11.408	15.866	0	-0
12.874	15.866	0	-0
14.341	15.866	0	-0
15.807	15.866	0	-0
-14.985	14.399	0	-0
-13.519	14.399	0	-0
-12.053	14.399	0	-0
-10.587	14.399	0	-0
-9.1202	14.399	0	-0
-7.6539	14.399	0	-0
-6.1876	14.399	-0.015981	0.0074064
-4.7213	14.399	-0.017185	0.0092637
-3.255	14.399	-0.017944	0.012028
-1.7887	14.399	-0.018558	0.015614
-0.32241	14.399	-0.019135	0.019499
1.1439	14.399	-0.020715	0.02331
2.6102	14.399	-0.020282	0.026048
4.0765	14.399	-0.012631	0.028082
5.5428	14.399	0	-0
7.0091	14.399	0	-0
8.4754	14.399	0	-0
9.9417	14.399	0	-0
11.408	14.399	0	-0
12.874	14.399	0	-0
14.341	14.399	0	-0
15.807	14.399	0	-0
-14.985	12.933	0	-0
-13.519	12.933	0	-0
-12.053	12.933	0	-0
-10.587	12.933	0	-0
-9.1202	12.933	0	-0
-7.6539	12.933	0	-0
-6.1876	12.933	-0.014158	0.0041883
-4.7213	12.933	-0.014398	0.0071249
-3.255	12.933	-0.014635	0.0094499
-1.7887	12.933	-0.015396	0.012479
-0.32241	12.933	-0.016274	0.015953
1.1439	12.933	-0.017646	0.019558
2.6102	12.933	-0.017168	0.022538
4.0765	12.933	-0.014876	0.025513
5.5428	12.933	0	-0
7.0091	12.933	0	-0
8.4754	12.933	0	-0
9.9417	12.933	0	-0
11.408	12.933	0	-0
12.874	12.933	0	-0
14.341	12.933	0	-0
15.807	12.933	0	-0
-14.985	11.467	0	-0
-13.519	11.467	0	-0
-12.053	11.467	0	-0
-10.587	11.467	0	-0
-9.1202	11.467	0	-0
-7.6539	11.467	0	-0
-6.1876	11.467	-0.012243	0.0019192
-4.7213	11.467	-0.012462	0.0041922
-3.255	11.467	-0.01272	0.0068125
-1.7887	11.467	-0.012995	0.0097709
-0.32241	11.467	-0.013443	0.012952
1.1439	11.467	-0.01462	0.016288
2.6102	11.467	-0.014531	0.019712
4.0765	11.467	-0.013712	0.022693
5.5428	11.467	0	-0
7.0091	11.467	0	-0
8.4754	11.467	0	-0
9.9417	11.467	0	-0
11.408	11.467	0	-0
12.874	11.467	0	-0
14.341	11.467	0	-0
15.807	11.467	0	-0
-14.985	10	0	-0
-13.519	10	0	-0
-12.053	10	0	-0
-10.587	10	0	-0
-9.1202	10	0	-0
-7.6539	10	0	-0
-6.1876	10	-0.0097796	-0.00067263
-4.7213	10	-0.010251	0.0017904
-3.255	10	-0.010603	0.0048093
-1.7887	10	-0.010517	0.0078424
-0.32241	10	-0.010455	0.010953
1.1439	10	-0.010913	0.01432
2.6102	10	-0.011298	0.017387
4.0765	10	-0.010588	0.020187
5.5428	10	0	-0
7.0091	10	0	-0
8.4754	10	0	-0
9.9417	10	0	-0
11.408	10	0	-0
12.874	10	0	-0
14.341	10	0	-0
15.807	10	0	-0
-14.985	8.534	0	-0
-13.519	8.534	0	-0
-12.053	8.534	0	-0
-10.587	8.534	0	-0
-9.1202	8.534	0	-0
-7.6539	8.534	0	-0
-6.1876	8.534	-0.0069849	-0.0029001
-4.7213	8.534	-0.0073948	9.8416e-005
-3.255	8.534	-0.0076703	0.0033737
-1.7887	8.534	-0.0072043	0.0063337
-0.32241	8.534	-0.0071756	0.0092281
1.1439	8.534	-0.0071194	0.012106
2.6102	8.534	-0.0075566	0.01451
4.0765	8.534	-0.0075679	0.017757
5.5428	8.534	0	-0
7.0091	8.534	0	-0
8.4754	8.534	0	-0
9.9417	8.534	0	-0
11.408	8.534	0	-0
12.874	8.534	0	-0
14.341	8.534	0	-0
15.807	8.534	0	-0
-14.985	7.0677	0	-0
-13.519	7.0677	0	-0
-12.053	7.0677	0	-0
-10.587	7.0677	0	-0
-9.1202	7.0677	0	-0
-7.6539	7.0677	0	-0
-6.1876	7.0677	-0.0039136	-0.0049878
-4.7213	7.0677	-0.004076	-0.002037
-3.255	7.0677	-0.0043181	0.0012761
-1.7887	7.0677	-0.0042232	0.0043321
-0.32241	7.0677	-0.0040711	0.0068799
1.1439	7.0677	-0.0042162	0.0095118
2.6102	7.0677	-0.004565	0.011752
4.0765	7.0677	-0.0050794	0.014037
5.5428	7.0677	0	-0
7.0091	7.0677	0	-0
8.4754	7.0677	0	-0
9.9417	7.0677	0	-0
11.408	7.0677	0	-0
12.874	7.0677	0	-0
14.341	7.0677	0	-0
15.807	7.0677	0	-0
-14.985	5.6014	0	-0
-13.519	5.6014	0	-0
-12.053	5.6014	0	-0
-10.587	5.6014	0	-0
-9.1202	5.6014	0	-0
-7.6539	5.6014	0	-0
-6.1876	5.6014	-0.00084526	-0.0070322
-4.7213	5.6014	-0.0010556	-0.0041109
-3.255	5.6014	-0.0011299	-0.00089678
-1.7887	5.6014	-0.0012085	0.0022315
-0.32241	5.6014	-0.001572	0.0047855
1.1439	5.6014	-0.0016814	0.0067924
2.6102	5.6014	-0.0024255	0.0087607
4.0765	5.6014	-0.0032688	0.0097239
5.5428	5.6014	0	-0
7.0091	5.6014	0	-0
8.4754	5.6014	0	-0
9.9417	5.6014	0	-0
11.408	5.6014	0	-0
12.874	5.6014	0	-0
14.341	5.6014	0	-0
15.807	5.6014	0	-0
-14.985	4.1351	0	-0
-13.519	4.1351	0	-0
-12.053	4.1351	0	-0
-10.587	4.1351	0	-0
-9.1202	4.1351	0	-0
-7.6539	4.1351	0	-0
-6.1876	4.1351	0.0019547	-0.0088999
-4.7213	4.1351	0.0022084	-0.0059819
-3.255	4.1351	0.0016897	-0.0033209
-1.7887	4.1351	0.0012505	-0.00037613
-0.32241	4.1351	0.00062661	0.0022303
1.1439	4.1351	0.0002864	0.0041816
2.6102	4.1351	-0.0010849	0.0056857
4.0765	4.1351	-0.0025806	0.0073816
5.5428	4.1351	0	-0
7.0091	4.1351	0	-0
8.4754	4.1351	0	-0
9.9417	4.1351	0	-0
11.408	4.1351	0	-0
12.874	4.1351	0	-0
14.341	4.1351	0	-0
15.807	4.1351	0	-0
-14.985	2.6688	0	-0
-13.519	2.6688	0	-0
-12.053	2.6688	0	-0
-10.587	2.6688	0	-0
-9.1202	2.6688	0	-0
-7.6539	2.6688	0	-0
-6.1876	2.6688	0.0043457	-0.011207
-4.7213	2.6688	0.0046935	-0.0086333
-3.255	2.6688	0.0039585	-0.0064236
-1.7887	2.6688	0.002851	-0.0039349
-0.32241	2.6688	0.0019376	-0.0017574
1.1439	2.6688	0.0010405	-0.00014352
2.6102	2.6688	-0.00027018	0.0019116
4.0765	2.6688	-0.0027895	0.0035827
5.5428	2.6688	0	-0
7.0091	2.6688	0	-0
8.4754	2.6688	0	-0
9.9417	2.6688	0	-0
11.408	2.6688	0	-0
12.874	2.6688	0	-0
14.341	2.6688	0	-0
15.807	2.6688	0	-0
-14.985	1.2025	0	-0
-13.519	1.2025	0	-0
-12.053	1.2025	0	-0
-10.587	1.2025	0	-0
-9.1202	1.2025	0	-0
-7.6539	1.2025	0	-0
-6.1876	1.2025	0.0058425	-0.013587
-4.7213	1.2025	0.0070124	-0.011592
-3.255	1.2025	0.0058718	-0.009708
-1.7887	1.2025	0.0045813	-0.0072443
-0.32241	1.2025	0.0033072	-0.0048129
1.1439	1.2025	0.0019406	-0.0031844
2.6102	1.2025	0.0011972	-0.0018476
4.0765	1.2025	-0.0019938	-0.00039205
5.5428	1.2025	0	-0
7.0091	1.2025	0	-0
8.4754	1.2025	0	-0
9.9417	1.2025	0	-0
11.408	1.2025	0	-0
12.874	1.2025	0	-0
14.341	1.2025	0	-0
15.807	1.2025	0	-0
-14.985	-0.2638	0	-0
-13.519	-0.2638	0	-0
-12.053	-0.2638	0	-0
-10.587	-0.2638	0	-0
-9.1202	-0.2638	0	-0
-7.6539	-0.2638	0	-0
-6.1876	-0.2638	0.0082352	-0.016452
-4.7213	-0.2638	0.0089754	-0.014701
-3.255	-0.2638	0.0084204	-0.012815
-1.7887	-0.2638	0.0068781	-0.010963
-0.32241	-0.2638	0.0053504	-0.0085208
1.1439	-0.2638	0.0045684	-0.0070979
2.6102	-0.2638	0.003032	-0.005783
4.0765	-0.2638	-0.00057949	-0.0040079
5.5428	-0.2638	0	-0
7.0091	-0.2638	0	-0
8.4754	-0.2638	0	-0
9.9417	-0.2638	0	-0
11.408	-0.2638	0	-0
12.874	-0.2638	0	-0
14.341	-0.2638	0	-0
15.807	-0.2638	0	-0
-14.985	-1.7301	0	-0
-13.519	-1.7301	0	-0
-12.053	-1.7301	0	-0
-10.587	-1.7301	0	-0
-9.1202	-1.7301	0	-0
-7.6539	-1.7301	0	-0
-6.1876	-1.7301	0.0088376	-0.019127
-4.7213	-1.7301	0.010469	-0.017342
-3.255	-1.7301	0.010338	-0.01595
-1.7887	-1.7301	0.0094522	-0.014213
-0.32241	-1.7301	0.0083073	-0.012172
1.1439	-1.7301	0.007832	-0.011711
2.6102	-1.7301	0.005547	-0.008671
4.0765	-1.7301	0.0013623	-0.0069631
5.5428	-1.7301	0	-0
7.0091	-1.7301	0	-0
8.4754	-1.7301	0	-0
9.9417	-1.7301	0	-0
11.408	-1.7301	0	-0
12.874	-1.7301	0	-0
14.341	-1.7301	0	-0
15.807	-1.7301	0	-0
-14.985	-3.1964	0	-0
-13.519	-3.1964	0	-0
-12.053	-3.1964	0	-0
-10.587	-3.1964	0	-0
-9.1202	-3.1964	0	-0
-7.6539	-3.1964	0	-0
-6.1876	-3.1964	0.0056517	-0.02136
-4.7213	-3.1964	0.011486	-0.020277
-3.255	-3.1964	0.011386	-0.018947
-1.7887	-3.1964	0.010778	-0.017447
-0.32241	-3.1964	0.010031	-0.015346
1.1439	-3.1964	0.010002	-0.012832
2.6102	-3.1964	0.0085962	-0.011649
4.0765	-3.1964	0.001299	-0.0096512
5.5428	-3.1964	0	-0
7.0091	-3.1964	0	-0
8.4754	-3.1964	0	-0
9.9417	-3.1964	0	-0
11.408	-3.1964	0	-0
12.874	-3.1964	0	-0
14.341	-3.1964	0	-0
15.807	-3.1964	0	-0
-14.985	-4.6627	0	-0
-13.519	-4.6627	0	-0
-12.053	-4.6627	0	-0
-10.587	-4.6627	0	-0
-9.1202	-4.6627	0	-0
-7.6539	-4.6627	0	-0
-6.1876	-4.6627	0.0087693	-0.022694
-4.7213	-4.6627	0.011439	-0.02234
-3.255	-4.6627	0.011445	-0.021564
-1.7887	-4.6627	0.010802	-0.020246
-0.32241	-4.6627	0.0108	-0.018595
1.1439	-4.6627	0.010757	-0.016772
2.6102	-4.6627	0.0093825	-0.014787
4.0765	-4.6627	-0.0020807	-0.012956
5.5428	-4.6627	0	-0
7.0091	-4.6627	0	-0
8.4754	-4.6627	0	-0
9.9417	-4.6627	0	-0
11.408	-4.6627	0	-0
12.874	-4.6627	0	-0
14.341	-4.6627	0	-0
15.807	-4.6627	0	-0
-14.985	-6.129	0	-0
-13.519	-6.129	0	-0
-12.053	-6.129	0	-0
-10.587	-6.129	0	-0
-9.1202	-6.129	0	-0
-7.6539	-6.129	0	-0
-6.1876	-6.129	0.0042745	-0.025528
-4.7213	-6.129	0.011102	-0.024811
-3.255	-6.129	0.011487	-0.024178
-1.7887	-6.129	0.01061	-0.023368
-0.32241	-6.129	0.010646	-0.021569
1.1439	-6.129	0.011188	-0.019603
2.6102	-6.129	0.0099338	-0.017717
4.0765	-6.129	-0.0051783	-0.015193
5.5428	-6.129	0	-0
7.0091	-6.129	0	-0
8.4754	-6.129	0	-0
9.9417	-6.129	0	-0
11.408	-6.129	0	-0
12.874	-6.129	0	-0
14.341	-6.129	0	-0
15.807	-6.129	0	-0
-14.985	-7.5953	0	-0
-13.519	-7.5953	0	-0
-12.053	-7.5953	0	-0
-10.587	-7.5953	0	-0
-9.1202	-7.5953	0	-0
-7.6539	-7.5953	0	-0
-6.1876	-7.5953	0.0017422	-0.028365
-4.7213	-7.5953	0.011627	-0.027229
-3.255	-7.5953	0.011767	-0.026495
-1.7887	-7.5953	0.010903	-0.025508
-0.32241	-7.5953	0.010838	-0.023459
1.1439	-7.5953	0.011558	-0.021552
2.6102	-7.5953	0.0097375	-0.019988
4.0765	-7.5953	-0.0031152	-0.01785
5.5428	-7.5953	0	-0
7.0091	-7.5953	0	-0
8.4754	-7.5953	0	-0
9.9417	-7.5953	0	-0
11.408	-7.5953	0	-0
12.874	-7.5953	0	-0
14.341	-7.5953	0	-0
15.807	-7.5953	0	-0
-14.985	-9.0616	0	-0
-13.519	-9.0616	0	-0
-12.053	-9.0616	0	-0
-10.587	-9.0616	0	-0
-9.1202	-9.0616	0	-0
-7.6539	-9.0616	0	-0
-6.1876	-9.0616	0.0028394	-0.030746
-4.7213	-9.0616	0.012314	-0.029447
-3.255	-9.0616	0.012527	-0.028408
-1.7887	-9.0616	0.012102	-0.027211
-0.32241	-9.0616	0.012159	-0.0251
1.1439	-9.0616	0.011626	-0.023193
2.6102	-9.0616	0.011033	-0.021551
4.0765	-9.0616	-0.0035238	-0.019976
5.5428	-9.0616	0	-0
7.0091	-9.0616	0	-0
8.4754	-9.0616	0	-0
9.9417	-9.0616	0	-0
11.408	-9.0616	0	-0
12.874	-9.0616	0	-0
14.341	-9.0616	0	-0
15.807	-9.0616	0	-0
-14.985	-10.528	0	-0
-13.519	-10.528	0	-0
-12.053	-10.528	0	-0
-10.587	-10.528	0	-0
-9.1202	-10.528	0	-0
-7.6539	-10.528	0	-0
-6.1876	-10.528	0.0016064	-0.034015
-4.7213	-10.528	0.012607	-0.031965
-3.255	-10.528	0.01385	-0.030607
-1.7887	-10.528	0.013692	-0.02932
-0.32241	-10.528	0.013168	-0.027649
1.1439	-10.528	0.012481	-0.026371
2.6102	-10.528	0.011838	-0.024668
4.0765	-10.528	-0.0043764	-0.022127
5.5428	-10.528	0	-0
7.0091	-10.528	0	-0
8.4754	-10.528	0	-0
9.9417	-10.528	0	-0
11.408	-10.528	0	-0
12.874	-10.528	0	-0
14.341	-10.528	0	-0
15.807	-10.528	0	-0
-14.985	-11.994	0	-0
-13.519	-11.994	0	-0
-12.053	-11.994	0	-0
-10.587	-11.994	0	-0
-9.1202	-11.994	0	-0
-7.6539	-11.994	0	-0
-6.1876	-11.994	0	-0
-4.7213	-11.994	0	-0
-3.255	-11.994	0	-0
-1.7887	-11.994	0	-0
-0.32241	-11.994	0	-0
1.1439	-11.994	0	-0
2.6102	-11.994	0	-0
4.0765	-11.994	0	-0
5.5428	-11.994	0	-0
7.0091	-11.994	0	-0
8.4754	-11.994	0	-0
9.9417	-11.994	0	-0
11.408	-11.994	0	-0
12.874	-11.994	0	-0
14.341	-11.994	0	-0
15.807	-11.994	0	-0
