#DaVis 7.4.0 2D-vector 96 22 22 "" "[mm]" "" "[mm]" "displacement" "[mm]"
-14.985	18.798	0	-0
-13.519	18.798	0	-0
-12.053	18.798	0	-0
-10.587	18.798	0	-0
-9.1202	18.798	0	-0
-7.6539	18.798	0	-0
-6.1876	18.798	-0.014018	0.024815
-4.7213	18.798	-0.012337	0.020211
-3.255	18.798	0.45512	0.78745
-1.7887	18.798	-0.013681	0.028701
-0.32241	18.798	-0.013599	0.035236
1.1439	18.798	-0.013978	0.040822
2.6102	18.798	0.7363	0.88676
4.0765	18.798	0.007594	-0.7686
5.5428	18.798	0	-0
7.0091	18.798	0	-0
8.4754	18.798	0	-0
9.9417	18.798	0	-0
11.408	18.798	0	-0
12.874	18.798	0	-0
14.341	18.798	0	-0
15.807	18.798	0	-0
-14.985	17.332	0	-0
-13.519	17.332	0	-0
-12.053	17.332	0	-0
-10.587	17.332	0	-0
-9.1202	17.332	0	-0
-7.6539	17.332	0	-0
-6.1876	17.332	-0.0075907	0.026313
-4.7213	17.332	-0.0093439	0.026177
-3.255	17.332	-0.010371	0.02787
-1.7887	17.332	-0.010849	0.029423
-0.32241	17.332	-0.011548	0.032596
1.1439	17.332	-0.012213	0.034675
2.6102	17.332	-0.012464	0.035962
4.0765	17.332	-0.0061413	0.035229
5.5428	17.332	0	-0
7.0091	17.332	0	-0
8.4754	17.332	0	-0
9.9417	17.332	0	-0
11.408	17.332	0	-0
12.874	17.332	0	-0
14.341	17.332	0	-0
15.807	17.332	0	-0
-14.985	15.866	0	-0
-13.519	15.866	0	-0
-12.053	15.866	0	-0
-10.587	15.866	0	-0
-9.1202	15.866	0	-0
-7.6539	15.866	0	-0
-6.1876	15.866	-0.00558	0.022344
-4.7213	15.866	-0.0068557	0.022576
-3.255	15.866	-0.007828	0.023534
-1.7887	15.866	-0.008424	0.025885
-0.32241	15.866	-0.0092948	0.029563
1.1439	15.866	-0.010166	0.031223
2.6102	15.866	-0.011187	0.032365
4.0765	15.866	-0.0040088	0.032091
5.5428	15.866	0	-0
7.0091	15.866	0	-0
8.4754	15.866	0	-0
9.9417	15.866	0	-0
11.408	15.866	0	-0
12.874	15.866	0	-0
14.341	15.866	0	-0
15.807	15.866	0	-0
-14.985	14.399	0	-0
-13.519	14.399	0	-0
-12.053	14.399	0	-0
-10.587	14.399	0	-0
-9.1202	14.399	0	-0
-7.6539	14.399	0	-0
-6.1876	14.399	-0.0027827	0.019646
-4.7213	14.399	-0.0043929	0.019391
-3.255	14.399	-0.0052676	0.020492
-1.7887	14.399	-0.0062659	0.022676
-0.32241	14.399	-0.0072888	0.025091
1.1439	14.399	-0.0095203	0.027684
2.6102	14.399	-0.0092677	0.028933
4.0765	14.399	-0.0020621	0.028381
5.5428	14.399	0	-0
7.0091	14.399	0	-0
8.4754	14.399	0	-0
9.9417	14.399	0	-0
11.408	14.399	0	-0
12.874	14.399	0	-0
14.341	14.399	0	-0
15.807	14.399	0	-0
-14.985	12.933	0	-0
-13.519	12.933	0	-0
-12.053	12.933	0	-0
-10.587	12.933	0	-0
-9.1202	12.933	0	-0
-7.6539	12.933	0	-0
-6.1876	12.933	-0.0022686	0.015498
-4.7213	12.933	-0.0032582	0.01614
-3.255	12.933	-0.0036245	0.016813
-1.7887	12.933	-0.0047425	0.018344
-0.32241	12.933	-0.0061787	0.020442
1.1439	12.933	-0.0080961	0.022713
2.6102	12.933	-0.007872	0.024432
4.0765	12.933	-0.004769	0.025565
5.5428	12.933	0	-0
7.0091	12.933	0	-0
8.4754	12.933	0	-0
9.9417	12.933	0	-0
11.408	12.933	0	-0
12.874	12.933	0	-0
14.341	12.933	0	-0
15.807	12.933	0	-0
-14.985	11.467	0	-0
-13.519	11.467	0	-0
-12.053	11.467	0	-0
-10.587	11.467	0	-0
-9.1202	11.467	0	-0
-7.6539	11.467	0	-0
-6.1876	11.467	-0.0024575	0.012234
-4.7213	11.467	-0.003334	0.012366
-3.255	11.467	-0.0037251	0.013125
-1.7887	11.467	-0.0043067	0.014523
-0.32241	11.467	-0.0050947	0.016258
1.1439	11.467	-0.0070756	0.018066
2.6102	11.467	-0.0067654	0.020136
4.0765	11.467	-0.0040886	0.021445
5.5428	11.467	0	-0
7.0091	11.467	0	-0
8.4754	11.467	0	-0
9.9417	11.467	0	-0
11.408	11.467	0	-0
12.874	11.467	0	-0
14.341	11.467	0	-0
15.807	11.467	0	-0
-14.985	10	0	-0
-13.519	10	0	-0
-12.053	10	0	-0
-10.587	10	0	-0
-9.1202	10	0	-0
-7.6539	10	0	-0
-6.1876	10	-0.0021543	0.0089957
-4.7213	10	-0.0030974	0.0092463
-3.255	10	-0.0036633	0.010262
-1.7887	10	-0.0036641	0.012006
-0.32241	10	-0.0036688	0.013607
1.1439	10	-0.0045798	0.015432
2.6102	10	-0.0047144	0.016756
4.0765	10	-0.0022079	0.017852
5.5428	10	0	-0
7.0091	10	0	-0
8.4754	10	0	-0
9.9417	10	0	-0
11.408	10	0	-0
12.874	10	0	-0
14.341	10	0	-0
15.807	10	0	-0
-14.985	8.534	0	-0
-13.519	8.534	0	-0
-12.053	8.534	0	-0
-10.587	8.534	0	-0
-9.1202	8.534	0	-0
-7.6539	8.534	0	-0
-6.1876	8.534	-0.0010778	0.0059853
-4.7213	8.534	-0.0016786	0.0068859
-3.255	8.534	-0.0022679	0.0084636
-1.7887	8.534	-0.0017365	0.010034
-0.32241	8.534	-0.0016208	0.011411
1.1439	8.534	-0.0016956	0.012602
2.6102	8.534	-0.0023758	0.013065
4.0765	8.534	-0.00090178	0.014368
5.5428	8.534	0	-0
7.0091	8.534	0	-0
8.4754	8.534	0	-0
9.9417	8.534	0	-0
11.408	8.534	0	-0
12.874	8.534	0	-0
14.341	8.534	0	-0
15.807	8.534	0	-0
-14.985	7.0677	0	-0
-13.519	7.0677	0	-0
-12.053	7.0677	0	-0
-10.587	7.0677	0	-0
-9.1202	7.0677	0	-0
-7.6539	7.0677	0	-0
-6.1876	7.0677	0.0005892	0.0029418
-4.7213	7.0677	0.00026542	0.0040268
-3.255	7.0677	-0.0001916	0.0056799
-1.7887	7.0677	-0.00021736	0.0072525
-0.32241	7.0677	-3.466e-005	0.0081796
1.1439	7.0677	-0.00042998	0.0090421
2.6102	7.0677	-0.00084784	0.0094319
4.0765	7.0677	-0.00017536	0.0092563
5.5428	7.0677	0	-0
7.0091	7.0677	0	-0
8.4754	7.0677	0	-0
9.9417	7.0677	0	-0
11.408	7.0677	0	-0
12.874	7.0677	0	-0
14.341	7.0677	0	-0
15.807	7.0677	0	-0
-14.985	5.6014	0	-0
-13.519	5.6014	0	-0
-12.053	5.6014	0	-0
-10.587	5.6014	0	-0
-9.1202	5.6014	0	-0
-7.6539	5.6014	0	-0
-6.1876	5.6014	0.0022263	0.00012988
-4.7213	5.6014	0.0016703	0.0011295
-3.255	5.6014	0.0014661	0.0026555
-1.7887	5.6014	0.001205	0.0042335
-0.32241	5.6014	0.00072568	0.004898
1.1439	5.6014	0.00013559	0.0050002
2.6102	5.6014	-0.00072939	0.0052713
4.0765	5.6014	-0.0001612	0.0043588
5.5428	5.6014	0	-0
7.0091	5.6014	0	-0
8.4754	5.6014	0	-0
9.9417	5.6014	0	-0
11.408	5.6014	0	-0
12.874	5.6014	0	-0
14.341	5.6014	0	-0
15.807	5.6014	0	-0
-14.985	4.1351	0	-0
-13.519	4.1351	0	-0
-12.053	4.1351	0	-0
-10.587	4.1351	0	-0
-9.1202	4.1351	0	-0
-7.6539	4.1351	0	-0
-6.1876	4.1351	0.0040086	-0.0025009
-4.7213	4.1351	0.0034291	-0.0014513
-3.255	4.1351	0.0026534	-0.00054616
-1.7887	4.1351	0.0018134	0.00084143
-0.32241	4.1351	0.0011059	0.0016689
1.1439	4.1351	0.00019202	0.001434
2.6102	4.1351	-0.0014719	0.0008436
4.0765	4.1351	-0.0016119	0.00042661
5.5428	4.1351	0	-0
7.0091	4.1351	0	-0
8.4754	4.1351	0	-0
9.9417	4.1351	0	-0
11.408	4.1351	0	-0
12.874	4.1351	0	-0
14.341	4.1351	0	-0
15.807	4.1351	0	-0
-14.985	2.6688	0	-0
-13.519	2.6688	0	-0
-12.053	2.6688	0	-0
-10.587	2.6688	0	-0
-9.1202	2.6688	0	-0
-7.6539	2.6688	0	-0
-6.1876	2.6688	0.0047717	-0.0054293
-4.7213	2.6688	0.0041284	-0.0048165
-3.255	2.6688	0.0030879	-0.0044186
-1.7887	2.6688	0.0015569	-0.0036124
-0.32241	2.6688	0.00040799	-0.0032705
1.1439	2.6688	-0.001328	-0.0037988
2.6102	2.6688	-0.0027921	-0.0037988
4.0765	2.6688	-0.0033918	-0.0043976
5.5428	2.6688	0	-0
7.0091	2.6688	0	-0
8.4754	2.6688	0	-0
9.9417	2.6688	0	-0
11.408	2.6688	0	-0
12.874	2.6688	0	-0
14.341	2.6688	0	-0
15.807	2.6688	0	-0
-14.985	1.2025	0	-0
-13.519	1.2025	0	-0
-12.053	1.2025	0	-0
-10.587	1.2025	0	-0
-9.1202	1.2025	0	-0
-7.6539	1.2025	0	-0
-6.1876	1.2025	0.0056118	-0.0084145
-4.7213	1.2025	0.0045161	-0.0086602
-3.255	1.2025	0.0029381	-0.0088865
-1.7887	1.2025	0.0011147	-0.0079305
-0.32241	1.2025	-0.00062383	-0.0072754
1.1439	1.2025	-0.0027827	-0.0075584
2.6102	1.2025	-0.0035713	-0.0086394
4.0765	1.2025	-0.0039778	-0.0097099
5.5428	1.2025	0	-0
7.0091	1.2025	0	-0
8.4754	1.2025	0	-0
9.9417	1.2025	0	-0
11.408	1.2025	0	-0
12.874	1.2025	0	-0
14.341	1.2025	0	-0
15.807	1.2025	0	-0
-14.985	-0.2638	0	-0
-13.519	-0.2638	0	-0
-12.053	-0.2638	0	-0
-10.587	-0.2638	0	-0
-9.1202	-0.2638	0	-0
-7.6539	-0.2638	0	-0
-6.1876	-0.2638	0.005854	-0.012198
-4.7213	-0.2638	0.0046759	-0.012924
-3.255	-0.2638	0.0033354	-0.013291
-1.7887	-0.2638	0.0014635	-0.012965
-0.32241	-0.2638	-0.00061568	-0.01235
1.1439	-0.2638	-0.0022789	-0.01307
2.6102	-0.2638	-0.0030268	-0.014147
4.0765	-0.2638	-0.0036613	-0.014456
5.5428	-0.2638	0	-0
7.0091	-0.2638	0	-0
8.4754	-0.2638	0	-0
9.9417	-0.2638	0	-0
11.408	-0.2638	0	-0
12.874	-0.2638	0	-0
14.341	-0.2638	0	-0
15.807	-0.2638	0	-0
-14.985	-1.7301	0	-0
-13.519	-1.7301	0	-0
-12.053	-1.7301	0	-0
-10.587	-1.7301	0	-0
-9.1202	-1.7301	0	-0
-7.6539	-1.7301	0	-0
-6.1876	-1.7301	0.0053113	-0.015592
-4.7213	-1.7301	0.0041924	-0.016585
-3.255	-1.7301	0.0033825	-0.017323
-1.7887	-1.7301	0.0023398	-0.017457
-0.32241	-1.7301	0.0008961	-0.017662
1.1439	-1.7301	-0.00072403	-0.019794
2.6102	-1.7301	-0.0028251	-0.018361
4.0765	-1.7301	-0.0024442	-0.018918
5.5428	-1.7301	0	-0
7.0091	-1.7301	0	-0
8.4754	-1.7301	0	-0
9.9417	-1.7301	0	-0
11.408	-1.7301	0	-0
12.874	-1.7301	0	-0
14.341	-1.7301	0	-0
15.807	-1.7301	0	-0
-14.985	-3.1964	0	-0
-13.519	-3.1964	0	-0
-12.053	-3.1964	0	-0
-10.587	-3.1964	0	-0
-9.1202	-3.1964	0	-0
-7.6539	-3.1964	0	-0
-6.1876	-3.1964	0.0034154	-0.018796
-4.7213	-3.1964	0.0025756	-0.020287
-3.255	-3.1964	0.0020515	-0.021143
-1.7887	-3.1964	0.0014861	-0.021671
-0.32241	-3.1964	0.00050237	-0.021575
1.1439	-3.1964	-0.00087342	-0.022076
2.6102	-3.1964	-0.0025101	-0.022267
4.0765	-3.1964	-0.0011115	-0.023009
5.5428	-3.1964	0	-0
7.0091	-3.1964	0	-0
8.4754	-3.1964	0	-0
9.9417	-3.1964	0	-0
11.408	-3.1964	0	-0
12.874	-3.1964	0	-0
14.341	-3.1964	0	-0
15.807	-3.1964	0	-0
-14.985	-4.6627	0	-0
-13.519	-4.6627	0	-0
-12.053	-4.6627	0	-0
-10.587	-4.6627	0	-0
-9.1202	-4.6627	0	-0
-7.6539	-4.6627	0	-0
-6.1876	-4.6627	0.0012718	-0.021487
-4.7213	-4.6627	-8.8769e-005	-0.0234
-3.255	-4.6627	-0.00078501	-0.024684
-1.7887	-4.6627	-0.0011874	-0.025215
-0.32241	-4.6627	-0.0015596	-0.025609
1.1439	-4.6627	-0.0030105	-0.026041
2.6102	-4.6627	-0.0031533	-0.026484
4.0765	-4.6627	-0.00093464	-0.026952
5.5428	-4.6627	0	-0
7.0091	-4.6627	0	-0
8.4754	-4.6627	0	-0
9.9417	-4.6627	0	-0
11.408	-4.6627	0	-0
12.874	-4.6627	0	-0
14.341	-4.6627	0	-0
15.807	-4.6627	0	-0
-14.985	-6.129	0	-0
-13.519	-6.129	0	-0
-12.053	-6.129	0	-0
-10.587	-6.129	0	-0
-9.1202	-6.129	0	-0
-7.6539	-6.129	0	-0
-6.1876	-6.129	7.3242e-006	-0.02467
-4.7213	-6.129	-0.0028214	-0.026741
-3.255	-6.129	-0.004155	-0.028558
-1.7887	-6.129	-0.0042348	-0.029779
-0.32241	-6.129	-0.0044733	-0.030019
1.1439	-6.129	-0.0052924	-0.030062
2.6102	-6.129	-0.0050656	-0.030348
4.0765	-6.129	-0.0015516	-0.030194
5.5428	-6.129	0	-0
7.0091	-6.129	0	-0
8.4754	-6.129	0	-0
9.9417	-6.129	0	-0
11.408	-6.129	0	-0
12.874	-6.129	0	-0
14.341	-6.129	0	-0
15.807	-6.129	0	-0
-14.985	-7.5953	0	-0
-13.519	-7.5953	0	-0
-12.053	-7.5953	0	-0
-10.587	-7.5953	0	-0
-9.1202	-7.5953	0	-0
-7.6539	-7.5953	0	-0
-6.1876	-7.5953	-0.0016551	-0.028231
-4.7213	-7.5953	-0.0046339	-0.029874
-3.255	-7.5953	-0.0063581	-0.031891
-1.7887	-7.5953	-0.0064273	-0.032869
-0.32241	-7.5953	-0.0066651	-0.032599
1.1439	-7.5953	-0.0076733	-0.032805
2.6102	-7.5953	-0.0069835	-0.033117
4.0765	-7.5953	-0.0033975	-0.033109
5.5428	-7.5953	0	-0
7.0091	-7.5953	0	-0
8.4754	-7.5953	0	-0
9.9417	-7.5953	0	-0
11.408	-7.5953	0	-0
12.874	-7.5953	0	-0
14.341	-7.5953	0	-0
15.807	-7.5953	0	-0
-14.985	-9.0616	0	-0
-13.519	-9.0616	0	-0
-12.053	-9.0616	0	-0
-10.587	-9.0616	0	-0
-9.1202	-9.0616	0	-0
-7.6539	-9.0616	0	-0
-6.1876	-9.0616	-0.0023034	-0.031888
-4.7213	-9.0616	-0.005852	-0.03339
-3.255	-9.0616	-0.006992	-0.034248
-1.7887	-9.0616	-0.0079745	-0.035074
-0.32241	-9.0616	-0.0087318	-0.034674
1.1439	-9.0616	-0.0088117	-0.03484
2.6102	-9.0616	-0.0095996	-0.035216
4.0765	-9.0616	-0.0045322	-0.035796
5.5428	-9.0616	0	-0
7.0091	-9.0616	0	-0
8.4754	-9.0616	0	-0
9.9417	-9.0616	0	-0
11.408	-9.0616	0	-0
12.874	-9.0616	0	-0
14.341	-9.0616	0	-0
15.807	-9.0616	0	-0
-14.985	-10.528	0	-0
-13.519	-10.528	0	-0
-12.053	-10.528	0	-0
-10.587	-10.528	0	-0
-9.1202	-10.528	0	-0
-7.6539	-10.528	0	-0
-6.1876	-10.528	-0.0019476	-0.036037
-4.7213	-10.528	-0.0056675	-0.036374
-3.255	-10.528	-0.0076314	-0.037183
-1.7887	-10.528	-0.00905	-0.037648
-0.32241	-10.528	-0.010448	-0.038207
1.1439	-10.528	-0.010219	-0.038633
2.6102	-10.528	-0.01121	-0.039074
4.0765	-10.528	-0.0058325	-0.039632
5.5428	-10.528	0	-0
7.0091	-10.528	0	-0
8.4754	-10.528	0	-0
9.9417	-10.528	0	-0
11.408	-10.528	0	-0
12.874	-10.528	0	-0
14.341	-10.528	0	-0
15.807	-10.528	0	-0
-14.985	-11.994	0	-0
-13.519	-11.994	0	-0
-12.053	-11.994	0	-0
-10.587	-11.994	0	-0
-9.1202	-11.994	0	-0
-7.6539	-11.994	0	-0
-6.1876	-11.994	0	-0
-4.7213	-11.994	0	-0
-3.255	-11.994	0	-0
-1.7887	-11.994	0	-0
-0.32241	-11.994	0	-0
1.1439	-11.994	0	-0
2.6102	-11.994	0	-0
4.0765	-11.994	0	-0
5.5428	-11.994	0	-0
7.0091	-11.994	0	-0
8.4754	-11.994	0	-0
9.9417	-11.994	0	-0
11.408	-11.994	0	-0
12.874	-11.994	0	-0
14.341	-11.994	0	-0
15.807	-11.994	0	-0
