#DaVis 7.4.0 2D-vector 96 22 22 "" "[mm]" "" "[mm]" "displacement" "[mm]"
-14.985	18.798	0	-0
-13.519	18.798	0	-0
-12.053	18.798	0	-0
-10.587	18.798	0	-0
-9.1202	18.798	0	-0
-7.6539	18.798	0	-0
-6.1876	18.798	-0.0013295	0.0059479
-4.7213	18.798	-0.0016457	0.0083077
-3.255	18.798	-0.0018146	0.0058146
-1.7887	18.798	-0.0020605	0.0089441
-0.32241	18.798	-0.0019528	0.0075395
1.1439	18.798	-0.0018229	0.00668
2.6102	18.798	-0.001869	0.0050958
4.0765	18.798	-0.0022906	0.0025904
5.5428	18.798	0	-0
7.0091	18.798	0	-0
8.4754	18.798	0	-0
9.9417	18.798	0	-0
11.408	18.798	0	-0
12.874	18.798	0	-0
14.341	18.798	0	-0
15.807	18.798	0	-0
-14.985	17.332	0	-0
-13.519	17.332	0	-0
-12.053	17.332	0	-0
-10.587	17.332	0	-0
-9.1202	17.332	0	-0
-7.6539	17.332	0	-0
-6.1876	17.332	-0.00082721	0.0071373
-4.7213	17.332	-0.001138	0.0067943
-3.255	17.332	-0.0013608	0.0070462
-1.7887	17.332	-0.0015481	0.0072997
-0.32241	17.332	-0.0016077	0.0078723
1.1439	17.332	-0.0016411	0.0082198
2.6102	17.332	-0.0018361	0.0083606
4.0765	17.332	-0.0020602	0.0074005
5.5428	17.332	0	-0
7.0091	17.332	0	-0
8.4754	17.332	0	-0
9.9417	17.332	0	-0
11.408	17.332	0	-0
12.874	17.332	0	-0
14.341	17.332	0	-0
15.807	17.332	0	-0
-14.985	15.866	0	-0
-13.519	15.866	0	-0
-12.053	15.866	0	-0
-10.587	15.866	0	-0
-9.1202	15.866	0	-0
-7.6539	15.866	0	-0
-6.1876	15.866	-0.00046329	0.0060924
-4.7213	15.866	-0.00064591	0.0060255
-3.255	15.866	-0.00084665	0.0061177
-1.7887	15.866	-0.0010851	0.0064836
-0.32241	15.866	-0.0011832	0.0074792
1.1439	15.866	-0.0013123	0.0075955
2.6102	15.866	-0.001615	0.0073565
4.0765	15.866	-0.0019467	0.0072344
5.5428	15.866	0	-0
7.0091	15.866	0	-0
8.4754	15.866	0	-0
9.9417	15.866	0	-0
11.408	15.866	0	-0
12.874	15.866	0	-0
14.341	15.866	0	-0
15.807	15.866	0	-0
-14.985	14.399	0	-0
-13.519	14.399	0	-0
-12.053	14.399	0	-0
-10.587	14.399	0	-0
-9.1202	14.399	0	-0
-7.6539	14.399	0	-0
-6.1876	14.399	-7.941e-005	0.0052878
-4.7213	14.399	-0.00024586	0.0052496
-3.255	14.399	-0.0003646	0.0051622
-1.7887	14.399	-0.00045358	0.0055215
-0.32241	14.399	-0.00076288	0.0059907
1.1439	14.399	-0.0012028	0.0062707
2.6102	14.399	-0.0015387	0.0065975
4.0765	14.399	-0.0018305	0.0064655
5.5428	14.399	0	-0
7.0091	14.399	0	-0
8.4754	14.399	0	-0
9.9417	14.399	0	-0
11.408	14.399	0	-0
12.874	14.399	0	-0
14.341	14.399	0	-0
15.807	14.399	0	-0
-14.985	12.933	0	-0
-13.519	12.933	0	-0
-12.053	12.933	0	-0
-10.587	12.933	0	-0
-9.1202	12.933	0	-0
-7.6539	12.933	0	-0
-6.1876	12.933	-4.7718e-005	0.0043363
-4.7213	12.933	-9.0802e-005	0.0044547
-3.255	12.933	-0.00013619	0.0045222
-1.7887	12.933	-0.00035544	0.0047906
-0.32241	12.933	-0.00061918	0.0050931
1.1439	12.933	-0.0010978	0.0054419
2.6102	12.933	-0.0012724	0.0056386
4.0765	12.933	-0.0016021	0.0058135
5.5428	12.933	0	-0
7.0091	12.933	0	-0
8.4754	12.933	0	-0
9.9417	12.933	0	-0
11.408	12.933	0	-0
12.874	12.933	0	-0
14.341	12.933	0	-0
15.807	12.933	0	-0
-14.985	11.467	0	-0
-13.519	11.467	0	-0
-12.053	11.467	0	-0
-10.587	11.467	0	-0
-9.1202	11.467	0	-0
-7.6539	11.467	0	-0
-6.1876	11.467	-0.0002487	0.0037441
-4.7213	11.467	-0.00031874	0.0035697
-3.255	11.467	-0.00037229	0.0037189
-1.7887	11.467	-0.00043859	0.0039561
-0.32241	11.467	-0.00053542	0.0042189
1.1439	11.467	-0.00085855	0.0045082
2.6102	11.467	-0.0010972	0.004787
4.0765	11.467	-0.0013253	0.0049904
5.5428	11.467	0	-0
7.0091	11.467	0	-0
8.4754	11.467	0	-0
9.9417	11.467	0	-0
11.408	11.467	0	-0
12.874	11.467	0	-0
14.341	11.467	0	-0
15.807	11.467	0	-0
-14.985	10	0	-0
-13.519	10	0	-0
-12.053	10	0	-0
-10.587	10	0	-0
-9.1202	10	0	-0
-7.6539	10	0	-0
-6.1876	10	-0.0003141	0.0029527
-4.7213	10	-0.00045662	0.0029373
-3.255	10	-0.00053169	0.0031107
-1.7887	10	-0.00040985	0.0033281
-0.32241	10	-0.00031789	0.0035543
1.1439	10	-0.00050939	0.0037561
2.6102	10	-0.00068612	0.0039391
4.0765	10	-0.00083692	0.0041757
5.5428	10	0	-0
7.0091	10	0	-0
8.4754	10	0	-0
9.9417	10	0	-0
11.408	10	0	-0
12.874	10	0	-0
14.341	10	0	-0
15.807	10	0	-0
-14.985	8.534	0	-0
-13.519	8.534	0	-0
-12.053	8.534	0	-0
-10.587	8.534	0	-0
-9.1202	8.534	0	-0
-7.6539	8.534	0	-0
-6.1876	8.534	-3.5251e-005	0.0021858
-4.7213	8.534	-0.00015058	0.0022809
-3.255	8.534	-0.00022552	0.0025276
-1.7887	8.534	-4.7312e-005	0.0027557
-0.32241	8.534	6.5884e-005	0.0028484
1.1439	8.534	-1.3734e-005	0.002963
2.6102	8.534	-0.00018584	0.0030323
4.0765	8.534	-0.00048013	0.0028806
5.5428	8.534	0	-0
7.0091	8.534	0	-0
8.4754	8.534	0	-0
9.9417	8.534	0	-0
11.408	8.534	0	-0
12.874	8.534	0	-0
14.341	8.534	0	-0
15.807	8.534	0	-0
-14.985	7.0677	0	-0
-13.519	7.0677	0	-0
-12.053	7.0677	0	-0
-10.587	7.0677	0	-0
-9.1202	7.0677	0	-0
-7.6539	7.0677	0	-0
-6.1876	7.0677	0.00033522	0.0014802
-4.7213	7.0677	0.00025935	0.0015864
-3.255	7.0677	0.0002105	0.0018397
-1.7887	7.0677	0.00019575	0.002138
-0.32241	7.0677	0.00029813	0.0021405
1.1439	7.0677	0.00026181	0.0022338
2.6102	7.0677	-1.4118e-005	0.0021048
4.0765	7.0677	-0.00025369	0.0019872
5.5428	7.0677	0	-0
7.0091	7.0677	0	-0
8.4754	7.0677	0	-0
9.9417	7.0677	0	-0
11.408	7.0677	0	-0
12.874	7.0677	0	-0
14.341	7.0677	0	-0
15.807	7.0677	0	-0
-14.985	5.6014	0	-0
-13.519	5.6014	0	-0
-12.053	5.6014	0	-0
-10.587	5.6014	0	-0
-9.1202	5.6014	0	-0
-7.6539	5.6014	0	-0
-6.1876	5.6014	0.0007344	0.0008328
-4.7213	5.6014	0.00058089	0.00092873
-3.255	5.6014	0.00048349	0.0013474
-1.7887	5.6014	0.00043369	0.0014815
-0.32241	5.6014	0.00030479	0.0015128
1.1439	5.6014	0.00026641	0.0012387
2.6102	5.6014	3.7388e-006	0.0010408
4.0765	5.6014	-0.0001147	0.00058555
5.5428	5.6014	0	-0
7.0091	5.6014	0	-0
8.4754	5.6014	0	-0
9.9417	5.6014	0	-0
11.408	5.6014	0	-0
12.874	5.6014	0	-0
14.341	5.6014	0	-0
15.807	5.6014	0	-0
-14.985	4.1351	0	-0
-13.519	4.1351	0	-0
-12.053	4.1351	0	-0
-10.587	4.1351	0	-0
-9.1202	4.1351	0	-0
-7.6539	4.1351	0	-0
-6.1876	4.1351	0.001046	-1.0423e-005
-4.7213	4.1351	0.00090803	0.0001086
-3.255	4.1351	0.00078019	0.00021351
-1.7887	4.1351	0.00047091	0.00042727
-0.32241	4.1351	0.00033328	0.00042741
1.1439	4.1351	0.00019094	0.00015924
2.6102	4.1351	-0.00020143	-0.00014029
4.0765	4.1351	-0.00034847	-0.00039288
5.5428	4.1351	0	-0
7.0091	4.1351	0	-0
8.4754	4.1351	0	-0
9.9417	4.1351	0	-0
11.408	4.1351	0	-0
12.874	4.1351	0	-0
14.341	4.1351	0	-0
15.807	4.1351	0	-0
-14.985	2.6688	0	-0
-13.519	2.6688	0	-0
-12.053	2.6688	0	-0
-10.587	2.6688	0	-0
-9.1202	2.6688	0	-0
-7.6539	2.6688	0	-0
-6.1876	2.6688	0.0012765	-0.00096439
-4.7213	2.6688	0.0010453	-0.00089845
-3.255	2.6688	0.00077143	-0.0010487
-1.7887	2.6688	0.00036553	-0.000999
-0.32241	2.6688	8.15e-005	-0.0010796
1.1439	2.6688	-0.0003575	-0.0013686
2.6102	2.6688	-0.00060648	-0.0017195
4.0765	2.6688	-0.00085227	-0.0019384
5.5428	2.6688	0	-0
7.0091	2.6688	0	-0
8.4754	2.6688	0	-0
9.9417	2.6688	0	-0
11.408	2.6688	0	-0
12.874	2.6688	0	-0
14.341	2.6688	0	-0
15.807	2.6688	0	-0
-14.985	1.2025	0	-0
-13.519	1.2025	0	-0
-12.053	1.2025	0	-0
-10.587	1.2025	0	-0
-9.1202	1.2025	0	-0
-7.6539	1.2025	0	-0
-6.1876	1.2025	0.0013113	-0.0017973
-4.7213	1.2025	0.0010674	-0.001957
-3.255	1.2025	0.00069938	-0.0021646
-1.7887	1.2025	0.0001546	-0.002064
-0.32241	1.2025	-0.00035091	-0.002133
1.1439	1.2025	-0.00072712	-0.0024703
2.6102	1.2025	-0.00093101	-0.0029221
4.0765	1.2025	-0.0010704	-0.0032213
5.5428	1.2025	0	-0
7.0091	1.2025	0	-0
8.4754	1.2025	0	-0
9.9417	1.2025	0	-0
11.408	1.2025	0	-0
12.874	1.2025	0	-0
14.341	1.2025	0	-0
15.807	1.2025	0	-0
-14.985	-0.2638	0	-0
-13.519	-0.2638	0	-0
-12.053	-0.2638	0	-0
-10.587	-0.2638	0	-0
-9.1202	-0.2638	0	-0
-7.6539	-0.2638	0	-0
-6.1876	-0.2638	0.0013017	-0.0026553
-4.7213	-0.2638	0.0010254	-0.0029993
-3.255	-0.2638	0.00069574	-0.0032302
-1.7887	-0.2638	0.00021976	-0.0033418
-0.32241	-0.2638	-0.00037196	-0.0034324
1.1439	-0.2638	-0.00076386	-0.0038093
2.6102	-0.2638	-0.00095467	-0.0041436
4.0765	-0.2638	-0.0011971	-0.0044129
5.5428	-0.2638	0	-0
7.0091	-0.2638	0	-0
8.4754	-0.2638	0	-0
9.9417	-0.2638	0	-0
11.408	-0.2638	0	-0
12.874	-0.2638	0	-0
14.341	-0.2638	0	-0
15.807	-0.2638	0	-0
-14.985	-1.7301	0	-0
-13.519	-1.7301	0	-0
-12.053	-1.7301	0	-0
-10.587	-1.7301	0	-0
-9.1202	-1.7301	0	-0
-7.6539	-1.7301	0	-0
-6.1876	-1.7301	0.001035	-0.0034769
-4.7213	-1.7301	0.00086563	-0.0038405
-3.255	-1.7301	0.00061423	-0.0041651
-1.7887	-1.7301	0.00030216	-0.0044449
-0.32241	-1.7301	-0.00015644	-0.0047055
1.1439	-1.7301	-4.0851e-006	-0.006558
2.6102	-1.7301	-0.0009545	-0.0051765
4.0765	-1.7301	-0.0011406	-0.005365
5.5428	-1.7301	0	-0
7.0091	-1.7301	0	-0
8.4754	-1.7301	0	-0
9.9417	-1.7301	0	-0
11.408	-1.7301	0	-0
12.874	-1.7301	0	-0
14.341	-1.7301	0	-0
15.807	-1.7301	0	-0
-14.985	-3.1964	0	-0
-13.519	-3.1964	0	-0
-12.053	-3.1964	0	-0
-10.587	-3.1964	0	-0
-9.1202	-3.1964	0	-0
-7.6539	-3.1964	0	-0
-6.1876	-3.1964	0.00053894	-0.0042163
-4.7213	-3.1964	0.00032464	-0.0047363
-3.255	-3.1964	0.000237	-0.0050909
-1.7887	-3.1964	6.8986e-005	-0.0054413
-0.32241	-3.1964	-0.00028026	-0.0056333
1.1439	-3.1964	-0.00060621	-0.0059956
2.6102	-3.1964	-0.00089928	-0.0061134
4.0765	-3.1964	-0.0010948	-0.0062707
5.5428	-3.1964	0	-0
7.0091	-3.1964	0	-0
8.4754	-3.1964	0	-0
9.9417	-3.1964	0	-0
11.408	-3.1964	0	-0
12.874	-3.1964	0	-0
14.341	-3.1964	0	-0
15.807	-3.1964	0	-0
-14.985	-4.6627	0	-0
-13.519	-4.6627	0	-0
-12.053	-4.6627	0	-0
-10.587	-4.6627	0	-0
-9.1202	-4.6627	0	-0
-7.6539	-4.6627	0	-0
-6.1876	-4.6627	-6.0441e-005	-0.0047953
-4.7213	-4.6627	-0.00033367	-0.0053778
-3.255	-4.6627	-0.00043666	-0.0058667
-1.7887	-4.6627	-0.00061203	-0.0061788
-0.32241	-4.6627	-0.00069886	-0.0065767
1.1439	-4.6627	-0.0010184	-0.0068572
2.6102	-4.6627	-0.0012237	-0.0070124
4.0765	-4.6627	-0.0013802	-0.0070527
5.5428	-4.6627	0	-0
7.0091	-4.6627	0	-0
8.4754	-4.6627	0	-0
9.9417	-4.6627	0	-0
11.408	-4.6627	0	-0
12.874	-4.6627	0	-0
14.341	-4.6627	0	-0
15.807	-4.6627	0	-0
-14.985	-6.129	0	-0
-13.519	-6.129	0	-0
-12.053	-6.129	0	-0
-10.587	-6.129	0	-0
-9.1202	-6.129	0	-0
-7.6539	-6.129	0	-0
-6.1876	-6.129	-0.00077746	-0.0056551
-4.7213	-6.129	-0.0011158	-0.0062717
-3.255	-6.129	-0.0012922	-0.0067204
-1.7887	-6.129	-0.0013158	-0.0071385
-0.32241	-6.129	-0.0013623	-0.0073065
1.1439	-6.129	-0.0016275	-0.0075627
2.6102	-6.129	-0.0017338	-0.0077742
4.0765	-6.129	-0.0019044	-0.0078251
5.5428	-6.129	0	-0
7.0091	-6.129	0	-0
8.4754	-6.129	0	-0
9.9417	-6.129	0	-0
11.408	-6.129	0	-0
12.874	-6.129	0	-0
14.341	-6.129	0	-0
15.807	-6.129	0	-0
-14.985	-7.5953	0	-0
-13.519	-7.5953	0	-0
-12.053	-7.5953	0	-0
-10.587	-7.5953	0	-0
-9.1202	-7.5953	0	-0
-7.6539	-7.5953	0	-0
-6.1876	-7.5953	-0.0013346	-0.006638
-4.7213	-7.5953	-0.0017738	-0.0070765
-3.255	-7.5953	-0.0019595	-0.0076171
-1.7887	-7.5953	-0.0019853	-0.0079202
-0.32241	-7.5953	-0.0020236	-0.0080832
1.1439	-7.5953	-0.0021703	-0.0082075
2.6102	-7.5953	-0.0023031	-0.0084969
4.0765	-7.5953	-0.0023546	-0.0086091
5.5428	-7.5953	0	-0
7.0091	-7.5953	0	-0
8.4754	-7.5953	0	-0
9.9417	-7.5953	0	-0
11.408	-7.5953	0	-0
12.874	-7.5953	0	-0
14.341	-7.5953	0	-0
15.807	-7.5953	0	-0
-14.985	-9.0616	0	-0
-13.519	-9.0616	0	-0
-12.053	-9.0616	0	-0
-10.587	-9.0616	0	-0
-9.1202	-9.0616	0	-0
-7.6539	-9.0616	0	-0
-6.1876	-9.0616	-0.001773	-0.0075068
-4.7213	-9.0616	-0.0021672	-0.0079702
-3.255	-9.0616	-0.0022771	-0.0083437
-1.7887	-9.0616	-0.0023994	-0.0086289
-0.32241	-9.0616	-0.0023856	-0.0087797
1.1439	-9.0616	-0.002588	-0.0088604
2.6102	-9.0616	-0.0027633	-0.0091075
4.0765	-9.0616	-0.0028025	-0.0093617
5.5428	-9.0616	0	-0
7.0091	-9.0616	0	-0
8.4754	-9.0616	0	-0
9.9417	-9.0616	0	-0
11.408	-9.0616	0	-0
12.874	-9.0616	0	-0
14.341	-9.0616	0	-0
15.807	-9.0616	0	-0
-14.985	-10.528	0	-0
-13.519	-10.528	0	-0
-12.053	-10.528	0	-0
-10.587	-10.528	0	-0
-9.1202	-10.528	0	-0
-7.6539	-10.528	0	-0
-6.1876	-10.528	-0.0019946	-0.0085236
-4.7213	-10.528	-0.0023634	-0.008746
-3.255	-10.528	-0.0024941	-0.0091372
-1.7887	-10.528	-0.0026783	-0.009341
-0.32241	-10.528	-0.0028166	-0.0095771
1.1439	-10.528	-0.0029816	-0.0099237
2.6102	-10.528	-0.0031269	-0.01014
4.0765	-10.528	-0.0031851	-0.010252
5.5428	-10.528	0	-0
7.0091	-10.528	0	-0
8.4754	-10.528	0	-0
9.9417	-10.528	0	-0
11.408	-10.528	0	-0
12.874	-10.528	0	-0
14.341	-10.528	0	-0
15.807	-10.528	0	-0
-14.985	-11.994	0	-0
-13.519	-11.994	0	-0
-12.053	-11.994	0	-0
-10.587	-11.994	0	-0
-9.1202	-11.994	0	-0
-7.6539	-11.994	0	-0
-6.1876	-11.994	0	-0
-4.7213	-11.994	0	-0
-3.255	-11.994	0	-0
-1.7887	-11.994	0	-0
-0.32241	-11.994	0	-0
1.1439	-11.994	0	-0
2.6102	-11.994	0	-0
4.0765	-11.994	0	-0
5.5428	-11.994	0	-0
7.0091	-11.994	0	-0
8.4754	-11.994	0	-0
9.9417	-11.994	0	-0
11.408	-11.994	0	-0
12.874	-11.994	0	-0
14.341	-11.994	0	-0
15.807	-11.994	0	-0
