#DaVis 7.4.0 2D-vector 96 22 22 "" "[mm]" "" "[mm]" "displacement" "[mm]"
-14.985	18.798	0	-0
-13.519	18.798	0	-0
-12.053	18.798	0	-0
-10.587	18.798	0	-0
-9.1202	18.798	0	-0
-7.6539	18.798	0	-0
-6.1876	18.798	-0.015227	0.029964
-4.7213	18.798	-0.0149	0.017034
-3.255	18.798	0.37902	0.86902
-1.7887	18.798	-0.015288	0.025123
-0.32241	18.798	-0.015977	0.029275
1.1439	18.798	-0.015993	0.040151
2.6102	18.798	0.73585	0.92831
4.0765	18.798	0.0076566	-0.65257
5.5428	18.798	0	-0
7.0091	18.798	0	-0
8.4754	18.798	0	-0
9.9417	18.798	0	-0
11.408	18.798	0	-0
12.874	18.798	0	-0
14.341	18.798	0	-0
15.807	18.798	0	-0
-14.985	17.332	0	-0
-13.519	17.332	0	-0
-12.053	17.332	0	-0
-10.587	17.332	0	-0
-9.1202	17.332	0	-0
-7.6539	17.332	0	-0
-6.1876	17.332	-0.010286	0.020961
-4.7213	17.332	-0.011756	0.02035
-3.255	17.332	-0.01236	0.022101
-1.7887	17.332	-0.012619	0.024094
-0.32241	17.332	-0.013481	0.027086
1.1439	17.332	-0.014046	0.029398
2.6102	17.332	-0.013941	0.031161
4.0765	17.332	-0.0075953	0.031668
5.5428	17.332	0	-0
7.0091	17.332	0	-0
8.4754	17.332	0	-0
9.9417	17.332	0	-0
11.408	17.332	0	-0
12.874	17.332	0	-0
14.341	17.332	0	-0
15.807	17.332	0	-0
-14.985	15.866	0	-0
-13.519	15.866	0	-0
-12.053	15.866	0	-0
-10.587	15.866	0	-0
-9.1202	15.866	0	-0
-7.6539	15.866	0	-0
-6.1876	15.866	-0.0082119	0.01757
-4.7213	15.866	-0.0091324	0.017607
-3.255	15.866	-0.0098002	0.018605
-1.7887	15.866	-0.010409	0.021194
-0.32241	15.866	-0.011024	0.024742
1.1439	15.866	-0.011605	0.026484
2.6102	15.866	-0.012357	0.02775
4.0765	15.866	-0.0049142	0.028812
5.5428	15.866	0	-0
7.0091	15.866	0	-0
8.4754	15.866	0	-0
9.9417	15.866	0	-0
11.408	15.866	0	-0
12.874	15.866	0	-0
14.341	15.866	0	-0
15.807	15.866	0	-0
-14.985	14.399	0	-0
-13.519	14.399	0	-0
-12.053	14.399	0	-0
-10.587	14.399	0	-0
-9.1202	14.399	0	-0
-7.6539	14.399	0	-0
-6.1876	14.399	-0.0054965	0.015146
-4.7213	14.399	-0.0067517	0.015037
-3.255	14.399	-0.0073542	0.016053
-1.7887	14.399	-0.0082041	0.018483
-0.32241	14.399	-0.0089955	0.021061
1.1439	14.399	-0.010671	0.023973
2.6102	14.399	-0.010119	0.025249
4.0765	14.399	-0.0063404	0.025389
5.5428	14.399	0	-0
7.0091	14.399	0	-0
8.4754	14.399	0	-0
9.9417	14.399	0	-0
11.408	14.399	0	-0
12.874	14.399	0	-0
14.341	14.399	0	-0
15.807	14.399	0	-0
-14.985	12.933	0	-0
-13.519	12.933	0	-0
-12.053	12.933	0	-0
-10.587	12.933	0	-0
-9.1202	12.933	0	-0
-7.6539	12.933	0	-0
-6.1876	12.933	-0.0047159	0.011362
-4.7213	12.933	-0.0053255	0.012589
-3.255	12.933	-0.0055734	0.013508
-1.7887	12.933	-0.006463	0.015109
-0.32241	12.933	-0.0074982	0.0171
1.1439	12.933	-0.0087002	0.019491
2.6102	12.933	-0.0086616	0.021264
4.0765	12.933	-0.0069194	0.022647
5.5428	12.933	0	-0
7.0091	12.933	0	-0
8.4754	12.933	0	-0
9.9417	12.933	0	-0
11.408	12.933	0	-0
12.874	12.933	0	-0
14.341	12.933	0	-0
15.807	12.933	0	-0
-14.985	11.467	0	-0
-13.519	11.467	0	-0
-12.053	11.467	0	-0
-10.587	11.467	0	-0
-9.1202	11.467	0	-0
-7.6539	11.467	0	-0
-6.1876	11.467	-0.0044156	0.0087275
-4.7213	11.467	-0.0050081	0.009132
-3.255	11.467	-0.0051728	0.010365
-1.7887	11.467	-0.0056471	0.011904
-0.32241	11.467	-0.0061667	0.013762
1.1439	11.467	-0.0074694	0.015546
2.6102	11.467	-0.0075592	0.01769
4.0765	11.467	-0.0060648	0.019091
5.5428	11.467	0	-0
7.0091	11.467	0	-0
8.4754	11.467	0	-0
9.9417	11.467	0	-0
11.408	11.467	0	-0
12.874	11.467	0	-0
14.341	11.467	0	-0
15.807	11.467	0	-0
-14.985	10	0	-0
-13.519	10	0	-0
-12.053	10	0	-0
-10.587	10	0	-0
-9.1202	10	0	-0
-7.6539	10	0	-0
-6.1876	10	-0.0035733	0.0056288
-4.7213	10	-0.0042574	0.0064641
-3.255	10	-0.0046408	0.0078798
-1.7887	10	-0.0046474	0.0096765
-0.32241	10	-0.0045837	0.011531
1.1439	10	-0.0053828	0.01335
2.6102	10	-0.0055617	0.014813
4.0765	10	-0.0044516	0.016008
5.5428	10	0	-0
7.0091	10	0	-0
8.4754	10	0	-0
9.9417	10	0	-0
11.408	10	0	-0
12.874	10	0	-0
14.341	10	0	-0
15.807	10	0	-0
-14.985	8.534	0	-0
-13.519	8.534	0	-0
-12.053	8.534	0	-0
-10.587	8.534	0	-0
-9.1202	8.534	0	-0
-7.6539	8.534	0	-0
-6.1876	8.534	-0.0023142	0.0031254
-4.7213	8.534	-0.0026568	0.004419
-3.255	8.534	-0.003111	0.0062366
-1.7887	8.534	-0.0025512	0.0079219
-0.32241	8.534	-0.0025987	0.0096465
1.1439	8.534	-0.0025782	0.011077
2.6102	8.534	-0.003273	0.011721
4.0765	8.534	-0.0029204	0.013554
5.5428	8.534	0	-0
7.0091	8.534	0	-0
8.4754	8.534	0	-0
9.9417	8.534	0	-0
11.408	8.534	0	-0
12.874	8.534	0	-0
14.341	8.534	0	-0
15.807	8.534	0	-0
-14.985	7.0677	0	-0
-13.519	7.0677	0	-0
-12.053	7.0677	0	-0
-10.587	7.0677	0	-0
-9.1202	7.0677	0	-0
-7.6539	7.0677	0	-0
-6.1876	7.0677	-0.00052818	0.00073739
-4.7213	7.0677	-0.0007265	0.0021176
-3.255	7.0677	-0.0010508	0.0038594
-1.7887	7.0677	-0.00095284	0.0054581
-0.32241	7.0677	-0.00078611	0.0066352
1.1439	7.0677	-0.00085343	0.0080225
2.6102	7.0677	-0.0015564	0.0087741
4.0765	7.0677	-0.0018027	0.0092468
5.5428	7.0677	0	-0
7.0091	7.0677	0	-0
8.4754	7.0677	0	-0
9.9417	7.0677	0	-0
11.408	7.0677	0	-0
12.874	7.0677	0	-0
14.341	7.0677	0	-0
15.807	7.0677	0	-0
-14.985	5.6014	0	-0
-13.519	5.6014	0	-0
-12.053	5.6014	0	-0
-10.587	5.6014	0	-0
-9.1202	5.6014	0	-0
-7.6539	5.6014	0	-0
-6.1876	5.6014	0.0012423	-0.0014525
-4.7213	5.6014	0.00084628	-0.00023548
-3.255	5.6014	0.00077197	0.0013489
-1.7887	5.6014	0.00063018	0.0029792
-0.32241	5.6014	0.00026387	0.0040519
1.1439	5.6014	-7.814e-005	0.0044603
2.6102	5.6014	-0.00089293	0.0049974
4.0765	5.6014	-0.0011041	0.0044616
5.5428	5.6014	0	-0
7.0091	5.6014	0	-0
8.4754	5.6014	0	-0
9.9417	5.6014	0	-0
11.408	5.6014	0	-0
12.874	5.6014	0	-0
14.341	5.6014	0	-0
15.807	5.6014	0	-0
-14.985	4.1351	0	-0
-13.519	4.1351	0	-0
-12.053	4.1351	0	-0
-10.587	4.1351	0	-0
-9.1202	4.1351	0	-0
-7.6539	4.1351	0	-0
-6.1876	4.1351	0.0031132	-0.0036532
-4.7213	4.1351	0.0026785	-0.0023376
-3.255	4.1351	0.0021211	-0.001104
-1.7887	4.1351	0.0015373	0.0003683
-0.32241	4.1351	0.0010104	0.0013086
1.1439	4.1351	0.00020863	0.0014492
2.6102	4.1351	-0.0010835	0.0014575
4.0765	4.1351	-0.0012071	0.0018841
5.5428	4.1351	0	-0
7.0091	4.1351	0	-0
8.4754	4.1351	0	-0
9.9417	4.1351	0	-0
11.408	4.1351	0	-0
12.874	4.1351	0	-0
14.341	4.1351	0	-0
15.807	4.1351	0	-0
-14.985	2.6688	0	-0
-13.519	2.6688	0	-0
-12.053	2.6688	0	-0
-10.587	2.6688	0	-0
-9.1202	2.6688	0	-0
-7.6539	2.6688	0	-0
-6.1876	2.6688	0.0042079	-0.0061544
-4.7213	2.6688	0.0037079	-0.0051336
-3.255	2.6688	0.0028443	-0.0044025
-1.7887	2.6688	0.0016182	-0.0033305
-0.32241	2.6688	0.00075137	-0.0029107
1.1439	2.6688	-0.00063837	-0.0029107
2.6102	2.6688	-0.0018092	-0.0023676
4.0765	2.6688	-0.0021649	-0.0024884
5.5428	2.6688	0	-0
7.0091	2.6688	0	-0
8.4754	2.6688	0	-0
9.9417	2.6688	0	-0
11.408	2.6688	0	-0
12.874	2.6688	0	-0
14.341	2.6688	0	-0
15.807	2.6688	0	-0
-14.985	1.2025	0	-0
-13.519	1.2025	0	-0
-12.053	1.2025	0	-0
-10.587	1.2025	0	-0
-9.1202	1.2025	0	-0
-7.6539	1.2025	0	-0
-6.1876	1.2025	0.0053	-0.0087771
-4.7213	1.2025	0.0044322	-0.008536
-3.255	1.2025	0.0031532	-0.0082104
-1.7887	1.2025	0.0015911	-0.0069427
-0.32241	1.2025	0.00032923	-0.0059615
1.1439	1.2025	-0.0013913	-0.0058803
2.6102	1.2025	-0.0020149	-0.0061772
4.0765	1.2025	-0.0021959	-0.0068301
5.5428	1.2025	0	-0
7.0091	1.2025	0	-0
8.4754	1.2025	0	-0
9.9417	1.2025	0	-0
11.408	1.2025	0	-0
12.874	1.2025	0	-0
14.341	1.2025	0	-0
15.807	1.2025	0	-0
-14.985	-0.2638	0	-0
-13.519	-0.2638	0	-0
-12.053	-0.2638	0	-0
-10.587	-0.2638	0	-0
-9.1202	-0.2638	0	-0
-7.6539	-0.2638	0	-0
-6.1876	-0.2638	0.00595	-0.012043
-4.7213	-0.2638	0.0049299	-0.012222
-3.255	-0.2638	0.0038906	-0.011924
-1.7887	-0.2638	0.0023263	-0.011368
-0.32241	-0.2638	0.00076702	-0.010326
1.1439	-0.2638	-0.00042751	-0.010491
2.6102	-0.2638	-0.0012	-0.010959
4.0765	-0.2638	-0.0018824	-0.010719
5.5428	-0.2638	0	-0
7.0091	-0.2638	0	-0
8.4754	-0.2638	0	-0
9.9417	-0.2638	0	-0
11.408	-0.2638	0	-0
12.874	-0.2638	0	-0
14.341	-0.2638	0	-0
15.807	-0.2638	0	-0
-14.985	-1.7301	0	-0
-13.519	-1.7301	0	-0
-12.053	-1.7301	0	-0
-10.587	-1.7301	0	-0
-9.1202	-1.7301	0	-0
-7.6539	-1.7301	0	-0
-6.1876	-1.7301	0.005909	-0.014652
-4.7213	-1.7301	0.0049661	-0.015037
-3.255	-1.7301	0.0043332	-0.015277
-1.7887	-1.7301	0.003519	-0.015128
-0.32241	-1.7301	0.0023361	-0.014844
1.1439	-1.7301	0.0016238	-0.015845
2.6102	-1.7301	-0.00049253	-0.014619
4.0765	-1.7301	-0.0010664	-0.014644
5.5428	-1.7301	0	-0
7.0091	-1.7301	0	-0
8.4754	-1.7301	0	-0
9.9417	-1.7301	0	-0
11.408	-1.7301	0	-0
12.874	-1.7301	0	-0
14.341	-1.7301	0	-0
15.807	-1.7301	0	-0
-14.985	-3.1964	0	-0
-13.519	-3.1964	0	-0
-12.053	-3.1964	0	-0
-10.587	-3.1964	0	-0
-9.1202	-3.1964	0	-0
-7.6539	-3.1964	0	-0
-6.1876	-3.1964	0.0047071	-0.017417
-4.7213	-3.1964	0.0041033	-0.018165
-3.255	-3.1964	0.0036092	-0.018592
-1.7887	-3.1964	0.0032202	-0.018715
-0.32241	-3.1964	0.0024952	-0.018184
1.1439	-3.1964	0.0019101	-0.017767
2.6102	-3.1964	0.00032265	-0.017945
4.0765	-3.1964	-0.00029276	-0.017923
5.5428	-3.1964	0	-0
7.0091	-3.1964	0	-0
8.4754	-3.1964	0	-0
9.9417	-3.1964	0	-0
11.408	-3.1964	0	-0
12.874	-3.1964	0	-0
14.341	-3.1964	0	-0
15.807	-3.1964	0	-0
-14.985	-4.6627	0	-0
-13.519	-4.6627	0	-0
-12.053	-4.6627	0	-0
-10.587	-4.6627	0	-0
-9.1202	-4.6627	0	-0
-7.6539	-4.6627	0	-0
-6.1876	-4.6627	0.0034046	-0.019395
-4.7213	-4.6627	0.002398	-0.02072
-3.255	-4.6627	0.0016976	-0.021602
-1.7887	-4.6627	0.0014808	-0.021678
-0.32241	-4.6627	0.00133	-0.02156
1.1439	-4.6627	0.00051804	-0.021392
2.6102	-4.6627	-5.3364e-005	-0.021216
4.0765	-4.6627	-0.00063204	-0.021248
5.5428	-4.6627	0	-0
7.0091	-4.6627	0	-0
8.4754	-4.6627	0	-0
9.9417	-4.6627	0	-0
11.408	-4.6627	0	-0
12.874	-4.6627	0	-0
14.341	-4.6627	0	-0
15.807	-4.6627	0	-0
-14.985	-6.129	0	-0
-13.519	-6.129	0	-0
-12.053	-6.129	0	-0
-10.587	-6.129	0	-0
-9.1202	-6.129	0	-0
-7.6539	-6.129	0	-0
-6.1876	-6.129	0.0019178	-0.022143
-4.7213	-6.129	0.00062904	-0.023419
-3.255	-6.129	-0.00024782	-0.024619
-1.7887	-6.129	-0.0005168	-0.025196
-0.32241	-6.129	-0.00055099	-0.024916
1.1439	-6.129	-0.00076373	-0.024612
2.6102	-6.129	-0.0012225	-0.02448
4.0765	-6.129	-0.001749	-0.023895
5.5428	-6.129	0	-0
7.0091	-6.129	0	-0
8.4754	-6.129	0	-0
9.9417	-6.129	0	-0
11.408	-6.129	0	-0
12.874	-6.129	0	-0
14.341	-6.129	0	-0
15.807	-6.129	0	-0
-14.985	-7.5953	0	-0
-13.519	-7.5953	0	-0
-12.053	-7.5953	0	-0
-10.587	-7.5953	0	-0
-9.1202	-7.5953	0	-0
-7.6539	-7.5953	0	-0
-6.1876	-7.5953	0.0007373	-0.025246
-4.7213	-7.5953	-0.00046397	-0.02611
-3.255	-7.5953	-0.0013824	-0.027393
-1.7887	-7.5953	-0.001744	-0.028008
-0.32241	-7.5953	-0.0019302	-0.027334
1.1439	-7.5953	-0.0021026	-0.02699
2.6102	-7.5953	-0.0026227	-0.02703
4.0765	-7.5953	-0.0028252	-0.026521
5.5428	-7.5953	0	-0
7.0091	-7.5953	0	-0
8.4754	-7.5953	0	-0
9.9417	-7.5953	0	-0
11.408	-7.5953	0	-0
12.874	-7.5953	0	-0
14.341	-7.5953	0	-0
15.807	-7.5953	0	-0
-14.985	-9.0616	0	-0
-13.519	-9.0616	0	-0
-12.053	-9.0616	0	-0
-10.587	-9.0616	0	-0
-9.1202	-9.0616	0	-0
-7.6539	-9.0616	0	-0
-6.1876	-9.0616	-4.9159e-005	-0.028219
-4.7213	-9.0616	-0.0012018	-0.028979
-3.255	-9.0616	-0.0017604	-0.029429
-1.7887	-9.0616	-0.0024822	-0.029769
-0.32241	-9.0616	-0.0026726	-0.029146
1.1439	-9.0616	-0.0029888	-0.028752
2.6102	-9.0616	-0.0036377	-0.028795
4.0765	-9.0616	-0.0039006	-0.028871
5.5428	-9.0616	0	-0
7.0091	-9.0616	0	-0
8.4754	-9.0616	0	-0
9.9417	-9.0616	0	-0
11.408	-9.0616	0	-0
12.874	-9.0616	0	-0
14.341	-9.0616	0	-0
15.807	-9.0616	0	-0
-14.985	-10.528	0	-0
-13.519	-10.528	0	-0
-12.053	-10.528	0	-0
-10.587	-10.528	0	-0
-9.1202	-10.528	0	-0
-7.6539	-10.528	0	-0
-6.1876	-10.528	-0.00031979	-0.031865
-4.7213	-10.528	-0.0014276	-0.031571
-3.255	-10.528	-0.0021137	-0.031978
-1.7887	-10.528	-0.0028629	-0.032135
-0.32241	-10.528	-0.0036412	-0.031875
1.1439	-10.528	-0.0041249	-0.032147
2.6102	-10.528	-0.0047794	-0.031954
4.0765	-10.528	-0.0048563	-0.031877
5.5428	-10.528	0	-0
7.0091	-10.528	0	-0
8.4754	-10.528	0	-0
9.9417	-10.528	0	-0
11.408	-10.528	0	-0
12.874	-10.528	0	-0
14.341	-10.528	0	-0
15.807	-10.528	0	-0
-14.985	-11.994	0	-0
-13.519	-11.994	0	-0
-12.053	-11.994	0	-0
-10.587	-11.994	0	-0
-9.1202	-11.994	0	-0
-7.6539	-11.994	0	-0
-6.1876	-11.994	0	-0
-4.7213	-11.994	0	-0
-3.255	-11.994	0	-0
-1.7887	-11.994	0	-0
-0.32241	-11.994	0	-0
1.1439	-11.994	0	-0
2.6102	-11.994	0	-0
4.0765	-11.994	0	-0
5.5428	-11.994	0	-0
7.0091	-11.994	0	-0
8.4754	-11.994	0	-0
9.9417	-11.994	0	-0
11.408	-11.994	0	-0
12.874	-11.994	0	-0
14.341	-11.994	0	-0
15.807	-11.994	0	-0
