#DaVis 7.4.0 2D-vector 96 22 22 "" "[mm]" "" "[mm]" "displacement" "[mm]"
-14.985	18.798	0	-0
-13.519	18.798	0	-0
-12.053	18.798	0	-0
-10.587	18.798	0	-0
-9.1202	18.798	0	-0
-7.6539	18.798	0	-0
-6.1876	18.798	-0.01571	0.048023
-4.7213	18.798	-0.16845	-0.61789
-3.255	18.798	0.45561	0.78001
-1.7887	18.798	-0.023299	0.033978
-0.32241	18.798	-0.020502	0.046905
1.1439	18.798	-0.020774	0.039642
2.6102	18.798	-0.74042	0.7591
4.0765	18.798	-0.00081677	0.77911
5.5428	18.798	0	-0
7.0091	18.798	0	-0
8.4754	18.798	0	-0
9.9417	18.798	0	-0
11.408	18.798	0	-0
12.874	18.798	0	-0
14.341	18.798	0	-0
15.807	18.798	0	-0
-14.985	17.332	0	-0
-13.519	17.332	0	-0
-12.053	17.332	0	-0
-10.587	17.332	0	-0
-9.1202	17.332	0	-0
-7.6539	17.332	0	-0
-6.1876	17.332	-0.010844	0.038517
-4.7213	17.332	-0.013392	0.038217
-3.255	17.332	-0.015715	0.039807
-1.7887	17.332	-0.015961	0.038897
-0.32241	17.332	-0.017078	0.04626
1.1439	17.332	-0.017866	0.046039
2.6102	17.332	-0.018005	0.048568
4.0765	17.332	-0.011315	0.048765
5.5428	17.332	0	-0
7.0091	17.332	0	-0
8.4754	17.332	0	-0
9.9417	17.332	0	-0
11.408	17.332	0	-0
12.874	17.332	0	-0
14.341	17.332	0	-0
15.807	17.332	0	-0
-14.985	15.866	0	-0
-13.519	15.866	0	-0
-12.053	15.866	0	-0
-10.587	15.866	0	-0
-9.1202	15.866	0	-0
-7.6539	15.866	0	-0
-6.1876	15.866	-0.0076228	0.032843
-4.7213	15.866	-0.0095456	0.031794
-3.255	15.866	-0.011713	0.033647
-1.7887	15.866	-0.012145	0.036801
-0.32241	15.866	-0.013294	0.041866
1.1439	15.866	-0.014759	0.044139
2.6102	15.866	-0.016346	0.046059
4.0765	15.866	-0.0098496	0.045642
5.5428	15.866	0	-0
7.0091	15.866	0	-0
8.4754	15.866	0	-0
9.9417	15.866	0	-0
11.408	15.866	0	-0
12.874	15.866	0	-0
14.341	15.866	0	-0
15.807	15.866	0	-0
-14.985	14.399	0	-0
-13.519	14.399	0	-0
-12.053	14.399	0	-0
-10.587	14.399	0	-0
-9.1202	14.399	0	-0
-7.6539	14.399	0	-0
-6.1876	14.399	-0.0040911	0.028342
-4.7213	14.399	-0.0059356	0.027481
-3.255	14.399	-0.0072885	0.028478
-1.7887	14.399	-0.0089689	0.031945
-0.32241	14.399	-0.010266	0.035724
1.1439	14.399	-0.013464	0.039641
2.6102	14.399	-0.01368	0.040965
4.0765	14.399	-0.0068397	0.040836
5.5428	14.399	0	-0
7.0091	14.399	0	-0
8.4754	14.399	0	-0
9.9417	14.399	0	-0
11.408	14.399	0	-0
12.874	14.399	0	-0
14.341	14.399	0	-0
15.807	14.399	0	-0
-14.985	12.933	0	-0
-13.519	12.933	0	-0
-12.053	12.933	0	-0
-10.587	12.933	0	-0
-9.1202	12.933	0	-0
-7.6539	12.933	0	-0
-6.1876	12.933	-0.0032271	0.022043
-4.7213	12.933	-0.0041772	0.023171
-3.255	12.933	-0.0048707	0.024046
-1.7887	12.933	-0.0066416	0.025976
-0.32241	12.933	-0.0087554	0.028761
1.1439	12.933	-0.011279	0.031675
2.6102	12.933	-0.011939	0.034029
4.0765	12.933	-0.00712	0.035418
5.5428	12.933	0	-0
7.0091	12.933	0	-0
8.4754	12.933	0	-0
9.9417	12.933	0	-0
11.408	12.933	0	-0
12.874	12.933	0	-0
14.341	12.933	0	-0
15.807	12.933	0	-0
-14.985	11.467	0	-0
-13.519	11.467	0	-0
-12.053	11.467	0	-0
-10.587	11.467	0	-0
-9.1202	11.467	0	-0
-7.6539	11.467	0	-0
-6.1876	11.467	-0.0035168	0.017239
-4.7213	11.467	-0.004492	0.01735
-3.255	11.467	-0.0049884	0.018488
-1.7887	11.467	-0.0059115	0.020187
-0.32241	11.467	-0.007344	0.02241
1.1439	11.467	-0.0093255	0.025037
2.6102	11.467	-0.010391	0.0279
4.0765	11.467	-0.0093863	0.029593
5.5428	11.467	0	-0
7.0091	11.467	0	-0
8.4754	11.467	0	-0
9.9417	11.467	0	-0
11.408	11.467	0	-0
12.874	11.467	0	-0
14.341	11.467	0	-0
15.807	11.467	0	-0
-14.985	10	0	-0
-13.519	10	0	-0
-12.053	10	0	-0
-10.587	10	0	-0
-9.1202	10	0	-0
-7.6539	10	0	-0
-6.1876	10	-0.0027915	0.01211
-4.7213	10	-0.0042212	0.012496
-3.255	10	-0.0048558	0.013881
-1.7887	10	-0.004951	0.016238
-0.32241	10	-0.0053195	0.018207
1.1439	10	-0.0066399	0.020554
2.6102	10	-0.0073264	0.022678
4.0765	10	-0.0069112	0.024092
5.5428	10	0	-0
7.0091	10	0	-0
8.4754	10	0	-0
9.9417	10	0	-0
11.408	10	0	-0
12.874	10	0	-0
14.341	10	0	-0
15.807	10	0	-0
-14.985	8.534	0	-0
-13.519	8.534	0	-0
-12.053	8.534	0	-0
-10.587	8.534	0	-0
-9.1202	8.534	0	-0
-7.6539	8.534	0	-0
-6.1876	8.534	-0.0010344	0.0079998
-4.7213	8.534	-0.0019636	0.0091554
-3.255	8.534	-0.0030019	0.011349
-1.7887	8.534	-0.0024618	0.013458
-0.32241	8.534	-0.0024749	0.015239
1.1439	8.534	-0.002637	0.016791
2.6102	8.534	-0.0038475	0.017511
4.0765	8.534	-0.0044702	0.018989
5.5428	8.534	0	-0
7.0091	8.534	0	-0
8.4754	8.534	0	-0
9.9417	8.534	0	-0
11.408	8.534	0	-0
12.874	8.534	0	-0
14.341	8.534	0	-0
15.807	8.534	0	-0
-14.985	7.0677	0	-0
-13.519	7.0677	0	-0
-12.053	7.0677	0	-0
-10.587	7.0677	0	-0
-9.1202	7.0677	0	-0
-7.6539	7.0677	0	-0
-6.1876	7.0677	0.0014517	0.0038142
-4.7213	7.0677	0.00082736	0.0052285
-3.255	7.0677	-0.00012758	0.0073943
-1.7887	7.0677	-0.00018648	0.0096249
-0.32241	7.0677	-0.00025799	0.010954
1.1439	7.0677	-0.00041831	0.012012
2.6102	7.0677	-0.0020296	0.012237
4.0765	7.0677	-0.0031206	0.012026
5.5428	7.0677	0	-0
7.0091	7.0677	0	-0
8.4754	7.0677	0	-0
9.9417	7.0677	0	-0
11.408	7.0677	0	-0
12.874	7.0677	0	-0
14.341	7.0677	0	-0
15.807	7.0677	0	-0
-14.985	5.6014	0	-0
-13.519	5.6014	0	-0
-12.053	5.6014	0	-0
-10.587	5.6014	0	-0
-9.1202	5.6014	0	-0
-7.6539	5.6014	0	-0
-6.1876	5.6014	0.0036127	-8.4692e-005
-4.7213	5.6014	0.0027681	0.0013586
-3.255	5.6014	0.0022375	0.0032977
-1.7887	5.6014	0.0017173	0.0051142
-0.32241	5.6014	0.00093671	0.00597
1.1439	5.6014	0.00019632	0.0059679
2.6102	5.6014	-0.001477	0.0060786
4.0765	5.6014	-0.0024538	0.004237
5.5428	5.6014	0	-0
7.0091	5.6014	0	-0
8.4754	5.6014	0	-0
9.9417	5.6014	0	-0
11.408	5.6014	0	-0
12.874	5.6014	0	-0
14.341	5.6014	0	-0
15.807	5.6014	0	-0
-14.985	4.1351	0	-0
-13.519	4.1351	0	-0
-12.053	4.1351	0	-0
-10.587	4.1351	0	-0
-9.1202	4.1351	0	-0
-7.6539	4.1351	0	-0
-6.1876	4.1351	0.0062644	-0.0037562
-4.7213	4.1351	0.005175	-0.0024277
-3.255	4.1351	0.0040397	-0.0012565
-1.7887	4.1351	0.0025557	0.0005508
-0.32241	4.1351	0.0010337	0.001763
1.1439	4.1351	-0.00020954	0.0010507
2.6102	4.1351	-0.0024117	-0.00015735
4.0765	4.1351	-0.003544	-0.0014923
5.5428	4.1351	0	-0
7.0091	4.1351	0	-0
8.4754	4.1351	0	-0
9.9417	4.1351	0	-0
11.408	4.1351	0	-0
12.874	4.1351	0	-0
14.341	4.1351	0	-0
15.807	4.1351	0	-0
-14.985	2.6688	0	-0
-13.519	2.6688	0	-0
-12.053	2.6688	0	-0
-10.587	2.6688	0	-0
-9.1202	2.6688	0	-0
-7.6539	2.6688	0	-0
-6.1876	2.6688	0.0072426	-0.0080754
-4.7213	2.6688	0.0063244	-0.0071736
-3.255	2.6688	0.0044728	-0.0067796
-1.7887	2.6688	0.0020768	-0.0057832
-0.32241	2.6688	-1.109e-005	-0.0053881
1.1439	2.6688	-0.0023524	-0.0064697
2.6102	2.6688	-0.0044345	-0.0069033
4.0765	2.6688	-0.0056309	-0.0082335
5.5428	2.6688	0	-0
7.0091	2.6688	0	-0
8.4754	2.6688	0	-0
9.9417	2.6688	0	-0
11.408	2.6688	0	-0
12.874	2.6688	0	-0
14.341	2.6688	0	-0
15.807	2.6688	0	-0
-14.985	1.2025	0	-0
-13.519	1.2025	0	-0
-12.053	1.2025	0	-0
-10.587	1.2025	0	-0
-9.1202	1.2025	0	-0
-7.6539	1.2025	0	-0
-6.1876	1.2025	0.0084789	-0.012362
-4.7213	1.2025	0.0066927	-0.012941
-3.255	1.2025	0.0042458	-0.013437
-1.7887	1.2025	0.0015437	-0.012355
-0.32241	1.2025	-0.0011572	-0.011674
1.1439	1.2025	-0.0044868	-0.012502
2.6102	1.2025	-0.0058281	-0.014074
4.0765	1.2025	-0.0065732	-0.016053
5.5428	1.2025	0	-0
7.0091	1.2025	0	-0
8.4754	1.2025	0	-0
9.9417	1.2025	0	-0
11.408	1.2025	0	-0
12.874	1.2025	0	-0
14.341	1.2025	0	-0
15.807	1.2025	0	-0
-14.985	-0.2638	0	-0
-13.519	-0.2638	0	-0
-12.053	-0.2638	0	-0
-10.587	-0.2638	0	-0
-9.1202	-0.2638	0	-0
-7.6539	-0.2638	0	-0
-6.1876	-0.2638	0.0088254	-0.017747
-4.7213	-0.2638	0.0070115	-0.018811
-3.255	-0.2638	0.0046768	-0.019385
-1.7887	-0.2638	0.001902	-0.019393
-0.32241	-0.2638	-0.0012206	-0.018478
1.1439	-0.2638	-0.0041502	-0.019558
2.6102	-0.2638	-0.005325	-0.021176
4.0765	-0.2638	-0.006815	-0.022427
5.5428	-0.2638	0	-0
7.0091	-0.2638	0	-0
8.4754	-0.2638	0	-0
9.9417	-0.2638	0	-0
11.408	-0.2638	0	-0
12.874	-0.2638	0	-0
14.341	-0.2638	0	-0
15.807	-0.2638	0	-0
-14.985	-1.7301	0	-0
-13.519	-1.7301	0	-0
-12.053	-1.7301	0	-0
-10.587	-1.7301	0	-0
-9.1202	-1.7301	0	-0
-7.6539	-1.7301	0	-0
-6.1876	-1.7301	0.0077432	-0.022776
-4.7213	-1.7301	0.0062557	-0.024035
-3.255	-1.7301	0.0047271	-0.025225
-1.7887	-1.7301	0.0028574	-0.025721
-0.32241	-1.7301	0.00073951	-0.026131
1.1439	-1.7301	-0.0025872	-0.028034
2.6102	-1.7301	-0.0051049	-0.027682
4.0765	-1.7301	-0.0059319	-0.028657
5.5428	-1.7301	0	-0
7.0091	-1.7301	0	-0
8.4754	-1.7301	0	-0
9.9417	-1.7301	0	-0
11.408	-1.7301	0	-0
12.874	-1.7301	0	-0
14.341	-1.7301	0	-0
15.807	-1.7301	0	-0
-14.985	-3.1964	0	-0
-13.519	-3.1964	0	-0
-12.053	-3.1964	0	-0
-10.587	-3.1964	0	-0
-9.1202	-3.1964	0	-0
-7.6539	-3.1964	0	-0
-6.1876	-3.1964	0.0047907	-0.027376
-4.7213	-3.1964	0.0035213	-0.029483
-3.255	-3.1964	0.0026784	-0.030963
-1.7887	-3.1964	0.0017805	-0.03177
-0.32241	-3.1964	0.00011842	-0.031915
1.1439	-3.1964	-0.0030423	-0.030888
2.6102	-3.1964	-0.0046186	-0.032888
4.0765	-3.1964	-0.0047595	-0.034493
5.5428	-3.1964	0	-0
7.0091	-3.1964	0	-0
8.4754	-3.1964	0	-0
9.9417	-3.1964	0	-0
11.408	-3.1964	0	-0
12.874	-3.1964	0	-0
14.341	-3.1964	0	-0
15.807	-3.1964	0	-0
-14.985	-4.6627	0	-0
-13.519	-4.6627	0	-0
-12.053	-4.6627	0	-0
-10.587	-4.6627	0	-0
-9.1202	-4.6627	0	-0
-7.6539	-4.6627	0	-0
-6.1876	-4.6627	0.0012747	-0.030863
-4.7213	-4.6627	-0.00026849	-0.034049
-3.255	-4.6627	-0.0013207	-0.035991
-1.7887	-4.6627	-0.0021391	-0.037024
-0.32241	-4.6627	-0.0030159	-0.037643
1.1439	-4.6627	-0.0050206	-0.038463
2.6102	-4.6627	-0.0058416	-0.039095
4.0765	-4.6627	-0.0049816	-0.040077
5.5428	-4.6627	0	-0
7.0091	-4.6627	0	-0
8.4754	-4.6627	0	-0
9.9417	-4.6627	0	-0
11.408	-4.6627	0	-0
12.874	-4.6627	0	-0
14.341	-4.6627	0	-0
15.807	-4.6627	0	-0
-14.985	-6.129	0	-0
-13.519	-6.129	0	-0
-12.053	-6.129	0	-0
-10.587	-6.129	0	-0
-9.1202	-6.129	0	-0
-7.6539	-6.129	0	-0
-6.1876	-6.129	-0.0016383	-0.035486
-4.7213	-6.129	-0.0045439	-0.038875
-3.255	-6.129	-0.0060585	-0.041502
-1.7887	-6.129	-0.0065884	-0.043364
-0.32241	-6.129	-0.0071961	-0.043824
1.1439	-6.129	-0.008154	-0.044246
2.6102	-6.129	-0.0086285	-0.044595
4.0765	-6.129	-0.0063461	-0.044708
5.5428	-6.129	0	-0
7.0091	-6.129	0	-0
8.4754	-6.129	0	-0
9.9417	-6.129	0	-0
11.408	-6.129	0	-0
12.874	-6.129	0	-0
14.341	-6.129	0	-0
15.807	-6.129	0	-0
-14.985	-7.5953	0	-0
-13.519	-7.5953	0	-0
-12.053	-7.5953	0	-0
-10.587	-7.5953	0	-0
-9.1202	-7.5953	0	-0
-7.6539	-7.5953	0	-0
-6.1876	-7.5953	-0.0043777	-0.040593
-4.7213	-7.5953	-0.0075874	-0.043102
-3.255	-7.5953	-0.009506	-0.046181
-1.7887	-7.5953	-0.010119	-0.047557
-0.32241	-7.5953	-0.01086	-0.047717
1.1439	-7.5953	-0.011712	-0.048438
2.6102	-7.5953	-0.011656	-0.048783
4.0765	-7.5953	-0.0087996	-0.048804
5.5428	-7.5953	0	-0
7.0091	-7.5953	0	-0
8.4754	-7.5953	0	-0
9.9417	-7.5953	0	-0
11.408	-7.5953	0	-0
12.874	-7.5953	0	-0
14.341	-7.5953	0	-0
15.807	-7.5953	0	-0
-14.985	-9.0616	0	-0
-13.519	-9.0616	0	-0
-12.053	-9.0616	0	-0
-10.587	-9.0616	0	-0
-9.1202	-9.0616	0	-0
-7.6539	-9.0616	0	-0
-6.1876	-9.0616	-0.0063513	-0.045408
-4.7213	-9.0616	-0.0093891	-0.047623
-3.255	-9.0616	-0.01086	-0.04937
-1.7887	-9.0616	-0.012377	-0.05081
-0.32241	-9.0616	-0.013367	-0.050612
1.1439	-9.0616	-0.013911	-0.051171
2.6102	-9.0616	-0.014832	-0.051942
4.0765	-9.0616	-0.007725	-0.052607
5.5428	-9.0616	0	-0
7.0091	-9.0616	0	-0
8.4754	-9.0616	0	-0
9.9417	-9.0616	0	-0
11.408	-9.0616	0	-0
12.874	-9.0616	0	-0
14.341	-9.0616	0	-0
15.807	-9.0616	0	-0
-14.985	-10.528	0	-0
-13.519	-10.528	0	-0
-12.053	-10.528	0	-0
-10.587	-10.528	0	-0
-9.1202	-10.528	0	-0
-7.6539	-10.528	0	-0
-6.1876	-10.528	-0.0067607	-0.051073
-4.7213	-10.528	-0.0098983	-0.051989
-3.255	-10.528	-0.012002	-0.053262
-1.7887	-10.528	-0.014129	-0.054503
-0.32241	-10.528	-0.016105	-0.055395
1.1439	-10.528	-0.015954	-0.056472
2.6102	-10.528	-0.017158	-0.057403
4.0765	-10.528	-0.0017515	-0.058148
5.5428	-10.528	0	-0
7.0091	-10.528	0	-0
8.4754	-10.528	0	-0
9.9417	-10.528	0	-0
11.408	-10.528	0	-0
12.874	-10.528	0	-0
14.341	-10.528	0	-0
15.807	-10.528	0	-0
-14.985	-11.994	0	-0
-13.519	-11.994	0	-0
-12.053	-11.994	0	-0
-10.587	-11.994	0	-0
-9.1202	-11.994	0	-0
-7.6539	-11.994	0	-0
-6.1876	-11.994	0	-0
-4.7213	-11.994	0	-0
-3.255	-11.994	0	-0
-1.7887	-11.994	0	-0
-0.32241	-11.994	0	-0
1.1439	-11.994	0	-0
2.6102	-11.994	0	-0
4.0765	-11.994	0	-0
5.5428	-11.994	0	-0
7.0091	-11.994	0	-0
8.4754	-11.994	0	-0
9.9417	-11.994	0	-0
11.408	-11.994	0	-0
12.874	-11.994	0	-0
14.341	-11.994	0	-0
15.807	-11.994	0	-0
