#DaVis 7.4.0 2D-vector 96 22 22 "" "[mm]" "" "[mm]" "displacement" "[mm]"
-14.985	18.798	0	-0
-13.519	18.798	0	-0
-12.053	18.798	0	-0
-10.587	18.798	0	-0
-9.1202	18.798	0	-0
-7.6539	18.798	0	-0
-6.1876	18.798	-0.0055029	-0.56602
-4.7213	18.798	-0.029496	0.78447
-3.255	18.798	0.62286	0.018085
-1.7887	18.798	-0.38859	0.68195
-0.32241	18.798	0.83326	-0.50377
1.1439	18.798	-0.059339	-0.75103
2.6102	18.798	-0.048732	-0.31099
4.0765	18.798	0.52744	0.012875
5.5428	18.798	0	-0
7.0091	18.798	0	-0
8.4754	18.798	0	-0
9.9417	18.798	0	-0
11.408	18.798	0	-0
12.874	18.798	0	-0
14.341	18.798	0	-0
15.807	18.798	0	-0
-14.985	17.332	0	-0
-13.519	17.332	0	-0
-12.053	17.332	0	-0
-10.587	17.332	0	-0
-9.1202	17.332	0	-0
-7.6539	17.332	0	-0
-6.1876	17.332	0.18171	-0.41675
-4.7213	17.332	-0.033915	0.12407
-3.255	17.332	-0.035962	0.12149
-1.7887	17.332	-0.041492	0.14937
-0.32241	17.332	-0.042514	0.14116
1.1439	17.332	0.42442	-0.55598
2.6102	17.332	-0.051022	0.14998
4.0765	17.332	-0.01943	-0.52472
5.5428	17.332	0	-0
7.0091	17.332	0	-0
8.4754	17.332	0	-0
9.9417	17.332	0	-0
11.408	17.332	0	-0
12.874	17.332	0	-0
14.341	17.332	0	-0
15.807	17.332	0	-0
-14.985	15.866	0	-0
-13.519	15.866	0	-0
-12.053	15.866	0	-0
-10.587	15.866	0	-0
-9.1202	15.866	0	-0
-7.6539	15.866	0	-0
-6.1876	15.866	-0.017703	0.097749
-4.7213	15.866	-0.021924	0.10155
-3.255	15.866	-0.026628	0.10784
-1.7887	15.866	-0.032701	0.11906
-0.32241	15.866	-0.039373	0.13095
1.1439	15.866	-0.047065	0.1346
2.6102	15.866	-0.05332	0.13045
4.0765	15.866	-0.055076	0.12424
5.5428	15.866	0	-0
7.0091	15.866	0	-0
8.4754	15.866	0	-0
9.9417	15.866	0	-0
11.408	15.866	0	-0
12.874	15.866	0	-0
14.341	15.866	0	-0
15.807	15.866	0	-0
-14.985	14.399	0	-0
-13.519	14.399	0	-0
-12.053	14.399	0	-0
-10.587	14.399	0	-0
-9.1202	14.399	0	-0
-7.6539	14.399	0	-0
-6.1876	14.399	-0.0041812	0.079458
-4.7213	14.399	-0.0080122	0.083198
-3.255	14.399	-0.013593	0.089066
-1.7887	14.399	-0.019773	0.10117
-0.32241	14.399	-0.029573	0.10759
1.1439	14.399	-0.043574	0.11326
2.6102	14.399	-0.052702	0.11202
4.0765	14.399	-0.060254	0.10895
5.5428	14.399	0	-0
7.0091	14.399	0	-0
8.4754	14.399	0	-0
9.9417	14.399	0	-0
11.408	14.399	0	-0
12.874	14.399	0	-0
14.341	14.399	0	-0
15.807	14.399	0	-0
-14.985	12.933	0	-0
-13.519	12.933	0	-0
-12.053	12.933	0	-0
-10.587	12.933	0	-0
-9.1202	12.933	0	-0
-7.6539	12.933	0	-0
-6.1876	12.933	0.0048059	0.069049
-4.7213	12.933	0.0020775	0.069811
-3.255	12.933	-0.0010416	0.072519
-1.7887	12.933	-0.0094359	0.076348
-0.32241	12.933	-0.021765	0.080223
1.1439	12.933	-0.038804	0.085005
2.6102	12.933	-0.046838	0.088908
4.0765	12.933	-0.054117	0.09376
5.5428	12.933	0	-0
7.0091	12.933	0	-0
8.4754	12.933	0	-0
9.9417	12.933	0	-0
11.408	12.933	0	-0
12.874	12.933	0	-0
14.341	12.933	0	-0
15.807	12.933	0	-0
-14.985	11.467	0	-0
-13.519	11.467	0	-0
-12.053	11.467	0	-0
-10.587	11.467	0	-0
-9.1202	11.467	0	-0
-7.6539	11.467	0	-0
-6.1876	11.467	0.0042439	0.055696
-4.7213	11.467	0.0010228	0.051545
-3.255	11.467	-0.0019044	0.051255
-1.7887	11.467	-0.0089151	0.050543
-0.32241	11.467	-0.017985	0.051678
1.1439	11.467	-0.029579	0.054803
2.6102	11.467	-0.039641	0.068533
4.0765	11.467	-0.040636	0.07952
5.5428	11.467	0	-0
7.0091	11.467	0	-0
8.4754	11.467	0	-0
9.9417	11.467	0	-0
11.408	11.467	0	-0
12.874	11.467	0	-0
14.341	11.467	0	-0
15.807	11.467	0	-0
-14.985	10	0	-0
-13.519	10	0	-0
-12.053	10	0	-0
-10.587	10	0	-0
-9.1202	10	0	-0
-7.6539	10	0	-0
-6.1876	10	-0.0027384	0.039828
-4.7213	10	-0.0054548	0.035005
-3.255	10	-0.0089975	0.033319
-1.7887	10	-0.011785	0.03254
-0.32241	10	-0.015718	0.033292
1.1439	10	-0.020641	0.039075
2.6102	10	-0.026315	0.052604
4.0765	10	-0.024061	0.06632
5.5428	10	0	-0
7.0091	10	0	-0
8.4754	10	0	-0
9.9417	10	0	-0
11.408	10	0	-0
12.874	10	0	-0
14.341	10	0	-0
15.807	10	0	-0
-14.985	8.534	0	-0
-13.519	8.534	0	-0
-12.053	8.534	0	-0
-10.587	8.534	0	-0
-9.1202	8.534	0	-0
-7.6539	8.534	0	-0
-6.1876	8.534	-0.0048185	0.024281
-4.7213	8.534	-0.0065774	0.021795
-3.255	8.534	-0.010231	0.021325
-1.7887	8.534	-0.0095557	0.023229
-0.32241	8.534	-0.0093603	0.02571
1.1439	8.534	-0.0095966	0.032109
2.6102	8.534	-0.012397	0.039138
4.0765	8.534	-0.010405	0.050503
5.5428	8.534	0	-0
7.0091	8.534	0	-0
8.4754	8.534	0	-0
9.9417	8.534	0	-0
11.408	8.534	0	-0
12.874	8.534	0	-0
14.341	8.534	0	-0
15.807	8.534	0	-0
-14.985	7.0677	0	-0
-13.519	7.0677	0	-0
-12.053	7.0677	0	-0
-10.587	7.0677	0	-0
-9.1202	7.0677	0	-0
-7.6539	7.0677	0	-0
-6.1876	7.0677	-0.00091891	0.010099
-4.7213	7.0677	-0.00081954	0.010201
-3.255	7.0677	-0.0028651	0.012169
-1.7887	7.0677	-0.0025051	0.015722
-0.32241	7.0677	-0.0014211	0.018832
1.1439	7.0677	-0.00016762	0.021252
2.6102	7.0677	-0.002812	0.022189
4.0765	7.0677	-0.0056756	0.025549
5.5428	7.0677	0	-0
7.0091	7.0677	0	-0
8.4754	7.0677	0	-0
9.9417	7.0677	0	-0
11.408	7.0677	0	-0
12.874	7.0677	0	-0
14.341	7.0677	0	-0
15.807	7.0677	0	-0
-14.985	5.6014	0	-0
-13.519	5.6014	0	-0
-12.053	5.6014	0	-0
-10.587	5.6014	0	-0
-9.1202	5.6014	0	-0
-7.6539	5.6014	0	-0
-6.1876	5.6014	0.0038215	8.9015e-005
-4.7213	5.6014	0.0044501	0.0024511
-3.255	5.6014	0.0039392	0.0059252
-1.7887	5.6014	0.0037641	0.0083696
-0.32241	5.6014	0.0042241	0.0094422
1.1439	5.6014	0.0046703	0.0091497
2.6102	5.6014	0.00050189	0.0082939
4.0765	5.6014	-0.0016383	0.005628
5.5428	5.6014	0	-0
7.0091	5.6014	0	-0
8.4754	5.6014	0	-0
9.9417	5.6014	0	-0
11.408	5.6014	0	-0
12.874	5.6014	0	-0
14.341	5.6014	0	-0
15.807	5.6014	0	-0
-14.985	4.1351	0	-0
-13.519	4.1351	0	-0
-12.053	4.1351	0	-0
-10.587	4.1351	0	-0
-9.1202	4.1351	0	-0
-7.6539	4.1351	0	-0
-6.1876	4.1351	0.010571	-0.0058392
-4.7213	4.1351	0.0097541	-0.0038276
-3.255	4.1351	0.0078754	-0.0019175
-1.7887	4.1351	0.0062485	0.0011782
-0.32241	4.1351	0.004761	0.0026841
1.1439	4.1351	0.0030239	0.00064911
2.6102	4.1351	-0.0011567	-0.0035667
4.0765	4.1351	-0.0038485	-0.0072387
5.5428	4.1351	0	-0
7.0091	4.1351	0	-0
8.4754	4.1351	0	-0
9.9417	4.1351	0	-0
11.408	4.1351	0	-0
12.874	4.1351	0	-0
14.341	4.1351	0	-0
15.807	4.1351	0	-0
-14.985	2.6688	0	-0
-13.519	2.6688	0	-0
-12.053	2.6688	0	-0
-10.587	2.6688	0	-0
-9.1202	2.6688	0	-0
-7.6539	2.6688	0	-0
-6.1876	2.6688	0.013908	-0.013613
-4.7213	2.6688	0.012537	-0.011787
-3.255	2.6688	0.0093077	-0.010744
-1.7887	2.6688	0.0051902	-0.0083999
-0.32241	2.6688	0.0015355	-0.007637
1.1439	2.6688	-0.0030375	-0.010862
2.6102	2.6688	-0.0073484	-0.015337
4.0765	2.6688	-0.0097135	-0.021229
5.5428	2.6688	0	-0
7.0091	2.6688	0	-0
8.4754	2.6688	0	-0
9.9417	2.6688	0	-0
11.408	2.6688	0	-0
12.874	2.6688	0	-0
14.341	2.6688	0	-0
15.807	2.6688	0	-0
-14.985	1.2025	0	-0
-13.519	1.2025	0	-0
-12.053	1.2025	0	-0
-10.587	1.2025	0	-0
-9.1202	1.2025	0	-0
-7.6539	1.2025	0	-0
-6.1876	1.2025	0.015249	-0.020827
-4.7213	1.2025	0.013727	-0.021373
-3.255	1.2025	0.0096774	-0.021631
-1.7887	1.2025	0.0044019	-0.019475
-0.32241	1.2025	-0.0015285	-0.019057
1.1439	1.2025	-0.009169	-0.022129
2.6102	1.2025	-0.012881	-0.02686
4.0765	1.2025	-0.014653	-0.032612
5.5428	1.2025	0	-0
7.0091	1.2025	0	-0
8.4754	1.2025	0	-0
9.9417	1.2025	0	-0
11.408	1.2025	0	-0
12.874	1.2025	0	-0
14.341	1.2025	0	-0
15.807	1.2025	0	-0
-14.985	-0.2638	0	-0
-13.519	-0.2638	0	-0
-12.053	-0.2638	0	-0
-10.587	-0.2638	0	-0
-9.1202	-0.2638	0	-0
-7.6539	-0.2638	0	-0
-6.1876	-0.2638	0.016984	-0.029191
-4.7213	-0.2638	0.014437	-0.031192
-3.255	-0.2638	0.010608	-0.032712
-1.7887	-0.2638	0.004619	-0.032465
-0.32241	-0.2638	-0.0026403	-0.031377
1.1439	-0.2638	-0.0098584	-0.03443
2.6102	-0.2638	-0.013614	-0.039172
4.0765	-0.2638	-0.016703	-0.042459
5.5428	-0.2638	0	-0
7.0091	-0.2638	0	-0
8.4754	-0.2638	0	-0
9.9417	-0.2638	0	-0
11.408	-0.2638	0	-0
12.874	-0.2638	0	-0
14.341	-0.2638	0	-0
15.807	-0.2638	0	-0
-14.985	-1.7301	0	-0
-13.519	-1.7301	0	-0
-12.053	-1.7301	0	-0
-10.587	-1.7301	0	-0
-9.1202	-1.7301	0	-0
-7.6539	-1.7301	0	-0
-6.1876	-1.7301	0.01438	-0.037148
-4.7213	-1.7301	0.013418	-0.040177
-3.255	-1.7301	0.010658	-0.043024
-1.7887	-1.7301	0.0063524	-0.044525
-0.32241	-1.7301	0.00081778	-0.045796
1.1439	-1.7301	-0.0075815	-0.049275
2.6102	-1.7301	-0.012605	-0.051062
4.0765	-1.7301	-0.015006	-0.052588
5.5428	-1.7301	0	-0
7.0091	-1.7301	0	-0
8.4754	-1.7301	0	-0
9.9417	-1.7301	0	-0
11.408	-1.7301	0	-0
12.874	-1.7301	0	-0
14.341	-1.7301	0	-0
15.807	-1.7301	0	-0
-14.985	-3.1964	0	-0
-13.519	-3.1964	0	-0
-12.053	-3.1964	0	-0
-10.587	-3.1964	0	-0
-9.1202	-3.1964	0	-0
-7.6539	-3.1964	0	-0
-6.1876	-3.1964	0.0051114	-0.042146
-4.7213	-3.1964	0.0083226	-0.048155
-3.255	-3.1964	0.0071001	-0.0523
-1.7887	-3.1964	0.004727	-0.055597
-0.32241	-3.1964	0.0003962	-0.057954
1.1439	-3.1964	-0.0058597	-0.059872
2.6102	-3.1964	-0.010428	-0.061238
4.0765	-3.1964	-0.01231	-0.062931
5.5428	-3.1964	0	-0
7.0091	-3.1964	0	-0
8.4754	-3.1964	0	-0
9.9417	-3.1964	0	-0
11.408	-3.1964	0	-0
12.874	-3.1964	0	-0
14.341	-3.1964	0	-0
15.807	-3.1964	0	-0
-14.985	-4.6627	0	-0
-13.519	-4.6627	0	-0
-12.053	-4.6627	0	-0
-10.587	-4.6627	0	-0
-9.1202	-4.6627	0	-0
-7.6539	-4.6627	0	-0
-6.1876	-4.6627	-9.2396e-005	-0.048476
-4.7213	-4.6627	-0.00061882	-0.055902
-3.255	-4.6627	-0.001845	-0.060826
-1.7887	-4.6627	-0.0040515	-0.065035
-0.32241	-4.6627	-0.0066946	-0.06849
1.1439	-4.6627	-0.010141	-0.070353
2.6102	-4.6627	-0.013075	-0.071616
4.0765	-4.6627	-0.01288	-0.072604
5.5428	-4.6627	0	-0
7.0091	-4.6627	0	-0
8.4754	-4.6627	0	-0
9.9417	-4.6627	0	-0
11.408	-4.6627	0	-0
12.874	-4.6627	0	-0
14.341	-4.6627	0	-0
15.807	-4.6627	0	-0
-14.985	-6.129	0	-0
-13.519	-6.129	0	-0
-12.053	-6.129	0	-0
-10.587	-6.129	0	-0
-9.1202	-6.129	0	-0
-7.6539	-6.129	0	-0
-6.1876	-6.129	-0.0060887	-0.055083
-4.7213	-6.129	-0.010755	-0.063333
-3.255	-6.129	-0.013398	-0.07029
-1.7887	-6.129	-0.014783	-0.075103
-0.32241	-6.129	-0.016165	-0.078569
1.1439	-6.129	-0.017777	-0.080866
2.6102	-6.129	-0.019274	-0.081814
4.0765	-6.129	-0.011345	-0.081719
5.5428	-6.129	0	-0
7.0091	-6.129	0	-0
8.4754	-6.129	0	-0
9.9417	-6.129	0	-0
11.408	-6.129	0	-0
12.874	-6.129	0	-0
14.341	-6.129	0	-0
15.807	-6.129	0	-0
-14.985	-7.5953	0	-0
-13.519	-7.5953	0	-0
-12.053	-7.5953	0	-0
-10.587	-7.5953	0	-0
-9.1202	-7.5953	0	-0
-7.6539	-7.5953	0	-0
-6.1876	-7.5953	-0.01281	-0.063155
-4.7213	-7.5953	-0.019375	-0.070593
-3.255	-7.5953	-0.022614	-0.07844
-1.7887	-7.5953	-0.023494	-0.083275
-0.32241	-7.5953	-0.024664	-0.085496
1.1439	-7.5953	-0.026482	-0.088386
2.6102	-7.5953	-0.026364	-0.090611
4.0765	-7.5953	-0.016547	-0.091316
5.5428	-7.5953	0	-0
7.0091	-7.5953	0	-0
8.4754	-7.5953	0	-0
9.9417	-7.5953	0	-0
11.408	-7.5953	0	-0
12.874	-7.5953	0	-0
14.341	-7.5953	0	-0
15.807	-7.5953	0	-0
-14.985	-9.0616	0	-0
-13.519	-9.0616	0	-0
-12.053	-9.0616	0	-0
-10.587	-9.0616	0	-0
-9.1202	-9.0616	0	-0
-7.6539	-9.0616	0	-0
-6.1876	-9.0616	-0.01481	-0.071566
-4.7213	-9.0616	-0.024852	-0.078151
-3.255	-9.0616	-0.027782	-0.083963
-1.7887	-9.0616	-0.029893	-0.08839
-0.32241	-9.0616	-0.031923	-0.090213
1.1439	-9.0616	-0.032934	-0.093303
2.6102	-9.0616	-0.034379	-0.096224
4.0765	-9.0616	-0.022	-0.097999
5.5428	-9.0616	0	-0
7.0091	-9.0616	0	-0
8.4754	-9.0616	0	-0
9.9417	-9.0616	0	-0
11.408	-9.0616	0	-0
12.874	-9.0616	0	-0
14.341	-9.0616	0	-0
15.807	-9.0616	0	-0
-14.985	-10.528	0	-0
-13.519	-10.528	0	-0
-12.053	-10.528	0	-0
-10.587	-10.528	0	-0
-9.1202	-10.528	0	-0
-7.6539	-10.528	0	-0
-6.1876	-10.528	-0.014827	-0.082068
-4.7213	-10.528	-0.028245	-0.085537
-3.255	-10.528	-0.032341	-0.09011
-1.7887	-10.528	-0.036103	-0.094056
-0.32241	-10.528	-0.038275	-0.096998
1.1439	-10.528	-0.038655	-0.1003
2.6102	-10.528	-0.040611	-0.10302
4.0765	-10.528	-0.026178	-0.10502
5.5428	-10.528	0	-0
7.0091	-10.528	0	-0
8.4754	-10.528	0	-0
9.9417	-10.528	0	-0
11.408	-10.528	0	-0
12.874	-10.528	0	-0
14.341	-10.528	0	-0
15.807	-10.528	0	-0
-14.985	-11.994	0	-0
-13.519	-11.994	0	-0
-12.053	-11.994	0	-0
-10.587	-11.994	0	-0
-9.1202	-11.994	0	-0
-7.6539	-11.994	0	-0
-6.1876	-11.994	0	-0
-4.7213	-11.994	0	-0
-3.255	-11.994	0	-0
-1.7887	-11.994	0	-0
-0.32241	-11.994	0	-0
1.1439	-11.994	0	-0
2.6102	-11.994	0	-0
4.0765	-11.994	0	-0
5.5428	-11.994	0	-0
7.0091	-11.994	0	-0
8.4754	-11.994	0	-0
9.9417	-11.994	0	-0
11.408	-11.994	0	-0
12.874	-11.994	0	-0
14.341	-11.994	0	-0
15.807	-11.994	0	-0
