#DaVis 7.4.0 2D-vector 96 22 22 "" "[mm]" "" "[mm]" "displacement" "[mm]"
-14.985	18.798	0	-0
-13.519	18.798	0	-0
-12.053	18.798	0	-0
-10.587	18.798	0	-0
-9.1202	18.798	0	-0
-7.6539	18.798	0	-0
-6.1876	18.798	-0.023545	0.041525
-4.7213	18.798	-0.024393	0.023462
-3.255	18.798	0.45028	0.78795
-1.7887	18.798	-0.028628	0.036534
-0.32241	18.798	-0.028962	0.047673
1.1439	18.798	-0.029248	0.048081
2.6102	18.798	-0.74451	0.76543
4.0765	18.798	-0.0083902	0.8184
5.5428	18.798	0	-0
7.0091	18.798	0	-0
8.4754	18.798	0	-0
9.9417	18.798	0	-0
11.408	18.798	0	-0
12.874	18.798	0	-0
14.341	18.798	0	-0
15.807	18.798	0	-0
-14.985	17.332	0	-0
-13.519	17.332	0	-0
-12.053	17.332	0	-0
-10.587	17.332	0	-0
-9.1202	17.332	0	-0
-7.6539	17.332	0	-0
-6.1876	17.332	-0.019008	0.033911
-4.7213	17.332	-0.021394	0.034048
-3.255	17.332	-0.023739	0.037043
-1.7887	17.332	-0.024205	0.040324
-0.32241	17.332	-0.025357	0.045886
1.1439	17.332	-0.026126	0.049378
2.6102	17.332	-0.026158	0.051846
4.0765	17.332	-0.019664	0.053219
5.5428	17.332	0	-0
7.0091	17.332	0	-0
8.4754	17.332	0	-0
9.9417	17.332	0	-0
11.408	17.332	0	-0
12.874	17.332	0	-0
14.341	17.332	0	-0
15.807	17.332	0	-0
-14.985	15.866	0	-0
-13.519	15.866	0	-0
-12.053	15.866	0	-0
-10.587	15.866	0	-0
-9.1202	15.866	0	-0
-7.6539	15.866	0	-0
-6.1876	15.866	-0.015035	0.028513
-4.7213	15.866	-0.017034	0.028735
-3.255	15.866	-0.019036	0.031216
-1.7887	15.866	-0.019468	0.035305
-0.32241	15.866	-0.020745	0.041251
1.1439	15.866	-0.022045	0.044249
2.6102	15.866	-0.023482	0.046799
4.0765	15.866	-0.016531	0.047858
5.5428	15.866	0	-0
7.0091	15.866	0	-0
8.4754	15.866	0	-0
9.9417	15.866	0	-0
11.408	15.866	0	-0
12.874	15.866	0	-0
14.341	15.866	0	-0
15.807	15.866	0	-0
-14.985	14.399	0	-0
-13.519	14.399	0	-0
-12.053	14.399	0	-0
-10.587	14.399	0	-0
-9.1202	14.399	0	-0
-7.6539	14.399	0	-0
-6.1876	14.399	-0.010242	0.025005
-4.7213	14.399	-0.012642	0.02435
-3.255	14.399	-0.013946	0.026409
-1.7887	14.399	-0.015443	0.030627
-0.32241	14.399	-0.016661	0.035169
1.1439	14.399	-0.019688	0.039516
2.6102	14.399	-0.019943	0.042104
4.0765	14.399	-0.012326	0.042959
5.5428	14.399	0	-0
7.0091	14.399	0	-0
8.4754	14.399	0	-0
9.9417	14.399	0	-0
11.408	14.399	0	-0
12.874	14.399	0	-0
14.341	14.399	0	-0
15.807	14.399	0	-0
-14.985	12.933	0	-0
-13.519	12.933	0	-0
-12.053	12.933	0	-0
-10.587	12.933	0	-0
-9.1202	12.933	0	-0
-7.6539	12.933	0	-0
-6.1876	12.933	-0.0087504	0.018269
-4.7213	12.933	-0.0099141	0.020186
-3.255	12.933	-0.010661	0.022
-1.7887	12.933	-0.012325	0.024781
-0.32241	12.933	-0.014286	0.028416
1.1439	12.933	-0.016932	0.032228
2.6102	12.933	-0.016992	0.035272
4.0765	12.933	-0.0090983	0.03752
5.5428	12.933	0	-0
7.0091	12.933	0	-0
8.4754	12.933	0	-0
9.9417	12.933	0	-0
11.408	12.933	0	-0
12.874	12.933	0	-0
14.341	12.933	0	-0
15.807	12.933	0	-0
-14.985	11.467	0	-0
-13.519	11.467	0	-0
-12.053	11.467	0	-0
-10.587	11.467	0	-0
-9.1202	11.467	0	-0
-7.6539	11.467	0	-0
-6.1876	11.467	-0.008166	0.013908
-4.7213	11.467	-0.0091837	0.014801
-3.255	11.467	-0.0097447	0.016734
-1.7887	11.467	-0.010624	0.019239
-0.32241	11.467	-0.011926	0.022262
1.1439	11.467	-0.013676	0.025738
2.6102	11.467	-0.014595	0.029528
4.0765	11.467	-0.0097848	0.031947
5.5428	11.467	0	-0
7.0091	11.467	0	-0
8.4754	11.467	0	-0
9.9417	11.467	0	-0
11.408	11.467	0	-0
12.874	11.467	0	-0
14.341	11.467	0	-0
15.807	11.467	0	-0
-14.985	10	0	-0
-13.519	10	0	-0
-12.053	10	0	-0
-10.587	10	0	-0
-9.1202	10	0	-0
-7.6539	10	0	-0
-6.1876	10	-0.0063565	0.0086043
-4.7213	10	-0.0078931	0.0099904
-3.255	10	-0.0085526	0.012274
-1.7887	10	-0.0086369	0.015518
-0.32241	10	-0.0089376	0.018284
1.1439	10	-0.010069	0.02139
2.6102	10	-0.010697	0.024311
4.0765	10	-0.0095986	0.026596
5.5428	10	0	-0
7.0091	10	0	-0
8.4754	10	0	-0
9.9417	10	0	-0
11.408	10	0	-0
12.874	10	0	-0
14.341	10	0	-0
15.807	10	0	-0
-14.985	8.534	0	-0
-13.519	8.534	0	-0
-12.053	8.534	0	-0
-10.587	8.534	0	-0
-9.1202	8.534	0	-0
-7.6539	8.534	0	-0
-6.1876	8.534	-0.003857	0.0045599
-4.7213	8.534	-0.0047523	0.0065732
-3.255	8.534	-0.0057274	0.009621
-1.7887	8.534	-0.0051685	0.012683
-0.32241	8.534	-0.0052315	0.01536
1.1439	8.534	-0.0054591	0.017696
2.6102	8.534	-0.0064481	0.019233
4.0765	8.534	-0.0064405	0.021597
5.5428	8.534	0	-0
7.0091	8.534	0	-0
8.4754	8.534	0	-0
9.9417	8.534	0	-0
11.408	8.534	0	-0
12.874	8.534	0	-0
14.341	8.534	0	-0
15.807	8.534	0	-0
-14.985	7.0677	0	-0
-13.519	7.0677	0	-0
-12.053	7.0677	0	-0
-10.587	7.0677	0	-0
-9.1202	7.0677	0	-0
-7.6539	7.0677	0	-0
-6.1876	7.0677	-0.00052592	0.00064209
-4.7213	7.0677	-0.0010953	0.0028703
-3.255	7.0677	-0.0020033	0.0057646
-1.7887	7.0677	-0.0020394	0.0088065
-0.32241	7.0677	-0.002112	0.011036
1.1439	7.0677	-0.0024266	0.012992
2.6102	7.0677	-0.0037765	0.014186
4.0765	7.0677	-0.0043627	0.014707
5.5428	7.0677	0	-0
7.0091	7.0677	0	-0
8.4754	7.0677	0	-0
9.9417	7.0677	0	-0
11.408	7.0677	0	-0
12.874	7.0677	0	-0
14.341	7.0677	0	-0
15.807	7.0677	0	-0
-14.985	5.6014	0	-0
-13.519	5.6014	0	-0
-12.053	5.6014	0	-0
-10.587	5.6014	0	-0
-9.1202	5.6014	0	-0
-7.6539	5.6014	0	-0
-6.1876	5.6014	0.0024382	-0.0032942
-4.7213	5.6014	0.0017048	-0.00081454
-3.255	5.6014	0.0012321	0.0020416
-1.7887	5.6014	0.00074556	0.0045695
-0.32241	5.6014	-6.2695e-005	0.006264
1.1439	5.6014	-0.00073954	0.0071336
2.6102	5.6014	-0.0024275	0.0081261
4.0765	5.6014	-0.00309	0.0072602
5.5428	5.6014	0	-0
7.0091	5.6014	0	-0
8.4754	5.6014	0	-0
9.9417	5.6014	0	-0
11.408	5.6014	0	-0
12.874	5.6014	0	-0
14.341	5.6014	0	-0
15.807	5.6014	0	-0
-14.985	4.1351	0	-0
-13.519	4.1351	0	-0
-12.053	4.1351	0	-0
-10.587	4.1351	0	-0
-9.1202	4.1351	0	-0
-7.6539	4.1351	0	-0
-6.1876	4.1351	0.0056439	-0.0071234
-4.7213	4.1351	0.0050868	-0.0047873
-3.255	4.1351	0.0039033	-0.002703
-1.7887	4.1351	0.0024197	9.9815e-005
-0.32241	4.1351	0.00095791	0.0021086
1.1439	4.1351	-0.00022541	0.0021877
2.6102	4.1351	-0.0023389	0.0019465
4.0765	4.1351	-0.0034706	0.0016504
5.5428	4.1351	0	-0
7.0091	4.1351	0	-0
8.4754	4.1351	0	-0
9.9417	4.1351	0	-0
11.408	4.1351	0	-0
12.874	4.1351	0	-0
14.341	4.1351	0	-0
15.807	4.1351	0	-0
-14.985	2.6688	0	-0
-13.519	2.6688	0	-0
-12.053	2.6688	0	-0
-10.587	2.6688	0	-0
-9.1202	2.6688	0	-0
-7.6539	2.6688	0	-0
-6.1876	2.6688	0.0070005	-0.011286
-4.7213	2.6688	0.0070785	-0.0093504
-3.255	2.6688	0.0052385	-0.0081703
-1.7887	2.6688	0.0028234	-0.006294
-0.32241	2.6688	0.00074085	-0.004931
1.1439	2.6688	-0.001512	-0.0051003
2.6102	2.6688	-0.0034902	-0.0045754
4.0765	2.6688	-0.0046219	-0.0048596
5.5428	2.6688	0	-0
7.0091	2.6688	0	-0
8.4754	2.6688	0	-0
9.9417	2.6688	0	-0
11.408	2.6688	0	-0
12.874	2.6688	0	-0
14.341	2.6688	0	-0
15.807	2.6688	0	-0
-14.985	1.2025	0	-0
-13.519	1.2025	0	-0
-12.053	1.2025	0	-0
-10.587	1.2025	0	-0
-9.1202	1.2025	0	-0
-7.6539	1.2025	0	-0
-6.1876	1.2025	0.0081259	-0.01529
-4.7213	1.2025	0.0083223	-0.014828
-3.255	1.2025	0.0059432	-0.014453
-1.7887	1.2025	0.0031801	-0.01251
-0.32241	1.2025	0.00057301	-0.010978
1.1439	1.2025	-0.0026344	-0.010955
2.6102	1.2025	-0.0038925	-0.011515
4.0765	1.2025	-0.0046374	-0.012468
5.5428	1.2025	0	-0
7.0091	1.2025	0	-0
8.4754	1.2025	0	-0
9.9417	1.2025	0	-0
11.408	1.2025	0	-0
12.874	1.2025	0	-0
14.341	1.2025	0	-0
15.807	1.2025	0	-0
-14.985	-0.2638	0	-0
-13.519	-0.2638	0	-0
-12.053	-0.2638	0	-0
-10.587	-0.2638	0	-0
-9.1202	-0.2638	0	-0
-7.6539	-0.2638	0	-0
-6.1876	-0.2638	0.0099888	-0.020399
-4.7213	-0.2638	0.0094545	-0.020655
-3.255	-0.2638	0.0073612	-0.020371
-1.7887	-0.2638	0.0045098	-0.019376
-0.32241	-0.2638	0.0014814	-0.017632
1.1439	-0.2638	-0.0013581	-0.017928
2.6102	-0.2638	-0.0025149	-0.018543
4.0765	-0.2638	-0.0039438	-0.018663
5.5428	-0.2638	0	-0
7.0091	-0.2638	0	-0
8.4754	-0.2638	0	-0
9.9417	-0.2638	0	-0
11.408	-0.2638	0	-0
12.874	-0.2638	0	-0
14.341	-0.2638	0	-0
15.807	-0.2638	0	-0
-14.985	-1.7301	0	-0
-13.519	-1.7301	0	-0
-12.053	-1.7301	0	-0
-10.587	-1.7301	0	-0
-9.1202	-1.7301	0	-0
-7.6539	-1.7301	0	-0
-6.1876	-1.7301	0.0089395	-0.02538
-4.7213	-1.7301	0.0096095	-0.025773
-3.255	-1.7301	0.0083274	-0.026121
-1.7887	-1.7301	0.0064654	-0.025581
-0.32241	-1.7301	0.0043279	-0.025213
1.1439	-1.7301	0.0010432	-0.026278
2.6102	-1.7301	-0.0012876	-0.024837
4.0765	-1.7301	-0.0025266	-0.024787
5.5428	-1.7301	0	-0
7.0091	-1.7301	0	-0
8.4754	-1.7301	0	-0
9.9417	-1.7301	0	-0
11.408	-1.7301	0	-0
12.874	-1.7301	0	-0
14.341	-1.7301	0	-0
15.807	-1.7301	0	-0
-14.985	-3.1964	0	-0
-13.519	-3.1964	0	-0
-12.053	-3.1964	0	-0
-10.587	-3.1964	0	-0
-9.1202	-3.1964	0	-0
-7.6539	-3.1964	0	-0
-6.1876	-3.1964	0.003039	-0.02943
-4.7213	-3.1964	0.0080804	-0.030884
-3.255	-3.1964	0.0073557	-0.031502
-1.7887	-3.1964	0.0064012	-0.031523
-0.32241	-3.1964	0.0046018	-0.030857
1.1439	-3.1964	0.0017867	-0.029525
2.6102	-3.1964	0.00028317	-0.030021
4.0765	-3.1964	-0.0011448	-0.030477
5.5428	-3.1964	0	-0
7.0091	-3.1964	0	-0
8.4754	-3.1964	0	-0
9.9417	-3.1964	0	-0
11.408	-3.1964	0	-0
12.874	-3.1964	0	-0
14.341	-3.1964	0	-0
15.807	-3.1964	0	-0
-14.985	-4.6627	0	-0
-13.519	-4.6627	0	-0
-12.053	-4.6627	0	-0
-10.587	-4.6627	0	-0
-9.1202	-4.6627	0	-0
-7.6539	-4.6627	0	-0
-6.1876	-4.6627	0.004497	-0.033627
-4.7213	-4.6627	0.0052359	-0.035544
-3.255	-4.6627	0.0043931	-0.036526
-1.7887	-4.6627	0.0034905	-0.03667
-0.32241	-4.6627	0.0025963	-0.036473
1.1439	-4.6627	0.0010806	-0.036406
2.6102	-4.6627	-0.00019551	-0.036043
4.0765	-4.6627	-0.0014129	-0.036065
5.5428	-4.6627	0	-0
7.0091	-4.6627	0	-0
8.4754	-4.6627	0	-0
9.9417	-4.6627	0	-0
11.408	-4.6627	0	-0
12.874	-4.6627	0	-0
14.341	-4.6627	0	-0
15.807	-4.6627	0	-0
-14.985	-6.129	0	-0
-13.519	-6.129	0	-0
-12.053	-6.129	0	-0
-10.587	-6.129	0	-0
-9.1202	-6.129	0	-0
-7.6539	-6.129	0	-0
-6.1876	-6.129	0.0037719	-0.038126
-4.7213	-6.129	0.0020394	-0.040439
-3.255	-6.129	0.00066652	-0.041925
-1.7887	-6.129	0.00011023	-0.042789
-0.32241	-6.129	-0.00040111	-0.042385
1.1439	-6.129	-0.00098553	-0.0419
2.6102	-6.129	-0.0019724	-0.041408
4.0765	-6.129	-0.0030721	-0.040503
5.5428	-6.129	0	-0
7.0091	-6.129	0	-0
8.4754	-6.129	0	-0
9.9417	-6.129	0	-0
11.408	-6.129	0	-0
12.874	-6.129	0	-0
14.341	-6.129	0	-0
15.807	-6.129	0	-0
-14.985	-7.5953	0	-0
-13.519	-7.5953	0	-0
-12.053	-7.5953	0	-0
-10.587	-7.5953	0	-0
-9.1202	-7.5953	0	-0
-7.6539	-7.5953	0	-0
-6.1876	-7.5953	0.0019528	-0.0428
-4.7213	-7.5953	7.6059e-005	-0.044289
-3.255	-7.5953	-0.0015301	-0.046312
-1.7887	-7.5953	-0.0023476	-0.046924
-0.32241	-7.5953	-0.0028609	-0.04616
1.1439	-7.5953	-0.0032032	-0.04596
2.6102	-7.5953	-0.0042669	-0.04556
4.0765	-7.5953	-0.004707	-0.044636
5.5428	-7.5953	0	-0
7.0091	-7.5953	0	-0
8.4754	-7.5953	0	-0
9.9417	-7.5953	0	-0
11.408	-7.5953	0	-0
12.874	-7.5953	0	-0
14.341	-7.5953	0	-0
15.807	-7.5953	0	-0
-14.985	-9.0616	0	-0
-13.519	-9.0616	0	-0
-12.053	-9.0616	0	-0
-10.587	-9.0616	0	-0
-9.1202	-9.0616	0	-0
-7.6539	-9.0616	0	-0
-6.1876	-9.0616	0.00069057	-0.047492
-4.7213	-9.0616	-0.0009608	-0.0486
-3.255	-9.0616	-0.0021037	-0.049493
-1.7887	-9.0616	-0.0034887	-0.05002
-0.32241	-9.0616	-0.0041367	-0.049019
1.1439	-9.0616	-0.0048049	-0.048609
2.6102	-9.0616	-0.0059371	-0.04834
4.0765	-9.0616	-0.0064736	-0.048298
5.5428	-9.0616	0	-0
7.0091	-9.0616	0	-0
8.4754	-9.0616	0	-0
9.9417	-9.0616	0	-0
11.408	-9.0616	0	-0
12.874	-9.0616	0	-0
14.341	-9.0616	0	-0
15.807	-9.0616	0	-0
-14.985	-10.528	0	-0
-13.519	-10.528	0	-0
-12.053	-10.528	0	-0
-10.587	-10.528	0	-0
-9.1202	-10.528	0	-0
-7.6539	-10.528	0	-0
-6.1876	-10.528	0.00070665	-0.053349
-4.7213	-10.528	-0.0012071	-0.052927
-3.255	-10.528	-0.0023019	-0.053527
-1.7887	-10.528	-0.0040659	-0.053761
-0.32241	-10.528	-0.0054147	-0.053654
1.1439	-10.528	-0.0059337	-0.053798
2.6102	-10.528	-0.007155	-0.053757
4.0765	-10.528	-0.0079058	-0.053121
5.5428	-10.528	0	-0
7.0091	-10.528	0	-0
8.4754	-10.528	0	-0
9.9417	-10.528	0	-0
11.408	-10.528	0	-0
12.874	-10.528	0	-0
14.341	-10.528	0	-0
15.807	-10.528	0	-0
-14.985	-11.994	0	-0
-13.519	-11.994	0	-0
-12.053	-11.994	0	-0
-10.587	-11.994	0	-0
-9.1202	-11.994	0	-0
-7.6539	-11.994	0	-0
-6.1876	-11.994	0	-0
-4.7213	-11.994	0	-0
-3.255	-11.994	0	-0
-1.7887	-11.994	0	-0
-0.32241	-11.994	0	-0
1.1439	-11.994	0	-0
2.6102	-11.994	0	-0
4.0765	-11.994	0	-0
5.5428	-11.994	0	-0
7.0091	-11.994	0	-0
8.4754	-11.994	0	-0
9.9417	-11.994	0	-0
11.408	-11.994	0	-0
12.874	-11.994	0	-0
14.341	-11.994	0	-0
15.807	-11.994	0	-0
