#DaVis 7.4.0 2D-vector 96 22 22 "" "[mm]" "" "[mm]" "displacement" "[mm]"
-14.985	18.798	0	-0
-13.519	18.798	0	-0
-12.053	18.798	0	-0
-10.587	18.798	0	-0
-9.1202	18.798	0	-0
-7.6539	18.798	0	-0
-6.1876	18.798	0.089891	-0.14259
-4.7213	18.798	0.093243	-0.81931
-3.255	18.798	0.34123	0.50049
-1.7887	18.798	0.43499	0.84979
-0.32241	18.798	-0.03033	0.050236
1.1439	18.798	0.064592	-0.29536
2.6102	18.798	-0.87319	0.51652
4.0765	18.798	0.052094	0.56286
5.5428	18.798	0	-0
7.0091	18.798	0	-0
8.4754	18.798	0	-0
9.9417	18.798	0	-0
11.408	18.798	0	-0
12.874	18.798	0	-0
14.341	18.798	0	-0
15.807	18.798	0	-0
-14.985	17.332	0	-0
-13.519	17.332	0	-0
-12.053	17.332	0	-0
-10.587	17.332	0	-0
-9.1202	17.332	0	-0
-7.6539	17.332	0	-0
-6.1876	17.332	-0.019643	0.043016
-4.7213	17.332	-0.020158	0.051543
-3.255	17.332	-0.022037	0.047684
-1.7887	17.332	-0.023631	0.05644
-0.32241	17.332	-0.024639	0.053536
1.1439	17.332	0.19081	-0.28232
2.6102	17.332	-0.026758	0.063805
4.0765	17.332	-0.012741	0.4291
5.5428	17.332	0	-0
7.0091	17.332	0	-0
8.4754	17.332	0	-0
9.9417	17.332	0	-0
11.408	17.332	0	-0
12.874	17.332	0	-0
14.341	17.332	0	-0
15.807	17.332	0	-0
-14.985	15.866	0	-0
-13.519	15.866	0	-0
-12.053	15.866	0	-0
-10.587	15.866	0	-0
-9.1202	15.866	0	-0
-7.6539	15.866	0	-0
-6.1876	15.866	-0.012973	0.041445
-4.7213	15.866	-0.014879	0.042195
-3.255	15.866	-0.016866	0.043445
-1.7887	15.866	-0.017937	0.047866
-0.32241	15.866	-0.01981	0.053406
1.1439	15.866	-0.022058	0.056997
2.6102	15.866	-0.024212	0.058973
4.0765	15.866	-0.018171	0.060343
5.5428	15.866	0	-0
7.0091	15.866	0	-0
8.4754	15.866	0	-0
9.9417	15.866	0	-0
11.408	15.866	0	-0
12.874	15.866	0	-0
14.341	15.866	0	-0
15.807	15.866	0	-0
-14.985	14.399	0	-0
-13.519	14.399	0	-0
-12.053	14.399	0	-0
-10.587	14.399	0	-0
-9.1202	14.399	0	-0
-7.6539	14.399	0	-0
-6.1876	14.399	-0.0071695	0.034568
-4.7213	14.399	-0.010023	0.036242
-3.255	14.399	-0.011632	0.037233
-1.7887	14.399	-0.013747	0.041115
-0.32241	14.399	-0.015553	0.046628
1.1439	14.399	-0.019855	0.050589
2.6102	14.399	-0.020665	0.052598
4.0765	14.399	-0.01408	0.053857
5.5428	14.399	0	-0
7.0091	14.399	0	-0
8.4754	14.399	0	-0
9.9417	14.399	0	-0
11.408	14.399	0	-0
12.874	14.399	0	-0
14.341	14.399	0	-0
15.807	14.399	0	-0
-14.985	12.933	0	-0
-13.519	12.933	0	-0
-12.053	12.933	0	-0
-10.587	12.933	0	-0
-9.1202	12.933	0	-0
-7.6539	12.933	0	-0
-6.1876	12.933	-0.0062491	0.028438
-4.7213	12.933	-0.0075115	0.030217
-3.255	12.933	-0.0086312	0.030983
-1.7887	12.933	-0.011029	0.033442
-0.32241	12.933	-0.01359	0.037237
1.1439	12.933	-0.0171	0.0415
2.6102	12.933	-0.01779	0.044194
4.0765	12.933	-0.010403	0.046486
5.5428	12.933	0	-0
7.0091	12.933	0	-0
8.4754	12.933	0	-0
9.9417	12.933	0	-0
11.408	12.933	0	-0
12.874	12.933	0	-0
14.341	12.933	0	-0
15.807	12.933	0	-0
-14.985	11.467	0	-0
-13.519	11.467	0	-0
-12.053	11.467	0	-0
-10.587	11.467	0	-0
-9.1202	11.467	0	-0
-7.6539	11.467	0	-0
-6.1876	11.467	-0.0065346	0.022226
-4.7213	11.467	-0.0077813	0.022415
-3.255	11.467	-0.0085576	0.023974
-1.7887	11.467	-0.0099456	0.026092
-0.32241	11.467	-0.011679	0.029006
1.1439	11.467	-0.014469	0.032409
2.6102	11.467	-0.015432	0.036163
4.0765	11.467	-0.0078554	0.038497
5.5428	11.467	0	-0
7.0091	11.467	0	-0
8.4754	11.467	0	-0
9.9417	11.467	0	-0
11.408	11.467	0	-0
12.874	11.467	0	-0
14.341	11.467	0	-0
15.807	11.467	0	-0
-14.985	10	0	-0
-13.519	10	0	-0
-12.053	10	0	-0
-10.587	10	0	-0
-9.1202	10	0	-0
-7.6539	10	0	-0
-6.1876	10	-0.0050932	0.015425
-4.7213	10	-0.0072596	0.015878
-3.255	10	-0.0080587	0.017592
-1.7887	10	-0.0082298	0.020727
-0.32241	10	-0.0087235	0.023517
1.1439	10	-0.010511	0.026667
2.6102	10	-0.011389	0.029613
4.0765	10	-0.0078967	0.031489
5.5428	10	0	-0
7.0091	10	0	-0
8.4754	10	0	-0
9.9417	10	0	-0
11.408	10	0	-0
12.874	10	0	-0
14.341	10	0	-0
15.807	10	0	-0
-14.985	8.534	0	-0
-13.519	8.534	0	-0
-12.053	8.534	0	-0
-10.587	8.534	0	-0
-9.1202	8.534	0	-0
-7.6539	8.534	0	-0
-6.1876	8.534	-0.0023158	0.0098678
-4.7213	8.534	-0.0036437	0.011333
-3.255	8.534	-0.0050906	0.014057
-1.7887	8.534	-0.0045205	0.016818
-0.32241	8.534	-0.0045257	0.019216
1.1439	8.534	-0.0050697	0.021278
2.6102	8.534	-0.0065264	0.022618
4.0765	8.534	-0.0058511	0.025044
5.5428	8.534	0	-0
7.0091	8.534	0	-0
8.4754	8.534	0	-0
9.9417	8.534	0	-0
11.408	8.534	0	-0
12.874	8.534	0	-0
14.341	8.534	0	-0
15.807	8.534	0	-0
-14.985	7.0677	0	-0
-13.519	7.0677	0	-0
-12.053	7.0677	0	-0
-10.587	7.0677	0	-0
-9.1202	7.0677	0	-0
-7.6539	7.0677	0	-0
-6.1876	7.0677	0.0011144	0.0042879
-4.7213	7.0677	0.0002738	0.0062574
-3.255	7.0677	-0.0010113	0.0092781
-1.7887	7.0677	-0.0012226	0.011992
-0.32241	7.0677	-0.0011327	0.013933
1.1439	7.0677	-0.0016694	0.014884
2.6102	7.0677	-0.0030733	0.014644
4.0765	7.0677	-0.002978	0.014654
5.5428	7.0677	0	-0
7.0091	7.0677	0	-0
8.4754	7.0677	0	-0
9.9417	7.0677	0	-0
11.408	7.0677	0	-0
12.874	7.0677	0	-0
14.341	7.0677	0	-0
15.807	7.0677	0	-0
-14.985	5.6014	0	-0
-13.519	5.6014	0	-0
-12.053	5.6014	0	-0
-10.587	5.6014	0	-0
-9.1202	5.6014	0	-0
-7.6539	5.6014	0	-0
-6.1876	5.6014	0.0042605	-0.00099038
-4.7213	5.6014	0.0032118	0.0011726
-3.255	5.6014	0.002503	0.0038931
-1.7887	5.6014	0.0017025	0.0060816
-0.32241	5.6014	0.00086686	0.0071339
1.1439	5.6014	-0.00023586	0.0068919
2.6102	5.6014	-0.0021562	0.007072
4.0765	5.6014	-0.0022151	0.0051727
5.5428	5.6014	0	-0
7.0091	5.6014	0	-0
8.4754	5.6014	0	-0
9.9417	5.6014	0	-0
11.408	5.6014	0	-0
12.874	5.6014	0	-0
14.341	5.6014	0	-0
15.807	5.6014	0	-0
-14.985	4.1351	0	-0
-13.519	4.1351	0	-0
-12.053	4.1351	0	-0
-10.587	4.1351	0	-0
-9.1202	4.1351	0	-0
-7.6539	4.1351	0	-0
-6.1876	4.1351	0.0077111	-0.0057336
-4.7213	4.1351	0.0064443	-0.0038671
-3.255	4.1351	0.0049822	-0.0021968
-1.7887	4.1351	0.003199	-1.2868e-005
-0.32241	4.1351	0.0013412	0.0013191
1.1439	4.1351	-0.00057451	0.00058808
2.6102	4.1351	-0.0035188	-0.00096011
4.0765	4.1351	-0.0044475	-0.002751
5.5428	4.1351	0	-0
7.0091	4.1351	0	-0
8.4754	4.1351	0	-0
9.9417	4.1351	0	-0
11.408	4.1351	0	-0
12.874	4.1351	0	-0
14.341	4.1351	0	-0
15.807	4.1351	0	-0
-14.985	2.6688	0	-0
-13.519	2.6688	0	-0
-12.053	2.6688	0	-0
-10.587	2.6688	0	-0
-9.1202	2.6688	0	-0
-7.6539	2.6688	0	-0
-6.1876	2.6688	0.0089394	-0.011294
-4.7213	2.6688	0.0082489	-0.010036
-3.255	2.6688	0.0057465	-0.0094069
-1.7887	2.6688	0.0025035	-0.0079573
-0.32241	2.6688	-0.00024366	-0.0070605
1.1439	2.6688	-0.0031509	-0.0084333
2.6102	2.6688	-0.0061832	-0.0093682
4.0765	2.6688	-0.0074954	-0.011525
5.5428	2.6688	0	-0
7.0091	2.6688	0	-0
8.4754	2.6688	0	-0
9.9417	2.6688	0	-0
11.408	2.6688	0	-0
12.874	2.6688	0	-0
14.341	2.6688	0	-0
15.807	2.6688	0	-0
-14.985	1.2025	0	-0
-13.519	1.2025	0	-0
-12.053	1.2025	0	-0
-10.587	1.2025	0	-0
-9.1202	1.2025	0	-0
-7.6539	1.2025	0	-0
-6.1876	1.2025	0.0096991	-0.01661
-4.7213	1.2025	0.0088912	-0.017235
-3.255	1.2025	0.0056822	-0.017667
-1.7887	1.2025	0.0020184	-0.016122
-0.32241	1.2025	-0.001461	-0.015366
1.1439	1.2025	-0.0059835	-0.016515
2.6102	1.2025	-0.0077435	-0.018134
4.0765	1.2025	-0.0088352	-0.020274
5.5428	1.2025	0	-0
7.0091	1.2025	0	-0
8.4754	1.2025	0	-0
9.9417	1.2025	0	-0
11.408	1.2025	0	-0
12.874	1.2025	0	-0
14.341	1.2025	0	-0
15.807	1.2025	0	-0
-14.985	-0.2638	0	-0
-13.519	-0.2638	0	-0
-12.053	-0.2638	0	-0
-10.587	-0.2638	0	-0
-9.1202	-0.2638	0	-0
-7.6539	-0.2638	0	-0
-6.1876	-0.2638	0.01122	-0.023616
-4.7213	-0.2638	0.0094579	-0.025094
-3.255	-0.2638	0.006451	-0.02585
-1.7887	-0.2638	0.0026811	-0.025228
-0.32241	-0.2638	-0.0013722	-0.024013
1.1439	-0.2638	-0.0051393	-0.025404
2.6102	-0.2638	-0.0069021	-0.027513
4.0765	-0.2638	-0.0086416	-0.028573
5.5428	-0.2638	0	-0
7.0091	-0.2638	0	-0
8.4754	-0.2638	0	-0
9.9417	-0.2638	0	-0
11.408	-0.2638	0	-0
12.874	-0.2638	0	-0
14.341	-0.2638	0	-0
15.807	-0.2638	0	-0
-14.985	-1.7301	0	-0
-13.519	-1.7301	0	-0
-12.053	-1.7301	0	-0
-10.587	-1.7301	0	-0
-9.1202	-1.7301	0	-0
-7.6539	-1.7301	0	-0
-6.1876	-1.7301	0.0089685	-0.030056
-4.7213	-1.7301	0.0088814	-0.031816
-3.255	-1.7301	0.0067998	-0.033165
-1.7887	-1.7301	0.0043331	-0.033459
-0.32241	-1.7301	0.0013312	-0.03376
1.1439	-1.7301	-0.0032584	-0.035842
2.6102	-1.7301	-0.0061384	-0.035532
4.0765	-1.7301	-0.0069797	-0.036301
5.5428	-1.7301	0	-0
7.0091	-1.7301	0	-0
8.4754	-1.7301	0	-0
9.9417	-1.7301	0	-0
11.408	-1.7301	0	-0
12.874	-1.7301	0	-0
14.341	-1.7301	0	-0
15.807	-1.7301	0	-0
-14.985	-3.1964	0	-0
-13.519	-3.1964	0	-0
-12.053	-3.1964	0	-0
-10.587	-3.1964	0	-0
-9.1202	-3.1964	0	-0
-7.6539	-3.1964	0	-0
-6.1876	-3.1964	0.006457	-0.035445
-4.7213	-3.1964	0.0056818	-0.038379
-3.255	-3.1964	0.0044436	-0.040355
-1.7887	-3.1964	0.0032641	-0.041318
-0.32241	-3.1964	0.0011589	-0.041432
1.1439	-3.1964	-0.0023851	-0.042244
2.6102	-3.1964	-0.0050682	-0.042605
4.0765	-3.1964	-0.0051185	-0.043962
5.5428	-3.1964	0	-0
7.0091	-3.1964	0	-0
8.4754	-3.1964	0	-0
9.9417	-3.1964	0	-0
11.408	-3.1964	0	-0
12.874	-3.1964	0	-0
14.341	-3.1964	0	-0
15.807	-3.1964	0	-0
-14.985	-4.6627	0	-0
-13.519	-4.6627	0	-0
-12.053	-4.6627	0	-0
-10.587	-4.6627	0	-0
-9.1202	-4.6627	0	-0
-7.6539	-4.6627	0	-0
-6.1876	-4.6627	0.0030074	-0.041004
-4.7213	-4.6627	0.00099043	-0.044524
-3.255	-4.6627	-0.00039393	-0.046838
-1.7887	-4.6627	-0.0013748	-0.047951
-0.32241	-4.6627	-0.0026203	-0.048245
1.1439	-4.6627	-0.00507	-0.049091
2.6102	-4.6627	-0.0064092	-0.049942
4.0765	-4.6627	-0.0052054	-0.050702
5.5428	-4.6627	0	-0
7.0091	-4.6627	0	-0
8.4754	-4.6627	0	-0
9.9417	-4.6627	0	-0
11.408	-4.6627	0	-0
12.874	-4.6627	0	-0
14.341	-4.6627	0	-0
15.807	-4.6627	0	-0
-14.985	-6.129	0	-0
-13.519	-6.129	0	-0
-12.053	-6.129	0	-0
-10.587	-6.129	0	-0
-9.1202	-6.129	0	-0
-7.6539	-6.129	0	-0
-6.1876	-6.129	-0.00067837	-0.046989
-4.7213	-6.129	-0.0042028	-0.050572
-3.255	-6.129	-0.0061484	-0.053911
-1.7887	-6.129	-0.0068954	-0.055276
-0.32241	-6.129	-0.0076264	-0.055855
1.1439	-6.129	-0.0088942	-0.056344
2.6102	-6.129	-0.009615	-0.05682
4.0765	-6.129	-0.0069933	-0.056644
5.5428	-6.129	0	-0
7.0091	-6.129	0	-0
8.4754	-6.129	0	-0
9.9417	-6.129	0	-0
11.408	-6.129	0	-0
12.874	-6.129	0	-0
14.341	-6.129	0	-0
15.807	-6.129	0	-0
-14.985	-7.5953	0	-0
-13.519	-7.5953	0	-0
-12.053	-7.5953	0	-0
-10.587	-7.5953	0	-0
-9.1202	-7.5953	0	-0
-7.6539	-7.5953	0	-0
-6.1876	-7.5953	-0.0036439	-0.05328
-4.7213	-7.5953	-0.0076339	-0.056525
-3.255	-7.5953	-0.010197	-0.060107
-1.7887	-7.5953	-0.011043	-0.061591
-0.32241	-7.5953	-0.01181	-0.06125
1.1439	-7.5953	-0.012963	-0.061724
2.6102	-7.5953	-0.012932	-0.062083
4.0765	-7.5953	-0.0074901	-0.061835
5.5428	-7.5953	0	-0
7.0091	-7.5953	0	-0
8.4754	-7.5953	0	-0
9.9417	-7.5953	0	-0
11.408	-7.5953	0	-0
12.874	-7.5953	0	-0
14.341	-7.5953	0	-0
15.807	-7.5953	0	-0
-14.985	-9.0616	0	-0
-13.519	-9.0616	0	-0
-12.053	-9.0616	0	-0
-10.587	-9.0616	0	-0
-9.1202	-9.0616	0	-0
-7.6539	-9.0616	0	-0
-6.1876	-9.0616	-0.0057329	-0.060032
-4.7213	-9.0616	-0.0094166	-0.062236
-3.255	-9.0616	-0.01162	-0.064078
-1.7887	-9.0616	-0.013586	-0.065456
-0.32241	-9.0616	-0.014811	-0.064837
1.1439	-9.0616	-0.015509	-0.06537
2.6102	-9.0616	-0.016891	-0.065698
4.0765	-9.0616	-0.0031858	-0.066239
5.5428	-9.0616	0	-0
7.0091	-9.0616	0	-0
8.4754	-9.0616	0	-0
9.9417	-9.0616	0	-0
11.408	-9.0616	0	-0
12.874	-9.0616	0	-0
14.341	-9.0616	0	-0
15.807	-9.0616	0	-0
-14.985	-10.528	0	-0
-13.519	-10.528	0	-0
-12.053	-10.528	0	-0
-10.587	-10.528	0	-0
-9.1202	-10.528	0	-0
-7.6539	-10.528	0	-0
-6.1876	-10.528	-0.0061011	-0.06779
-4.7213	-10.528	-0.0098221	-0.067767
-3.255	-10.528	-0.012419	-0.068905
-1.7887	-10.528	-0.015181	-0.069992
-0.32241	-10.528	-0.01749	-0.070588
1.1439	-10.528	-0.017622	-0.07154
2.6102	-10.528	-0.019521	-0.072163
4.0765	-10.528	-0.0038634	-0.07274
5.5428	-10.528	0	-0
7.0091	-10.528	0	-0
8.4754	-10.528	0	-0
9.9417	-10.528	0	-0
11.408	-10.528	0	-0
12.874	-10.528	0	-0
14.341	-10.528	0	-0
15.807	-10.528	0	-0
-14.985	-11.994	0	-0
-13.519	-11.994	0	-0
-12.053	-11.994	0	-0
-10.587	-11.994	0	-0
-9.1202	-11.994	0	-0
-7.6539	-11.994	0	-0
-6.1876	-11.994	0	-0
-4.7213	-11.994	0	-0
-3.255	-11.994	0	-0
-1.7887	-11.994	0	-0
-0.32241	-11.994	0	-0
1.1439	-11.994	0	-0
2.6102	-11.994	0	-0
4.0765	-11.994	0	-0
5.5428	-11.994	0	-0
7.0091	-11.994	0	-0
8.4754	-11.994	0	-0
9.9417	-11.994	0	-0
11.408	-11.994	0	-0
12.874	-11.994	0	-0
14.341	-11.994	0	-0
15.807	-11.994	0	-0
