#DaVis 7.4.0 2D-vector 96 22 22 "" "[mm]" "" "[mm]" "displacement" "[mm]"
-14.985	18.798	0	-0
-13.519	18.798	0	-0
-12.053	18.798	0	-0
-10.587	18.798	0	-0
-9.1202	18.798	0	-0
-7.6539	18.798	0	-0
-6.1876	18.798	0.09002	-0.1512
-4.7213	18.798	0.09349	-0.81597
-3.255	18.798	0.49892	0.47998
-1.7887	18.798	0.4386	0.84438
-0.32241	18.798	-0.027853	0.053951
1.1439	18.798	0.074873	-0.30171
2.6102	18.798	-0.87458	0.50367
4.0765	18.798	0.061899	0.55931
5.5428	18.798	0	-0
7.0091	18.798	0	-0
8.4754	18.798	0	-0
9.9417	18.798	0	-0
11.408	18.798	0	-0
12.874	18.798	0	-0
14.341	18.798	0	-0
15.807	18.798	0	-0
-14.985	17.332	0	-0
-13.519	17.332	0	-0
-12.053	17.332	0	-0
-10.587	17.332	0	-0
-9.1202	17.332	0	-0
-7.6539	17.332	0	-0
-6.1876	17.332	-0.016702	0.046458
-4.7213	17.332	-0.017177	0.053442
-3.255	17.332	-0.019119	0.048922
-1.7887	17.332	-0.020644	0.057955
-0.32241	17.332	-0.021786	0.054963
1.1439	17.332	0.30592	-0.30642
2.6102	17.332	-0.023955	0.063724
4.0765	17.332	-0.0097922	0.41975
5.5428	17.332	0	-0
7.0091	17.332	0	-0
8.4754	17.332	0	-0
9.9417	17.332	0	-0
11.408	17.332	0	-0
12.874	17.332	0	-0
14.341	17.332	0	-0
15.807	17.332	0	-0
-14.985	15.866	0	-0
-13.519	15.866	0	-0
-12.053	15.866	0	-0
-10.587	15.866	0	-0
-9.1202	15.866	0	-0
-7.6539	15.866	0	-0
-6.1876	15.866	-0.010186	0.04379
-4.7213	15.866	-0.012079	0.043968
-3.255	15.866	-0.014147	0.044973
-1.7887	15.866	-0.01521	0.049131
-0.32241	15.866	-0.017104	0.054566
1.1439	15.866	-0.019516	0.0576
2.6102	15.866	-0.02182	0.059081
4.0765	15.866	-0.016072	0.059953
5.5428	15.866	0	-0
7.0091	15.866	0	-0
8.4754	15.866	0	-0
9.9417	15.866	0	-0
11.408	15.866	0	-0
12.874	15.866	0	-0
14.341	15.866	0	-0
15.807	15.866	0	-0
-14.985	14.399	0	-0
-13.519	14.399	0	-0
-12.053	14.399	0	-0
-10.587	14.399	0	-0
-9.1202	14.399	0	-0
-7.6539	14.399	0	-0
-6.1876	14.399	-0.0044635	0.036933
-4.7213	14.399	-0.0074634	0.037759
-3.255	14.399	-0.0091373	0.038482
-1.7887	14.399	-0.011298	0.042288
-0.32241	14.399	-0.013212	0.047494
1.1439	14.399	-0.017649	0.051147
2.6102	14.399	-0.018743	0.052824
4.0765	14.399	-0.012332	0.053726
5.5428	14.399	0	-0
7.0091	14.399	0	-0
8.4754	14.399	0	-0
9.9417	14.399	0	-0
11.408	14.399	0	-0
12.874	14.399	0	-0
14.341	14.399	0	-0
15.807	14.399	0	-0
-14.985	12.933	0	-0
-13.519	12.933	0	-0
-12.053	12.933	0	-0
-10.587	12.933	0	-0
-9.1202	12.933	0	-0
-7.6539	12.933	0	-0
-6.1876	12.933	-0.003909	0.030581
-4.7213	12.933	-0.0052684	0.031665
-3.255	12.933	-0.0064618	0.032089
-1.7887	12.933	-0.0088446	0.03443
-0.32241	12.933	-0.011547	0.037879
1.1439	12.933	-0.01528	0.041737
2.6102	12.933	-0.016171	0.043956
4.0765	12.933	-0.0091363	0.045975
5.5428	12.933	0	-0
7.0091	12.933	0	-0
8.4754	12.933	0	-0
9.9417	12.933	0	-0
11.408	12.933	0	-0
12.874	12.933	0	-0
14.341	12.933	0	-0
15.807	12.933	0	-0
-14.985	11.467	0	-0
-13.519	11.467	0	-0
-12.053	11.467	0	-0
-10.587	11.467	0	-0
-9.1202	11.467	0	-0
-7.6539	11.467	0	-0
-6.1876	11.467	-0.0046469	0.024412
-4.7213	11.467	-0.0060737	0.023964
-3.255	11.467	-0.0068844	0.025075
-1.7887	11.467	-0.0082924	0.026843
-0.32241	11.467	-0.010118	0.029254
1.1439	11.467	-0.012952	0.032253
2.6102	11.467	-0.014127	0.035893
4.0765	11.467	-0.0067099	0.037914
5.5428	11.467	0	-0
7.0091	11.467	0	-0
8.4754	11.467	0	-0
9.9417	11.467	0	-0
11.408	11.467	0	-0
12.874	11.467	0	-0
14.341	11.467	0	-0
15.807	11.467	0	-0
-14.985	10	0	-0
-13.519	10	0	-0
-12.053	10	0	-0
-10.587	10	0	-0
-9.1202	10	0	-0
-7.6539	10	0	-0
-6.1876	10	-0.0036929	0.017167
-4.7213	10	-0.0059672	0.017219
-3.255	10	-0.006862	0.018563
-1.7887	10	-0.0070007	0.02131
-0.32241	10	-0.0075099	0.023606
1.1439	10	-0.0095568	0.026308
2.6102	10	-0.010446	0.029009
4.0765	10	-0.0055032	0.030749
5.5428	10	0	-0
7.0091	10	0	-0
8.4754	10	0	-0
9.9417	10	0	-0
11.408	10	0	-0
12.874	10	0	-0
14.341	10	0	-0
15.807	10	0	-0
-14.985	8.534	0	-0
-13.519	8.534	0	-0
-12.053	8.534	0	-0
-10.587	8.534	0	-0
-9.1202	8.534	0	-0
-7.6539	8.534	0	-0
-6.1876	8.534	-0.0012826	0.011323
-4.7213	8.534	-0.0026476	0.012289
-3.255	8.534	-0.0041388	0.014678
-1.7887	8.534	-0.0035916	0.017172
-0.32241	8.534	-0.003547	0.019291
1.1439	8.534	-0.0045405	0.020935
2.6102	8.534	-0.0056403	0.022118
4.0765	8.534	-0.0039627	0.024356
5.5428	8.534	0	-0
7.0091	8.534	0	-0
8.4754	8.534	0	-0
9.9417	8.534	0	-0
11.408	8.534	0	-0
12.874	8.534	0	-0
14.341	8.534	0	-0
15.807	8.534	0	-0
-14.985	7.0677	0	-0
-13.519	7.0677	0	-0
-12.053	7.0677	0	-0
-10.587	7.0677	0	-0
-9.1202	7.0677	0	-0
-7.6539	7.0677	0	-0
-6.1876	7.0677	0.001903	0.005752
-4.7213	7.0677	0.0010395	0.0072663
-3.255	7.0677	-0.00023839	0.0099062
-1.7887	7.0677	-0.00047615	0.012204
-0.32241	7.0677	-0.00041793	0.013792
1.1439	7.0677	-0.00090151	0.014337
2.6102	7.0677	-0.0020725	0.013564
4.0765	7.0677	-0.0008378	0.013439
5.5428	7.0677	0	-0
7.0091	7.0677	0	-0
8.4754	7.0677	0	-0
9.9417	7.0677	0	-0
11.408	7.0677	0	-0
12.874	7.0677	0	-0
14.341	7.0677	0	-0
15.807	7.0677	0	-0
-14.985	5.6014	0	-0
-13.519	5.6014	0	-0
-12.053	5.6014	0	-0
-10.587	5.6014	0	-0
-9.1202	5.6014	0	-0
-7.6539	5.6014	0	-0
-6.1876	5.6014	0.0047266	0.00039922
-4.7213	5.6014	0.003674	0.0020918
-3.255	5.6014	0.0029558	0.0044976
-1.7887	5.6014	0.0022009	0.0063043
-0.32241	5.6014	0.0013142	0.0068079
1.1439	5.6014	0.00036604	0.0061304
2.6102	5.6014	-0.0013436	0.0059909
4.0765	5.6014	-0.00026278	0.0038466
5.5428	5.6014	0	-0
7.0091	5.6014	0	-0
8.4754	5.6014	0	-0
9.9417	5.6014	0	-0
11.408	5.6014	0	-0
12.874	5.6014	0	-0
14.341	5.6014	0	-0
15.807	5.6014	0	-0
-14.985	4.1351	0	-0
-13.519	4.1351	0	-0
-12.053	4.1351	0	-0
-10.587	4.1351	0	-0
-9.1202	4.1351	0	-0
-7.6539	4.1351	0	-0
-6.1876	4.1351	0.0080659	-0.0042857
-4.7213	4.1351	0.0066114	-0.0028813
-3.255	4.1351	0.0050792	-0.0016967
-1.7887	4.1351	0.0033509	2.0682e-005
-0.32241	4.1351	0.0014758	0.00097901
1.1439	4.1351	-0.00065391	-0.00026959
2.6102	4.1351	-0.0033154	-0.0022203
4.0765	4.1351	-0.0030428	-0.004262
5.5428	4.1351	0	-0
7.0091	4.1351	0	-0
8.4754	4.1351	0	-0
9.9417	4.1351	0	-0
11.408	4.1351	0	-0
12.874	4.1351	0	-0
14.341	4.1351	0	-0
15.807	4.1351	0	-0
-14.985	2.6688	0	-0
-13.519	2.6688	0	-0
-12.053	2.6688	0	-0
-10.587	2.6688	0	-0
-9.1202	2.6688	0	-0
-7.6539	2.6688	0	-0
-6.1876	2.6688	0.0094477	-0.0098685
-4.7213	2.6688	0.0080158	-0.0091034
-3.255	2.6688	0.0055118	-0.0088339
-1.7887	2.6688	0.0022813	-0.0078026
-0.32241	2.6688	-0.0004697	-0.0074142
1.1439	2.6688	-0.0040029	-0.0091623
2.6102	2.6688	-0.0068575	-0.010571
4.0765	2.6688	-0.0061829	-0.012981
5.5428	2.6688	0	-0
7.0091	2.6688	0	-0
8.4754	2.6688	0	-0
9.9417	2.6688	0	-0
11.408	2.6688	0	-0
12.874	2.6688	0	-0
14.341	2.6688	0	-0
15.807	2.6688	0	-0
-14.985	1.2025	0	-0
-13.519	1.2025	0	-0
-12.053	1.2025	0	-0
-10.587	1.2025	0	-0
-9.1202	1.2025	0	-0
-7.6539	1.2025	0	-0
-6.1876	1.2025	0.010701	-0.015564
-4.7213	1.2025	0.0082868	-0.016589
-3.255	1.2025	0.0050572	-0.017372
-1.7887	1.2025	0.0014722	-0.016232
-0.32241	1.2025	-0.0021542	-0.015859
1.1439	1.2025	-0.0072394	-0.017499
2.6102	1.2025	-0.0090427	-0.019579
4.0765	1.2025	-0.0034564	-0.022129
5.5428	1.2025	0	-0
7.0091	1.2025	0	-0
8.4754	1.2025	0	-0
9.9417	1.2025	0	-0
11.408	1.2025	0	-0
12.874	1.2025	0	-0
14.341	1.2025	0	-0
15.807	1.2025	0	-0
-14.985	-0.2638	0	-0
-13.519	-0.2638	0	-0
-12.053	-0.2638	0	-0
-10.587	-0.2638	0	-0
-9.1202	-0.2638	0	-0
-7.6539	-0.2638	0	-0
-6.1876	-0.2638	0.011116	-0.022719
-4.7213	-0.2638	0.0084775	-0.024354
-3.255	-0.2638	0.0054281	-0.025551
-1.7887	-0.2638	0.0017217	-0.025397
-0.32241	-0.2638	-0.0024973	-0.02459
1.1439	-0.2638	-0.0067731	-0.026477
2.6102	-0.2638	-0.0082423	-0.02901
4.0765	-0.2638	-0.003748	-0.030496
5.5428	-0.2638	0	-0
7.0091	-0.2638	0	-0
8.4754	-0.2638	0	-0
9.9417	-0.2638	0	-0
11.408	-0.2638	0	-0
12.874	-0.2638	0	-0
14.341	-0.2638	0	-0
15.807	-0.2638	0	-0
-14.985	-1.7301	0	-0
-13.519	-1.7301	0	-0
-12.053	-1.7301	0	-0
-10.587	-1.7301	0	-0
-9.1202	-1.7301	0	-0
-7.6539	-1.7301	0	-0
-6.1876	-1.7301	0.0095987	-0.029211
-4.7213	-1.7301	0.0075097	-0.031415
-3.255	-1.7301	0.0054882	-0.033079
-1.7887	-1.7301	0.0029695	-0.03382
-0.32241	-1.7301	-0.00013983	-0.034583
1.1439	-1.7301	-0.0050732	-0.037021
2.6102	-1.7301	-0.0077556	-0.037221
4.0765	-1.7301	-0.0067276	-0.038424
5.5428	-1.7301	0	-0
7.0091	-1.7301	0	-0
8.4754	-1.7301	0	-0
9.9417	-1.7301	0	-0
11.408	-1.7301	0	-0
12.874	-1.7301	0	-0
14.341	-1.7301	0	-0
15.807	-1.7301	0	-0
-14.985	-3.1964	0	-0
-13.519	-3.1964	0	-0
-12.053	-3.1964	0	-0
-10.587	-3.1964	0	-0
-9.1202	-3.1964	0	-0
-7.6539	-3.1964	0	-0
-6.1876	-3.1964	0.0059141	-0.034812
-4.7213	-3.1964	0.0038313	-0.038043
-3.255	-3.1964	0.0026991	-0.040326
-1.7887	-3.1964	0.0014805	-0.041773
-0.32241	-3.1964	-0.00074509	-0.042429
1.1439	-3.1964	-0.0044649	-0.043649
2.6102	-3.1964	-0.0073481	-0.044543
4.0765	-3.1964	-0.0053539	-0.046282
5.5428	-3.1964	0	-0
7.0091	-3.1964	0	-0
8.4754	-3.1964	0	-0
9.9417	-3.1964	0	-0
11.408	-3.1964	0	-0
12.874	-3.1964	0	-0
14.341	-3.1964	0	-0
15.807	-3.1964	0	-0
-14.985	-4.6627	0	-0
-13.519	-4.6627	0	-0
-12.053	-4.6627	0	-0
-10.587	-4.6627	0	-0
-9.1202	-4.6627	0	-0
-7.6539	-4.6627	0	-0
-6.1876	-4.6627	0.0014648	-0.04077
-4.7213	-4.6627	-0.0013733	-0.044448
-3.255	-4.6627	-0.0029135	-0.047132
-1.7887	-4.6627	-0.0037722	-0.048622
-0.32241	-4.6627	-0.0051773	-0.049401
1.1439	-4.6627	-0.0080369	-0.050649
2.6102	-4.6627	-0.0090047	-0.051887
4.0765	-4.6627	-0.0048526	-0.052977
5.5428	-4.6627	0	-0
7.0091	-4.6627	0	-0
8.4754	-4.6627	0	-0
9.9417	-4.6627	0	-0
11.408	-4.6627	0	-0
12.874	-4.6627	0	-0
14.341	-4.6627	0	-0
15.807	-4.6627	0	-0
-14.985	-6.129	0	-0
-13.519	-6.129	0	-0
-12.053	-6.129	0	-0
-10.587	-6.129	0	-0
-9.1202	-6.129	0	-0
-7.6539	-6.129	0	-0
-6.1876	-6.129	-0.0018588	-0.046549
-4.7213	-6.129	-0.0069059	-0.05065
-3.255	-6.129	-0.0095283	-0.054239
-1.7887	-6.129	-0.0098931	-0.056045
-0.32241	-6.129	-0.010664	-0.05702
1.1439	-6.129	-0.012122	-0.0579
2.6102	-6.129	-0.012691	-0.058748
4.0765	-6.129	0.0013249	-0.059311
5.5428	-6.129	0	-0
7.0091	-6.129	0	-0
8.4754	-6.129	0	-0
9.9417	-6.129	0	-0
11.408	-6.129	0	-0
12.874	-6.129	0	-0
14.341	-6.129	0	-0
15.807	-6.129	0	-0
-14.985	-7.5953	0	-0
-13.519	-7.5953	0	-0
-12.053	-7.5953	0	-0
-10.587	-7.5953	0	-0
-9.1202	-7.5953	0	-0
-7.6539	-7.5953	0	-0
-6.1876	-7.5953	-0.0052677	-0.052677
-4.7213	-7.5953	-0.010802	-0.056617
-3.255	-7.5953	-0.013601	-0.060637
-1.7887	-7.5953	-0.014372	-0.062507
-0.32241	-7.5953	-0.01501	-0.062566
1.1439	-7.5953	-0.016396	-0.063415
2.6102	-7.5953	-0.016452	-0.06413
4.0765	-7.5953	-0.0038518	-0.064255
5.5428	-7.5953	0	-0
7.0091	-7.5953	0	-0
8.4754	-7.5953	0	-0
9.9417	-7.5953	0	-0
11.408	-7.5953	0	-0
12.874	-7.5953	0	-0
14.341	-7.5953	0	-0
15.807	-7.5953	0	-0
-14.985	-9.0616	0	-0
-13.519	-9.0616	0	-0
-12.053	-9.0616	0	-0
-10.587	-9.0616	0	-0
-9.1202	-9.0616	0	-0
-7.6539	-9.0616	0	-0
-6.1876	-9.0616	-0.0037204	-0.059962
-4.7213	-9.0616	-0.012732	-0.06269
-3.255	-9.0616	-0.015286	-0.064696
-1.7887	-9.0616	-0.017283	-0.066413
-0.32241	-9.0616	-0.018743	-0.066163
1.1439	-9.0616	-0.019448	-0.067054
2.6102	-9.0616	-0.020716	-0.067735
4.0765	-9.0616	-0.006698	-0.0687
5.5428	-9.0616	0	-0
7.0091	-9.0616	0	-0
8.4754	-9.0616	0	-0
9.9417	-9.0616	0	-0
11.408	-9.0616	0	-0
12.874	-9.0616	0	-0
14.341	-9.0616	0	-0
15.807	-9.0616	0	-0
-14.985	-10.528	0	-0
-13.519	-10.528	0	-0
-12.053	-10.528	0	-0
-10.587	-10.528	0	-0
-9.1202	-10.528	0	-0
-7.6539	-10.528	0	-0
-6.1876	-10.528	0.0016052	-0.067665
-4.7213	-10.528	-0.013111	-0.068104
-3.255	-10.528	-0.016621	-0.069597
-1.7887	-10.528	-0.019699	-0.070966
-0.32241	-10.528	-0.021712	-0.071934
1.1439	-10.528	-0.022021	-0.073307
2.6102	-10.528	-0.02374	-0.074298
4.0765	-10.528	-0.0079345	-0.074925
5.5428	-10.528	0	-0
7.0091	-10.528	0	-0
8.4754	-10.528	0	-0
9.9417	-10.528	0	-0
11.408	-10.528	0	-0
12.874	-10.528	0	-0
14.341	-10.528	0	-0
15.807	-10.528	0	-0
-14.985	-11.994	0	-0
-13.519	-11.994	0	-0
-12.053	-11.994	0	-0
-10.587	-11.994	0	-0
-9.1202	-11.994	0	-0
-7.6539	-11.994	0	-0
-6.1876	-11.994	0	-0
-4.7213	-11.994	0	-0
-3.255	-11.994	0	-0
-1.7887	-11.994	0	-0
-0.32241	-11.994	0	-0
1.1439	-11.994	0	-0
2.6102	-11.994	0	-0
4.0765	-11.994	0	-0
5.5428	-11.994	0	-0
7.0091	-11.994	0	-0
8.4754	-11.994	0	-0
9.9417	-11.994	0	-0
11.408	-11.994	0	-0
12.874	-11.994	0	-0
14.341	-11.994	0	-0
15.807	-11.994	0	-0
