#DaVis 7.4.0 2D-vector 96 22 22 "" "[mm]" "" "[mm]" "displacement" "[mm]"
-14.985	18.798	0	-0
-13.519	18.798	0	-0
-12.053	18.798	0	-0
-10.587	18.798	0	-0
-9.1202	18.798	0	-0
-7.6539	18.798	0	-0
-6.1876	18.798	-0.016055	0.039607
-4.7213	18.798	-0.39833	-0.77529
-3.255	18.798	0.43157	0.66098
-1.7887	18.798	-0.48113	-0.91239
-0.32241	18.798	-0.019499	0.058017
1.1439	18.798	0.62508	-0.23518
2.6102	18.798	-0.85065	0.60158
4.0765	18.798	-0.0022277	0.70353
5.5428	18.798	0	-0
7.0091	18.798	0	-0
8.4754	18.798	0	-0
9.9417	18.798	0	-0
11.408	18.798	0	-0
12.874	18.798	0	-0
14.341	18.798	0	-0
15.807	18.798	0	-0
-14.985	17.332	0	-0
-13.519	17.332	0	-0
-12.053	17.332	0	-0
-10.587	17.332	0	-0
-9.1202	17.332	0	-0
-7.6539	17.332	0	-0
-6.1876	17.332	-0.010199	0.036334
-4.7213	17.332	-0.011469	0.041199
-3.255	17.332	-0.013854	0.039167
-1.7887	17.332	-0.015273	0.042835
-0.32241	17.332	-0.015854	0.051483
1.1439	17.332	-0.016957	0.05032
2.6102	17.332	-0.017765	0.050278
4.0765	17.332	-0.01233	0.056564
5.5428	17.332	0	-0
7.0091	17.332	0	-0
8.4754	17.332	0	-0
9.9417	17.332	0	-0
11.408	17.332	0	-0
12.874	17.332	0	-0
14.341	17.332	0	-0
15.807	17.332	0	-0
-14.985	15.866	0	-0
-13.519	15.866	0	-0
-12.053	15.866	0	-0
-10.587	15.866	0	-0
-9.1202	15.866	0	-0
-7.6539	15.866	0	-0
-6.1876	15.866	-0.0061493	0.036447
-4.7213	15.866	-0.0078301	0.036335
-3.255	15.866	-0.0094838	0.037656
-1.7887	15.866	-0.010673	0.040945
-0.32241	15.866	-0.011876	0.045286
1.1439	15.866	-0.013794	0.048065
2.6102	15.866	-0.015865	0.048981
4.0765	15.866	-0.011393	0.049801
5.5428	15.866	0	-0
7.0091	15.866	0	-0
8.4754	15.866	0	-0
9.9417	15.866	0	-0
11.408	15.866	0	-0
12.874	15.866	0	-0
14.341	15.866	0	-0
15.807	15.866	0	-0
-14.985	14.399	0	-0
-13.519	14.399	0	-0
-12.053	14.399	0	-0
-10.587	14.399	0	-0
-9.1202	14.399	0	-0
-7.6539	14.399	0	-0
-6.1876	14.399	-0.0024155	0.031943
-4.7213	14.399	-0.0042276	0.03114
-3.255	14.399	-0.0057618	0.032348
-1.7887	14.399	-0.0077072	0.035087
-0.32241	14.399	-0.0090169	0.039968
1.1439	14.399	-0.012156	0.043064
2.6102	14.399	-0.013723	0.04327
4.0765	14.399	-0.013715	0.043644
5.5428	14.399	0	-0
7.0091	14.399	0	-0
8.4754	14.399	0	-0
9.9417	14.399	0	-0
11.408	14.399	0	-0
12.874	14.399	0	-0
14.341	14.399	0	-0
15.807	14.399	0	-0
-14.985	12.933	0	-0
-13.519	12.933	0	-0
-12.053	12.933	0	-0
-10.587	12.933	0	-0
-9.1202	12.933	0	-0
-7.6539	12.933	0	-0
-6.1876	12.933	-0.0020139	0.026382
-4.7213	12.933	-0.0026137	0.026742
-3.255	12.933	-0.0034819	0.027024
-1.7887	12.933	-0.0055762	0.02876
-0.32241	12.933	-0.0078946	0.031636
1.1439	12.933	-0.0098665	0.0352
2.6102	12.933	-0.011976	0.036886
4.0765	12.933	-0.013608	0.038176
5.5428	12.933	0	-0
7.0091	12.933	0	-0
8.4754	12.933	0	-0
9.9417	12.933	0	-0
11.408	12.933	0	-0
12.874	12.933	0	-0
14.341	12.933	0	-0
15.807	12.933	0	-0
-14.985	11.467	0	-0
-13.519	11.467	0	-0
-12.053	11.467	0	-0
-10.587	11.467	0	-0
-9.1202	11.467	0	-0
-7.6539	11.467	0	-0
-6.1876	11.467	-0.0028775	0.020794
-4.7213	11.467	-0.0034286	0.020399
-3.255	11.467	-0.0040282	0.02114
-1.7887	11.467	-0.0051601	0.022637
-0.32241	11.467	-0.0067086	0.024766
1.1439	11.467	-0.0084114	0.027476
2.6102	11.467	-0.01013	0.030165
4.0765	11.467	-0.011724	0.03161
5.5428	11.467	0	-0
7.0091	11.467	0	-0
8.4754	11.467	0	-0
9.9417	11.467	0	-0
11.408	11.467	0	-0
12.874	11.467	0	-0
14.341	11.467	0	-0
15.807	11.467	0	-0
-14.985	10	0	-0
-13.519	10	0	-0
-12.053	10	0	-0
-10.587	10	0	-0
-9.1202	10	0	-0
-7.6539	10	0	-0
-6.1876	10	-0.0023981	0.01483
-4.7213	10	-0.0036422	0.014889
-3.255	10	-0.0042776	0.016121
-1.7887	10	-0.0043935	0.018308
-0.32241	10	-0.0047603	0.020202
1.1439	10	-0.005885	0.022421
2.6102	10	-0.0070472	0.024233
4.0765	10	-0.0083968	0.025315
5.5428	10	0	-0
7.0091	10	0	-0
8.4754	10	0	-0
9.9417	10	0	-0
11.408	10	0	-0
12.874	10	0	-0
14.341	10	0	-0
15.807	10	0	-0
-14.985	8.534	0	-0
-13.519	8.534	0	-0
-12.053	8.534	0	-0
-10.587	8.534	0	-0
-9.1202	8.534	0	-0
-7.6539	8.534	0	-0
-6.1876	8.534	-0.00044755	0.010127
-4.7213	8.534	-0.0012659	0.010995
-3.255	8.534	-0.0024376	0.013017
-1.7887	8.534	-0.0019078	0.015037
-0.32241	8.534	-0.0019885	0.016792
1.1439	8.534	-0.001992	0.018069
2.6102	8.534	-0.0034066	0.018552
4.0765	8.534	-0.0052078	0.019983
5.5428	8.534	0	-0
7.0091	8.534	0	-0
8.4754	8.534	0	-0
9.9417	8.534	0	-0
11.408	8.534	0	-0
12.874	8.534	0	-0
14.341	8.534	0	-0
15.807	8.534	0	-0
-14.985	7.0677	0	-0
-13.519	7.0677	0	-0
-12.053	7.0677	0	-0
-10.587	7.0677	0	-0
-9.1202	7.0677	0	-0
-7.6539	7.0677	0	-0
-6.1876	7.0677	0.001681	0.0054785
-4.7213	7.0677	0.0015312	0.0066875
-3.255	7.0677	0.00048459	0.0087604
-1.7887	7.0677	0.0003205	0.010748
-0.32241	7.0677	0.00024641	0.012017
1.1439	7.0677	-0.00013298	0.012655
2.6102	7.0677	-0.0016999	0.012142
4.0765	7.0677	-0.0032827	0.011461
5.5428	7.0677	0	-0
7.0091	7.0677	0	-0
8.4754	7.0677	0	-0
9.9417	7.0677	0	-0
11.408	7.0677	0	-0
12.874	7.0677	0	-0
14.341	7.0677	0	-0
15.807	7.0677	0	-0
-14.985	5.6014	0	-0
-13.519	5.6014	0	-0
-12.053	5.6014	0	-0
-10.587	5.6014	0	-0
-9.1202	5.6014	0	-0
-7.6539	5.6014	0	-0
-6.1876	5.6014	0.0032032	0.0011883
-4.7213	5.6014	0.0035945	0.0025319
-3.255	5.6014	0.0030795	0.0045266
-1.7887	5.6014	0.0022853	0.0059853
-0.32241	5.6014	0.0013434	0.0064767
1.1439	5.6014	0.00049097	0.0059464
2.6102	5.6014	-0.0014578	0.0054667
4.0765	5.6014	-0.0024961	0.0036845
5.5428	5.6014	0	-0
7.0091	5.6014	0	-0
8.4754	5.6014	0	-0
9.9417	5.6014	0	-0
11.408	5.6014	0	-0
12.874	5.6014	0	-0
14.341	5.6014	0	-0
15.807	5.6014	0	-0
-14.985	4.1351	0	-0
-13.519	4.1351	0	-0
-12.053	4.1351	0	-0
-10.587	4.1351	0	-0
-9.1202	4.1351	0	-0
-7.6539	4.1351	0	-0
-6.1876	4.1351	0.0061562	-0.0032821
-4.7213	4.1351	0.0060886	-0.0022338
-3.255	4.1351	0.0046608	-0.0013292
-1.7887	4.1351	0.0030722	0.00047194
-0.32241	4.1351	0.0012674	0.0013071
1.1439	4.1351	-0.00048614	0.00041582
2.6102	4.1351	-0.0031035	-0.0013187
4.0765	4.1351	-0.0041917	-0.0030612
5.5428	4.1351	0	-0
7.0091	4.1351	0	-0
8.4754	4.1351	0	-0
9.9417	4.1351	0	-0
11.408	4.1351	0	-0
12.874	4.1351	0	-0
14.341	4.1351	0	-0
15.807	4.1351	0	-0
-14.985	2.6688	0	-0
-13.519	2.6688	0	-0
-12.053	2.6688	0	-0
-10.587	2.6688	0	-0
-9.1202	2.6688	0	-0
-7.6539	2.6688	0	-0
-6.1876	2.6688	0.0071288	-0.0083106
-4.7213	2.6688	0.006995	-0.0076379
-3.255	2.6688	0.0048455	-0.0076913
-1.7887	2.6688	0.0020292	-0.006973
-0.32241	2.6688	-0.00032888	-0.0068946
1.1439	2.6688	-0.0029721	-0.0086074
2.6102	2.6688	-0.0055108	-0.0095548
4.0765	2.6688	-0.0068938	-0.011914
5.5428	2.6688	0	-0
7.0091	2.6688	0	-0
8.4754	2.6688	0	-0
9.9417	2.6688	0	-0
11.408	2.6688	0	-0
12.874	2.6688	0	-0
14.341	2.6688	0	-0
15.807	2.6688	0	-0
-14.985	1.2025	0	-0
-13.519	1.2025	0	-0
-12.053	1.2025	0	-0
-10.587	1.2025	0	-0
-9.1202	1.2025	0	-0
-7.6539	1.2025	0	-0
-6.1876	1.2025	0.0073999	-0.0129
-4.7213	1.2025	0.0070348	-0.014021
-3.255	1.2025	0.0042933	-0.014882
-1.7887	1.2025	0.0011799	-0.01408
-0.32241	1.2025	-0.0019816	-0.013915
1.1439	1.2025	-0.0058004	-0.015381
2.6102	1.2025	-0.0073505	-0.017676
4.0765	1.2025	-0.008264	-0.02023
5.5428	1.2025	0	-0
7.0091	1.2025	0	-0
8.4754	1.2025	0	-0
9.9417	1.2025	0	-0
11.408	1.2025	0	-0
12.874	1.2025	0	-0
14.341	1.2025	0	-0
15.807	1.2025	0	-0
-14.985	-0.2638	0	-0
-13.519	-0.2638	0	-0
-12.053	-0.2638	0	-0
-10.587	-0.2638	0	-0
-9.1202	-0.2638	0	-0
-7.6539	-0.2638	0	-0
-6.1876	-0.2638	0.0081292	-0.019147
-4.7213	-0.2638	0.0069309	-0.020913
-3.255	-0.2638	0.0044245	-0.022119
-1.7887	-0.2638	0.0011651	-0.022208
-0.32241	-0.2638	-0.0024964	-0.021482
1.1439	-0.2638	-0.0057021	-0.023118
2.6102	-0.2638	-0.0070766	-0.025741
4.0765	-0.2638	-0.0087982	-0.027273
5.5428	-0.2638	0	-0
7.0091	-0.2638	0	-0
8.4754	-0.2638	0	-0
9.9417	-0.2638	0	-0
11.408	-0.2638	0	-0
12.874	-0.2638	0	-0
14.341	-0.2638	0	-0
15.807	-0.2638	0	-0
-14.985	-1.7301	0	-0
-13.519	-1.7301	0	-0
-12.053	-1.7301	0	-0
-10.587	-1.7301	0	-0
-9.1202	-1.7301	0	-0
-7.6539	-1.7301	0	-0
-6.1876	-1.7301	0.0055748	-0.024672
-4.7213	-1.7301	0.0057215	-0.026695
-3.255	-1.7301	0.0041087	-0.028507
-1.7887	-1.7301	0.0019239	-0.02911
-0.32241	-1.7301	-0.00065814	-0.029785
1.1439	-1.7301	-0.0044395	-0.032199
2.6102	-1.7301	-0.0069604	-0.032568
4.0765	-1.7301	-0.0084696	-0.034117
5.5428	-1.7301	0	-0
7.0091	-1.7301	0	-0
8.4754	-1.7301	0	-0
9.9417	-1.7301	0	-0
11.408	-1.7301	0	-0
12.874	-1.7301	0	-0
14.341	-1.7301	0	-0
15.807	-1.7301	0	-0
-14.985	-3.1964	0	-0
-13.519	-3.1964	0	-0
-12.053	-3.1964	0	-0
-10.587	-3.1964	0	-0
-9.1202	-3.1964	0	-0
-7.6539	-3.1964	0	-0
-6.1876	-3.1964	0.00091017	-0.02905
-4.7213	-3.1964	0.0024244	-0.03222
-3.255	-3.1964	0.0014058	-0.034489
-1.7887	-3.1964	0.00022584	-0.036012
-0.32241	-3.1964	-0.0017316	-0.036543
1.1439	-3.1964	-0.0045897	-0.036467
2.6102	-3.1964	-0.0068194	-0.03849
4.0765	-3.1964	-0.0079313	-0.040766
5.5428	-3.1964	0	-0
7.0091	-3.1964	0	-0
8.4754	-3.1964	0	-0
9.9417	-3.1964	0	-0
11.408	-3.1964	0	-0
12.874	-3.1964	0	-0
14.341	-3.1964	0	-0
15.807	-3.1964	0	-0
-14.985	-4.6627	0	-0
-13.519	-4.6627	0	-0
-12.053	-4.6627	0	-0
-10.587	-4.6627	0	-0
-9.1202	-4.6627	0	-0
-7.6539	-4.6627	0	-0
-6.1876	-4.6627	-0.00079403	-0.033768
-4.7213	-4.6627	-0.0023241	-0.037535
-3.255	-4.6627	-0.0034878	-0.040147
-1.7887	-4.6627	-0.0045207	-0.041747
-0.32241	-4.6627	-0.0055218	-0.042707
1.1439	-4.6627	-0.0074088	-0.043936
2.6102	-4.6627	-0.0087408	-0.045255
4.0765	-4.6627	-0.0089216	-0.046973
5.5428	-4.6627	0	-0
7.0091	-4.6627	0	-0
8.4754	-4.6627	0	-0
9.9417	-4.6627	0	-0
11.408	-4.6627	0	-0
12.874	-4.6627	0	-0
14.341	-4.6627	0	-0
15.807	-4.6627	0	-0
-14.985	-6.129	0	-0
-13.519	-6.129	0	-0
-12.053	-6.129	0	-0
-10.587	-6.129	0	-0
-9.1202	-6.129	0	-0
-7.6539	-6.129	0	-0
-6.1876	-6.129	-0.0047622	-0.038961
-4.7213	-6.129	-0.0073689	-0.042714
-3.255	-6.129	-0.0090766	-0.046321
-1.7887	-6.129	-0.009709	-0.048504
-0.32241	-6.129	-0.010294	-0.049624
1.1439	-6.129	-0.011403	-0.050491
2.6102	-6.129	-0.01219	-0.051493
4.0765	-6.129	-0.011175	-0.052303
5.5428	-6.129	0	-0
7.0091	-6.129	0	-0
8.4754	-6.129	0	-0
9.9417	-6.129	0	-0
11.408	-6.129	0	-0
12.874	-6.129	0	-0
14.341	-6.129	0	-0
15.807	-6.129	0	-0
-14.985	-7.5953	0	-0
-13.519	-7.5953	0	-0
-12.053	-7.5953	0	-0
-10.587	-7.5953	0	-0
-9.1202	-7.5953	0	-0
-7.6539	-7.5953	0	-0
-6.1876	-7.5953	-0.0081154	-0.044265
-4.7213	-7.5953	-0.011034	-0.047825
-3.255	-7.5953	-0.012922	-0.051543
-1.7887	-7.5953	-0.013971	-0.053582
-0.32241	-7.5953	-0.014636	-0.054113
1.1439	-7.5953	-0.015521	-0.055204
2.6102	-7.5953	-0.015927	-0.056122
4.0765	-7.5953	-0.014148	-0.056902
5.5428	-7.5953	0	-0
7.0091	-7.5953	0	-0
8.4754	-7.5953	0	-0
9.9417	-7.5953	0	-0
11.408	-7.5953	0	-0
12.874	-7.5953	0	-0
14.341	-7.5953	0	-0
15.807	-7.5953	0	-0
-14.985	-9.0616	0	-0
-13.519	-9.0616	0	-0
-12.053	-9.0616	0	-0
-10.587	-9.0616	0	-0
-9.1202	-9.0616	0	-0
-7.6539	-9.0616	0	-0
-6.1876	-9.0616	-0.010788	-0.050208
-4.7213	-9.0616	-0.013352	-0.052748
-3.255	-9.0616	-0.014992	-0.055072
-1.7887	-9.0616	-0.016751	-0.057027
-0.32241	-9.0616	-0.017823	-0.057089
1.1439	-9.0616	-0.018467	-0.058222
2.6102	-9.0616	-0.019799	-0.059485
4.0765	-9.0616	-0.012884	-0.060742
5.5428	-9.0616	0	-0
7.0091	-9.0616	0	-0
8.4754	-9.0616	0	-0
9.9417	-9.0616	0	-0
11.408	-9.0616	0	-0
12.874	-9.0616	0	-0
14.341	-9.0616	0	-0
15.807	-9.0616	0	-0
-14.985	-10.528	0	-0
-13.519	-10.528	0	-0
-12.053	-10.528	0	-0
-10.587	-10.528	0	-0
-9.1202	-10.528	0	-0
-7.6539	-10.528	0	-0
-6.1876	-10.528	-0.012622	-0.056927
-4.7213	-10.528	-0.015031	-0.057658
-3.255	-10.528	-0.016777	-0.059345
-1.7887	-10.528	-0.019241	-0.060922
-0.32241	-10.528	-0.020945	-0.06232
1.1439	-10.528	-0.021119	-0.063918
2.6102	-10.528	-0.022675	-0.065406
4.0765	-10.528	-0.0092545	-0.066676
5.5428	-10.528	0	-0
7.0091	-10.528	0	-0
8.4754	-10.528	0	-0
9.9417	-10.528	0	-0
11.408	-10.528	0	-0
12.874	-10.528	0	-0
14.341	-10.528	0	-0
15.807	-10.528	0	-0
-14.985	-11.994	0	-0
-13.519	-11.994	0	-0
-12.053	-11.994	0	-0
-10.587	-11.994	0	-0
-9.1202	-11.994	0	-0
-7.6539	-11.994	0	-0
-6.1876	-11.994	0	-0
-4.7213	-11.994	0	-0
-3.255	-11.994	0	-0
-1.7887	-11.994	0	-0
-0.32241	-11.994	0	-0
1.1439	-11.994	0	-0
2.6102	-11.994	0	-0
4.0765	-11.994	0	-0
5.5428	-11.994	0	-0
7.0091	-11.994	0	-0
8.4754	-11.994	0	-0
9.9417	-11.994	0	-0
11.408	-11.994	0	-0
12.874	-11.994	0	-0
14.341	-11.994	0	-0
15.807	-11.994	0	-0
