#DaVis 7.4.0 2D-vector 96 22 22 "" "[mm]" "" "[mm]" "displacement" "[mm]"
-14.985	18.798	0	-0
-13.519	18.798	0	-0
-12.053	18.798	0	-0
-10.587	18.798	0	-0
-9.1202	18.798	0	-0
-7.6539	18.798	0	-0
-6.1876	18.798	-0.0014019	-0.81026
-4.7213	18.798	-0.081077	-0.46377
-3.255	18.798	0.56041	0.45345
-1.7887	18.798	0.44563	0.8187
-0.32241	18.798	-0.03197	0.041578
1.1439	18.798	0.068248	-0.32059
2.6102	18.798	-0.59981	0.43924
4.0765	18.798	0.5662	0.17257
5.5428	18.798	0	-0
7.0091	18.798	0	-0
8.4754	18.798	0	-0
9.9417	18.798	0	-0
11.408	18.798	0	-0
12.874	18.798	0	-0
14.341	18.798	0	-0
15.807	18.798	0	-0
-14.985	17.332	0	-0
-13.519	17.332	0	-0
-12.053	17.332	0	-0
-10.587	17.332	0	-0
-9.1202	17.332	0	-0
-7.6539	17.332	0	-0
-6.1876	17.332	-0.018259	0.04717
-4.7213	17.332	-0.018192	0.053564
-3.255	17.332	-0.020316	0.051329
-1.7887	17.332	-0.022224	0.06089
-0.32241	17.332	-0.023814	0.05543
1.1439	17.332	0.32062	-0.34487
2.6102	17.332	-0.026305	0.064714
4.0765	17.332	-0.0057768	-0.41493
5.5428	17.332	0	-0
7.0091	17.332	0	-0
8.4754	17.332	0	-0
9.9417	17.332	0	-0
11.408	17.332	0	-0
12.874	17.332	0	-0
14.341	17.332	0	-0
15.807	17.332	0	-0
-14.985	15.866	0	-0
-13.519	15.866	0	-0
-12.053	15.866	0	-0
-10.587	15.866	0	-0
-9.1202	15.866	0	-0
-7.6539	15.866	0	-0
-6.1876	15.866	-0.010762	0.045749
-4.7213	15.866	-0.013032	0.046643
-3.255	15.866	-0.015368	0.048095
-1.7887	15.866	-0.01669	0.052391
-0.32241	15.866	-0.018406	0.057933
1.1439	15.866	-0.021168	0.061089
2.6102	15.866	-0.02354	0.062136
4.0765	15.866	-0.019047	0.06336
5.5428	15.866	0	-0
7.0091	15.866	0	-0
8.4754	15.866	0	-0
9.9417	15.866	0	-0
11.408	15.866	0	-0
12.874	15.866	0	-0
14.341	15.866	0	-0
15.807	15.866	0	-0
-14.985	14.399	0	-0
-13.519	14.399	0	-0
-12.053	14.399	0	-0
-10.587	14.399	0	-0
-9.1202	14.399	0	-0
-7.6539	14.399	0	-0
-6.1876	14.399	-0.0060825	0.038923
-4.7213	14.399	-0.0077647	0.04047
-3.255	14.399	-0.0095411	0.040933
-1.7887	14.399	-0.012156	0.045019
-0.32241	14.399	-0.014413	0.049737
1.1439	14.399	-0.018462	0.054165
2.6102	14.399	-0.020704	0.055891
4.0765	14.399	-0.016374	0.055804
5.5428	14.399	0	-0
7.0091	14.399	0	-0
8.4754	14.399	0	-0
9.9417	14.399	0	-0
11.408	14.399	0	-0
12.874	14.399	0	-0
14.341	14.399	0	-0
15.807	14.399	0	-0
-14.985	12.933	0	-0
-13.519	12.933	0	-0
-12.053	12.933	0	-0
-10.587	12.933	0	-0
-9.1202	12.933	0	-0
-7.6539	12.933	0	-0
-6.1876	12.933	-0.0041739	0.032401
-4.7213	12.933	-0.0052596	0.033732
-3.255	12.933	-0.0064145	0.034116
-1.7887	12.933	-0.0091417	0.036428
-0.32241	12.933	-0.012316	0.039952
1.1439	12.933	-0.016602	0.043852
2.6102	12.933	-0.017977	0.046216
4.0765	12.933	-0.012458	0.048478
5.5428	12.933	0	-0
7.0091	12.933	0	-0
8.4754	12.933	0	-0
9.9417	12.933	0	-0
11.408	12.933	0	-0
12.874	12.933	0	-0
14.341	12.933	0	-0
15.807	12.933	0	-0
-14.985	11.467	0	-0
-13.519	11.467	0	-0
-12.053	11.467	0	-0
-10.587	11.467	0	-0
-9.1202	11.467	0	-0
-7.6539	11.467	0	-0
-6.1876	11.467	-0.0049333	0.025562
-4.7213	11.467	-0.0062042	0.025301
-3.255	11.467	-0.0070553	0.0264
-1.7887	11.467	-0.0086678	0.028039
-0.32241	11.467	-0.01088	0.030568
1.1439	11.467	-0.013901	0.033547
2.6102	11.467	-0.015754	0.037562
4.0765	11.467	-0.012736	0.04003
5.5428	11.467	0	-0
7.0091	11.467	0	-0
8.4754	11.467	0	-0
9.9417	11.467	0	-0
11.408	11.467	0	-0
12.874	11.467	0	-0
14.341	11.467	0	-0
15.807	11.467	0	-0
-14.985	10	0	-0
-13.519	10	0	-0
-12.053	10	0	-0
-10.587	10	0	-0
-9.1202	10	0	-0
-7.6539	10	0	-0
-6.1876	10	-0.0044632	0.018102
-4.7213	10	-0.0063793	0.018119
-3.255	10	-0.0073464	0.019419
-1.7887	10	-0.0076102	0.021938
-0.32241	10	-0.0082491	0.024271
1.1439	10	-0.010072	0.02728
2.6102	10	-0.011558	0.030413
4.0765	10	-0.011886	0.032653
5.5428	10	0	-0
7.0091	10	0	-0
8.4754	10	0	-0
9.9417	10	0	-0
11.408	10	0	-0
12.874	10	0	-0
14.341	10	0	-0
15.807	10	0	-0
-14.985	8.534	0	-0
-13.519	8.534	0	-0
-12.053	8.534	0	-0
-10.587	8.534	0	-0
-9.1202	8.534	0	-0
-7.6539	8.534	0	-0
-6.1876	8.534	-0.0019526	0.01191
-4.7213	8.534	-0.0032395	0.013011
-3.255	8.534	-0.0046289	0.015451
-1.7887	8.534	-0.0041122	0.01796
-0.32241	8.534	-0.0040375	0.020094
1.1439	8.534	-0.0045925	0.022037
2.6102	8.534	-0.0065576	0.023247
4.0765	8.534	-0.0079151	0.025885
5.5428	8.534	0	-0
7.0091	8.534	0	-0
8.4754	8.534	0	-0
9.9417	8.534	0	-0
11.408	8.534	0	-0
12.874	8.534	0	-0
14.341	8.534	0	-0
15.807	8.534	0	-0
-14.985	7.0677	0	-0
-13.519	7.0677	0	-0
-12.053	7.0677	0	-0
-10.587	7.0677	0	-0
-9.1202	7.0677	0	-0
-7.6539	7.0677	0	-0
-6.1876	7.0677	0.0014909	0.0058669
-4.7213	7.0677	0.00082145	0.0074495
-3.255	7.0677	-0.00049973	0.010181
-1.7887	7.0677	-0.00073748	0.012736
-0.32241	7.0677	-0.00068554	0.014311
1.1439	7.0677	-0.00067594	0.014783
2.6102	7.0677	-0.0027161	0.014196
4.0765	7.0677	-0.0044764	0.014175
5.5428	7.0677	0	-0
7.0091	7.0677	0	-0
8.4754	7.0677	0	-0
9.9417	7.0677	0	-0
11.408	7.0677	0	-0
12.874	7.0677	0	-0
14.341	7.0677	0	-0
15.807	7.0677	0	-0
-14.985	5.6014	0	-0
-13.519	5.6014	0	-0
-12.053	5.6014	0	-0
-10.587	5.6014	0	-0
-9.1202	5.6014	0	-0
-7.6539	5.6014	0	-0
-6.1876	5.6014	0.003674	0.00044329
-4.7213	5.6014	0.0038404	0.0022374
-3.255	5.6014	0.0030675	0.0047542
-1.7887	5.6014	0.0022542	0.0064284
-0.32241	5.6014	0.0014021	0.0067586
1.1439	5.6014	0.00075457	0.0058766
2.6102	5.6014	-0.0016245	0.0055466
4.0765	5.6014	-0.003129	0.00314
5.5428	5.6014	0	-0
7.0091	5.6014	0	-0
8.4754	5.6014	0	-0
9.9417	5.6014	0	-0
11.408	5.6014	0	-0
12.874	5.6014	0	-0
14.341	5.6014	0	-0
15.807	5.6014	0	-0
-14.985	4.1351	0	-0
-13.519	4.1351	0	-0
-12.053	4.1351	0	-0
-10.587	4.1351	0	-0
-9.1202	4.1351	0	-0
-7.6539	4.1351	0	-0
-6.1876	4.1351	0.007486	-0.0048671
-4.7213	4.1351	0.0071768	-0.0034171
-3.255	4.1351	0.0054934	-0.0022144
-1.7887	4.1351	0.0036181	-7.7876e-005
-0.32241	4.1351	0.0016531	0.00061403
1.1439	4.1351	-0.00019756	-0.00081092
2.6102	4.1351	-0.0033783	-0.0028772
4.0765	4.1351	-0.0049459	-0.0047967
5.5428	4.1351	0	-0
7.0091	4.1351	0	-0
8.4754	4.1351	0	-0
9.9417	4.1351	0	-0
11.408	4.1351	0	-0
12.874	4.1351	0	-0
14.341	4.1351	0	-0
15.807	4.1351	0	-0
-14.985	2.6688	0	-0
-13.519	2.6688	0	-0
-12.053	2.6688	0	-0
-10.587	2.6688	0	-0
-9.1202	2.6688	0	-0
-7.6539	2.6688	0	-0
-6.1876	2.6688	0.0092141	-0.010774
-4.7213	2.6688	0.0086264	-0.0099544
-3.255	2.6688	0.0059729	-0.0097369
-1.7887	2.6688	0.0024635	-0.0086041
-0.32241	2.6688	-0.00045213	-0.0084312
1.1439	2.6688	-0.0037285	-0.010303
2.6102	2.6688	-0.006903	-0.01207
4.0765	2.6688	-0.0084386	-0.014513
5.5428	2.6688	0	-0
7.0091	2.6688	0	-0
8.4754	2.6688	0	-0
9.9417	2.6688	0	-0
11.408	2.6688	0	-0
12.874	2.6688	0	-0
14.341	2.6688	0	-0
15.807	2.6688	0	-0
-14.985	1.2025	0	-0
-13.519	1.2025	0	-0
-12.053	1.2025	0	-0
-10.587	1.2025	0	-0
-9.1202	1.2025	0	-0
-7.6539	1.2025	0	-0
-6.1876	1.2025	0.0097074	-0.01673
-4.7213	1.2025	0.008907	-0.017891
-3.255	1.2025	0.0055582	-0.01862
-1.7887	1.2025	0.0015591	-0.017329
-0.32241	1.2025	-0.0022863	-0.01712
1.1439	1.2025	-0.0072581	-0.019099
2.6102	1.2025	-0.0092234	-0.0214
4.0765	1.2025	-0.010351	-0.024248
5.5428	1.2025	0	-0
7.0091	1.2025	0	-0
8.4754	1.2025	0	-0
9.9417	1.2025	0	-0
11.408	1.2025	0	-0
12.874	1.2025	0	-0
14.341	1.2025	0	-0
15.807	1.2025	0	-0
-14.985	-0.2638	0	-0
-13.519	-0.2638	0	-0
-12.053	-0.2638	0	-0
-10.587	-0.2638	0	-0
-9.1202	-0.2638	0	-0
-7.6539	-0.2638	0	-0
-6.1876	-0.2638	0.010868	-0.024551
-4.7213	-0.2638	0.0090471	-0.02629
-3.255	-0.2638	0.0058742	-0.02731
-1.7887	-0.2638	0.0018371	-0.027141
-0.32241	-0.2638	-0.0027015	-0.026424
1.1439	-0.2638	-0.0070261	-0.028429
2.6102	-0.2638	-0.0089174	-0.031097
4.0765	-0.2638	-0.010852	-0.032831
5.5428	-0.2638	0	-0
7.0091	-0.2638	0	-0
8.4754	-0.2638	0	-0
9.9417	-0.2638	0	-0
11.408	-0.2638	0	-0
12.874	-0.2638	0	-0
14.341	-0.2638	0	-0
15.807	-0.2638	0	-0
-14.985	-1.7301	0	-0
-13.519	-1.7301	0	-0
-12.053	-1.7301	0	-0
-10.587	-1.7301	0	-0
-9.1202	-1.7301	0	-0
-7.6539	-1.7301	0	-0
-6.1876	-1.7301	0.008502	-0.031204
-4.7213	-1.7301	0.0080129	-0.033367
-3.255	-1.7301	0.0059078	-0.035132
-1.7887	-1.7301	0.003088	-0.035988
-0.32241	-1.7301	-0.00024789	-0.037
1.1439	-1.7301	-0.0051818	-0.039554
2.6102	-1.7301	-0.0084595	-0.039645
4.0765	-1.7301	-0.0098349	-0.040717
5.5428	-1.7301	0	-0
7.0091	-1.7301	0	-0
8.4754	-1.7301	0	-0
9.9417	-1.7301	0	-0
11.408	-1.7301	0	-0
12.874	-1.7301	0	-0
14.341	-1.7301	0	-0
15.807	-1.7301	0	-0
-14.985	-3.1964	0	-0
-13.519	-3.1964	0	-0
-12.053	-3.1964	0	-0
-10.587	-3.1964	0	-0
-9.1202	-3.1964	0	-0
-7.6539	-3.1964	0	-0
-6.1876	-3.1964	0.0021296	-0.036933
-4.7213	-3.1964	0.0042565	-0.040293
-3.255	-3.1964	0.0028918	-0.042589
-1.7887	-3.1964	0.0015614	-0.044136
-0.32241	-3.1964	-0.00078481	-0.044953
1.1439	-3.1964	-0.0043577	-0.046266
2.6102	-3.1964	-0.007433	-0.046955
4.0765	-3.1964	-0.0084196	-0.048528
5.5428	-3.1964	0	-0
7.0091	-3.1964	0	-0
8.4754	-3.1964	0	-0
9.9417	-3.1964	0	-0
11.408	-3.1964	0	-0
12.874	-3.1964	0	-0
14.341	-3.1964	0	-0
15.807	-3.1964	0	-0
-14.985	-4.6627	0	-0
-13.519	-4.6627	0	-0
-12.053	-4.6627	0	-0
-10.587	-4.6627	0	-0
-9.1202	-4.6627	0	-0
-7.6539	-4.6627	0	-0
-6.1876	-4.6627	0.00016643	-0.042637
-4.7213	-4.6627	-0.0012813	-0.046873
-3.255	-4.6627	-0.0026877	-0.049539
-1.7887	-4.6627	-0.0038472	-0.051224
-0.32241	-4.6627	-0.0051249	-0.052398
1.1439	-4.6627	-0.0076205	-0.053657
2.6102	-4.6627	-0.0092065	-0.054795
4.0765	-4.6627	-0.0090178	-0.055717
5.5428	-4.6627	0	-0
7.0091	-4.6627	0	-0
8.4754	-4.6627	0	-0
9.9417	-4.6627	0	-0
11.408	-4.6627	0	-0
12.874	-4.6627	0	-0
14.341	-4.6627	0	-0
15.807	-4.6627	0	-0
-14.985	-6.129	0	-0
-13.519	-6.129	0	-0
-12.053	-6.129	0	-0
-10.587	-6.129	0	-0
-9.1202	-6.129	0	-0
-7.6539	-6.129	0	-0
-6.1876	-6.129	-0.0038317	-0.048933
-4.7213	-6.129	-0.0071123	-0.053455
-3.255	-6.129	-0.0091654	-0.056981
-1.7887	-6.129	-0.010022	-0.059008
-0.32241	-6.129	-0.010773	-0.060065
1.1439	-6.129	-0.012075	-0.061128
2.6102	-6.129	-0.012992	-0.06179
4.0765	-6.129	-0.011455	-0.061954
5.5428	-6.129	0	-0
7.0091	-6.129	0	-0
8.4754	-6.129	0	-0
9.9417	-6.129	0	-0
11.408	-6.129	0	-0
12.874	-6.129	0	-0
14.341	-6.129	0	-0
15.807	-6.129	0	-0
-14.985	-7.5953	0	-0
-13.519	-7.5953	0	-0
-12.053	-7.5953	0	-0
-10.587	-7.5953	0	-0
-9.1202	-7.5953	0	-0
-7.6539	-7.5953	0	-0
-6.1876	-7.5953	-0.0073111	-0.055659
-4.7213	-7.5953	-0.011306	-0.059298
-3.255	-7.5953	-0.013817	-0.06352
-1.7887	-7.5953	-0.01483	-0.0658
-0.32241	-7.5953	-0.015625	-0.06578
1.1439	-7.5953	-0.016633	-0.066885
2.6102	-7.5953	-0.017009	-0.067522
4.0765	-7.5953	-0.012268	-0.067519
5.5428	-7.5953	0	-0
7.0091	-7.5953	0	-0
8.4754	-7.5953	0	-0
9.9417	-7.5953	0	-0
11.408	-7.5953	0	-0
12.874	-7.5953	0	-0
14.341	-7.5953	0	-0
15.807	-7.5953	0	-0
-14.985	-9.0616	0	-0
-13.519	-9.0616	0	-0
-12.053	-9.0616	0	-0
-10.587	-9.0616	0	-0
-9.1202	-9.0616	0	-0
-7.6539	-9.0616	0	-0
-6.1876	-9.0616	-0.010076	-0.062694
-4.7213	-9.0616	-0.013512	-0.0655
-3.255	-9.0616	-0.015685	-0.068119
-1.7887	-9.0616	-0.017673	-0.070032
-0.32241	-9.0616	-0.018946	-0.06956
1.1439	-9.0616	-0.019801	-0.070452
2.6102	-9.0616	-0.020956	-0.071299
4.0765	-9.0616	-0.0085957	-0.072
5.5428	-9.0616	0	-0
7.0091	-9.0616	0	-0
8.4754	-9.0616	0	-0
9.9417	-9.0616	0	-0
11.408	-9.0616	0	-0
12.874	-9.0616	0	-0
14.341	-9.0616	0	-0
15.807	-9.0616	0	-0
-14.985	-10.528	0	-0
-13.519	-10.528	0	-0
-12.053	-10.528	0	-0
-10.587	-10.528	0	-0
-9.1202	-10.528	0	-0
-7.6539	-10.528	0	-0
-6.1876	-10.528	-0.011023	-0.071388
-4.7213	-10.528	-0.014618	-0.071732
-3.255	-10.528	-0.016983	-0.073411
-1.7887	-10.528	-0.019986	-0.074553
-0.32241	-10.528	-0.022159	-0.075452
1.1439	-10.528	-0.02238	-0.076704
2.6102	-10.528	-0.024217	-0.077724
4.0765	-10.528	-0.0095617	-0.078225
5.5428	-10.528	0	-0
7.0091	-10.528	0	-0
8.4754	-10.528	0	-0
9.9417	-10.528	0	-0
11.408	-10.528	0	-0
12.874	-10.528	0	-0
14.341	-10.528	0	-0
15.807	-10.528	0	-0
-14.985	-11.994	0	-0
-13.519	-11.994	0	-0
-12.053	-11.994	0	-0
-10.587	-11.994	0	-0
-9.1202	-11.994	0	-0
-7.6539	-11.994	0	-0
-6.1876	-11.994	0	-0
-4.7213	-11.994	0	-0
-3.255	-11.994	0	-0
-1.7887	-11.994	0	-0
-0.32241	-11.994	0	-0
1.1439	-11.994	0	-0
2.6102	-11.994	0	-0
4.0765	-11.994	0	-0
5.5428	-11.994	0	-0
7.0091	-11.994	0	-0
8.4754	-11.994	0	-0
9.9417	-11.994	0	-0
11.408	-11.994	0	-0
12.874	-11.994	0	-0
14.341	-11.994	0	-0
15.807	-11.994	0	-0
