#DaVis 7.4.0 2D-vector 96 22 22 "" "[mm]" "" "[mm]" "displacement" "[mm]"
-14.985	18.798	0	-0
-13.519	18.798	0	-0
-12.053	18.798	0	-0
-10.587	18.798	0	-0
-9.1202	18.798	0	-0
-7.6539	18.798	0	-0
-6.1876	18.798	-0.02893	-0.73849
-4.7213	18.798	-0.039358	1.0102
-3.255	18.798	0.58657	0.047871
-1.7887	18.798	0.4817	0.81094
-0.32241	18.798	0.66764	-0.37941
1.1439	18.798	-0.16319	-0.50125
2.6102	18.798	-0.11966	-0.16515
4.0765	18.798	0.48239	0.017174
5.5428	18.798	0	-0
7.0091	18.798	0	-0
8.4754	18.798	0	-0
9.9417	18.798	0	-0
11.408	18.798	0	-0
12.874	18.798	0	-0
14.341	18.798	0	-0
15.807	18.798	0	-0
-14.985	17.332	0	-0
-13.519	17.332	0	-0
-12.053	17.332	0	-0
-10.587	17.332	0	-0
-9.1202	17.332	0	-0
-7.6539	17.332	0	-0
-6.1876	17.332	0.14479	-0.55168
-4.7213	17.332	-0.063409	0.26497
-3.255	17.332	-0.77564	0.88385
-1.7887	17.332	-0.090623	0.29863
-0.32241	17.332	-0.43717	-0.39165
1.1439	17.332	-0.43511	-0.69134
2.6102	17.332	-0.11594	0.31681
4.0765	17.332	-0.11159	0.75942
5.5428	17.332	0	-0
7.0091	17.332	0	-0
8.4754	17.332	0	-0
9.9417	17.332	0	-0
11.408	17.332	0	-0
12.874	17.332	0	-0
14.341	17.332	0	-0
15.807	17.332	0	-0
-14.985	15.866	0	-0
-13.519	15.866	0	-0
-12.053	15.866	0	-0
-10.587	15.866	0	-0
-9.1202	15.866	0	-0
-7.6539	15.866	0	-0
-6.1876	15.866	-0.046348	0.20331
-4.7213	15.866	-0.051107	0.21869
-3.255	15.866	-0.057994	0.23364
-1.7887	15.866	-0.068625	0.25557
-0.32241	15.866	-0.085742	0.28271
1.1439	15.866	-0.10447	0.29581
2.6102	15.866	-0.12152	0.2843
4.0765	15.866	-0.13714	0.26827
5.5428	15.866	0	-0
7.0091	15.866	0	-0
8.4754	15.866	0	-0
9.9417	15.866	0	-0
11.408	15.866	0	-0
12.874	15.866	0	-0
14.341	15.866	0	-0
15.807	15.866	0	-0
-14.985	14.399	0	-0
-13.519	14.399	0	-0
-12.053	14.399	0	-0
-10.587	14.399	0	-0
-9.1202	14.399	0	-0
-7.6539	14.399	0	-0
-6.1876	14.399	-0.0066859	0.16327
-4.7213	14.399	-0.015828	0.17497
-3.255	14.399	-0.02594	0.18996
-1.7887	14.399	-0.0394	0.21686
-0.32241	14.399	-0.062935	0.23191
1.1439	14.399	-0.097893	0.24011
2.6102	14.399	-0.12774	0.24059
4.0765	14.399	-0.15186	0.23293
5.5428	14.399	0	-0
7.0091	14.399	0	-0
8.4754	14.399	0	-0
9.9417	14.399	0	-0
11.408	14.399	0	-0
12.874	14.399	0	-0
14.341	14.399	0	-0
15.807	14.399	0	-0
-14.985	12.933	0	-0
-13.519	12.933	0	-0
-12.053	12.933	0	-0
-10.587	12.933	0	-0
-9.1202	12.933	0	-0
-7.6539	12.933	0	-0
-6.1876	12.933	0.017844	0.13942
-4.7213	12.933	0.011432	0.14345
-3.255	12.933	0.003105	0.15364
-1.7887	12.933	-0.014672	0.16418
-0.32241	12.933	-0.044086	0.16978
1.1439	12.933	-0.088185	0.17398
2.6102	12.933	-0.11812	0.18766
4.0765	12.933	-0.13878	0.20421
5.5428	12.933	0	-0
7.0091	12.933	0	-0
8.4754	12.933	0	-0
9.9417	12.933	0	-0
11.408	12.933	0	-0
12.874	12.933	0	-0
14.341	12.933	0	-0
15.807	12.933	0	-0
-14.985	11.467	0	-0
-13.519	11.467	0	-0
-12.053	11.467	0	-0
-10.587	11.467	0	-0
-9.1202	11.467	0	-0
-7.6539	11.467	0	-0
-6.1876	11.467	0.016765	0.11903
-4.7213	11.467	0.010632	0.11114
-3.255	11.467	0.0053466	0.1109
-1.7887	11.467	-0.011656	0.10509
-0.32241	11.467	-0.036308	0.10118
1.1439	11.467	-0.065081	0.11166
2.6102	11.467	-0.097074	0.14175
4.0765	11.467	-0.10374	0.17196
5.5428	11.467	0	-0
7.0091	11.467	0	-0
8.4754	11.467	0	-0
9.9417	11.467	0	-0
11.408	11.467	0	-0
12.874	11.467	0	-0
14.341	11.467	0	-0
15.807	11.467	0	-0
-14.985	10	0	-0
-13.519	10	0	-0
-12.053	10	0	-0
-10.587	10	0	-0
-9.1202	10	0	-0
-7.6539	10	0	-0
-6.1876	10	-0.0029152	0.094582
-4.7213	10	-0.0071078	0.080217
-3.255	10	-0.015177	0.072153
-1.7887	10	-0.022598	0.061246
-0.32241	10	-0.032742	0.055972
1.1439	10	-0.047068	0.06834
2.6102	10	-0.060492	0.10381
4.0765	10	-0.066397	0.14465
5.5428	10	0	-0
7.0091	10	0	-0
8.4754	10	0	-0
9.9417	10	0	-0
11.408	10	0	-0
12.874	10	0	-0
14.341	10	0	-0
15.807	10	0	-0
-14.985	8.534	0	-0
-13.519	8.534	0	-0
-12.053	8.534	0	-0
-10.587	8.534	0	-0
-9.1202	8.534	0	-0
-7.6539	8.534	0	-0
-6.1876	8.534	-0.015332	0.058576
-4.7213	8.534	-0.019006	0.048746
-3.255	8.534	-0.026324	0.042855
-1.7887	8.534	-0.02385	0.041394
-0.32241	8.534	-0.022847	0.043465
1.1439	8.534	-0.023064	0.056677
2.6102	8.534	-0.029033	0.073477
4.0765	8.534	-0.024204	0.10009
5.5428	8.534	0	-0
7.0091	8.534	0	-0
8.4754	8.534	0	-0
9.9417	8.534	0	-0
11.408	8.534	0	-0
12.874	8.534	0	-0
14.341	8.534	0	-0
15.807	8.534	0	-0
-14.985	7.0677	0	-0
-13.519	7.0677	0	-0
-12.053	7.0677	0	-0
-10.587	7.0677	0	-0
-9.1202	7.0677	0	-0
-7.6539	7.0677	0	-0
-6.1876	7.0677	-0.011043	0.024829
-4.7213	7.0677	-0.0096153	0.022766
-3.255	7.0677	-0.01289	0.023864
-1.7887	7.0677	-0.011349	0.029666
-0.32241	7.0677	-0.0086792	0.036375
1.1439	7.0677	-0.0053018	0.042796
2.6102	7.0677	-0.0098612	0.047318
4.0765	7.0677	-0.0046792	0.058636
5.5428	7.0677	0	-0
7.0091	7.0677	0	-0
8.4754	7.0677	0	-0
9.9417	7.0677	0	-0
11.408	7.0677	0	-0
12.874	7.0677	0	-0
14.341	7.0677	0	-0
15.807	7.0677	0	-0
-14.985	5.6014	0	-0
-13.519	5.6014	0	-0
-12.053	5.6014	0	-0
-10.587	5.6014	0	-0
-9.1202	5.6014	0	-0
-7.6539	5.6014	0	-0
-6.1876	5.6014	-0.00069237	0.0043814
-4.7213	5.6014	-0.00051872	0.009461
-3.255	5.6014	-0.00078589	0.016008
-1.7887	5.6014	0.0001039	0.021956
-0.32241	5.6014	0.0015955	0.026301
1.1439	5.6014	0.0032647	0.027207
2.6102	5.6014	-0.0025667	0.02543
4.0765	5.6014	-0.0041452	0.02447
5.5428	5.6014	0	-0
7.0091	5.6014	0	-0
8.4754	5.6014	0	-0
9.9417	5.6014	0	-0
11.408	5.6014	0	-0
12.874	5.6014	0	-0
14.341	5.6014	0	-0
15.807	5.6014	0	-0
-14.985	4.1351	0	-0
-13.519	4.1351	0	-0
-12.053	4.1351	0	-0
-10.587	4.1351	0	-0
-9.1202	4.1351	0	-0
-7.6539	4.1351	0	-0
-6.1876	4.1351	0.010536	-0.0017454
-4.7213	4.1351	0.008657	0.0030805
-3.255	4.1351	0.0064888	0.0076036
-1.7887	4.1351	0.0045987	0.013147
-0.32241	4.1351	0.0030437	0.017791
1.1439	4.1351	0.00079131	0.015126
2.6102	4.1351	-0.0041202	0.0083072
4.0765	4.1351	-0.0069447	0.0032747
5.5428	4.1351	0	-0
7.0091	4.1351	0	-0
8.4754	4.1351	0	-0
9.9417	4.1351	0	-0
11.408	4.1351	0	-0
12.874	4.1351	0	-0
14.341	4.1351	0	-0
15.807	4.1351	0	-0
-14.985	2.6688	0	-0
-13.519	2.6688	0	-0
-12.053	2.6688	0	-0
-10.587	2.6688	0	-0
-9.1202	2.6688	0	-0
-7.6539	2.6688	0	-0
-6.1876	2.6688	0.016819	-0.012331
-4.7213	2.6688	0.014065	-0.0072004
-3.255	2.6688	0.0099115	-0.0032576
-1.7887	2.6688	0.0043846	0.0016313
-0.32241	2.6688	-0.0018514	0.0043934
1.1439	2.6688	-0.0087473	-0.00014499
2.6102	2.6688	-0.013655	-0.0074025
4.0765	2.6688	-0.015034	-0.017721
5.5428	2.6688	0	-0
7.0091	2.6688	0	-0
8.4754	2.6688	0	-0
9.9417	2.6688	0	-0
11.408	2.6688	0	-0
12.874	2.6688	0	-0
14.341	2.6688	0	-0
15.807	2.6688	0	-0
-14.985	1.2025	0	-0
-13.519	1.2025	0	-0
-12.053	1.2025	0	-0
-10.587	1.2025	0	-0
-9.1202	1.2025	0	-0
-7.6539	1.2025	0	-0
-6.1876	1.2025	0.020171	-0.021164
-4.7213	1.2025	0.017134	-0.019074
-3.255	1.2025	0.011683	-0.017244
-1.7887	1.2025	0.0039374	-0.013385
-0.32241	1.2025	-0.0056613	-0.011931
1.1439	1.2025	-0.017682	-0.014761
2.6102	1.2025	-0.023579	-0.021077
4.0765	1.2025	-0.020644	-0.030839
5.5428	1.2025	0	-0
7.0091	1.2025	0	-0
8.4754	1.2025	0	-0
9.9417	1.2025	0	-0
11.408	1.2025	0	-0
12.874	1.2025	0	-0
14.341	1.2025	0	-0
15.807	1.2025	0	-0
-14.985	-0.2638	0	-0
-13.519	-0.2638	0	-0
-12.053	-0.2638	0	-0
-10.587	-0.2638	0	-0
-9.1202	-0.2638	0	-0
-7.6539	-0.2638	0	-0
-6.1876	-0.2638	0.026976	-0.033551
-4.7213	-0.2638	0.020432	-0.032981
-3.255	-0.2638	0.013519	-0.032967
-1.7887	-0.2638	0.0043522	-0.031332
-0.32241	-0.2638	-0.0067645	-0.028707
1.1439	-0.2638	-0.017855	-0.031517
2.6102	-0.2638	-0.024121	-0.03676
4.0765	-0.2638	-0.027985	-0.042
5.5428	-0.2638	0	-0
7.0091	-0.2638	0	-0
8.4754	-0.2638	0	-0
9.9417	-0.2638	0	-0
11.408	-0.2638	0	-0
12.874	-0.2638	0	-0
14.341	-0.2638	0	-0
15.807	-0.2638	0	-0
-14.985	-1.7301	0	-0
-13.519	-1.7301	0	-0
-12.053	-1.7301	0	-0
-10.587	-1.7301	0	-0
-9.1202	-1.7301	0	-0
-7.6539	-1.7301	0	-0
-6.1876	-1.7301	0.02882	-0.046521
-4.7213	-1.7301	0.02288	-0.04684
-3.255	-1.7301	0.016098	-0.049594
-1.7887	-1.7301	0.0083857	-0.049123
-0.32241	-1.7301	-0.00107	-0.047461
1.1439	-1.7301	-0.013711	-0.050497
2.6102	-1.7301	-0.0217	-0.05372
4.0765	-1.7301	-0.023305	-0.054681
5.5428	-1.7301	0	-0
7.0091	-1.7301	0	-0
8.4754	-1.7301	0	-0
9.9417	-1.7301	0	-0
11.408	-1.7301	0	-0
12.874	-1.7301	0	-0
14.341	-1.7301	0	-0
15.807	-1.7301	0	-0
-14.985	-3.1964	0	-0
-13.519	-3.1964	0	-0
-12.053	-3.1964	0	-0
-10.587	-3.1964	0	-0
-9.1202	-3.1964	0	-0
-7.6539	-3.1964	0	-0
-6.1876	-3.1964	0.016423	-0.051285
-4.7213	-3.1964	0.017834	-0.060055
-3.255	-3.1964	0.015553	-0.06577
-1.7887	-3.1964	0.0096836	-0.067649
-0.32241	-3.1964	0.00069727	-0.067658
1.1439	-3.1964	-0.010403	-0.066755
2.6102	-3.1964	-0.017829	-0.066854
4.0765	-3.1964	-0.01559	-0.067091
5.5428	-3.1964	0	-0
7.0091	-3.1964	0	-0
8.4754	-3.1964	0	-0
9.9417	-3.1964	0	-0
11.408	-3.1964	0	-0
12.874	-3.1964	0	-0
14.341	-3.1964	0	-0
15.807	-3.1964	0	-0
-14.985	-4.6627	0	-0
-13.519	-4.6627	0	-0
-12.053	-4.6627	0	-0
-10.587	-4.6627	0	-0
-9.1202	-4.6627	0	-0
-7.6539	-4.6627	0	-0
-6.1876	-4.6627	0.0047159	-0.056962
-4.7213	-4.6627	0.0035332	-0.069568
-3.255	-4.6627	0.0021699	-0.078979
-1.7887	-4.6627	-0.002129	-0.084492
-0.32241	-4.6627	-0.0084448	-0.08659
1.1439	-4.6627	-0.015618	-0.084599
2.6102	-4.6627	-0.021136	-0.084191
4.0765	-4.6627	-0.01576	-0.080637
5.5428	-4.6627	0	-0
7.0091	-4.6627	0	-0
8.4754	-4.6627	0	-0
9.9417	-4.6627	0	-0
11.408	-4.6627	0	-0
12.874	-4.6627	0	-0
14.341	-4.6627	0	-0
15.807	-4.6627	0	-0
-14.985	-6.129	0	-0
-13.519	-6.129	0	-0
-12.053	-6.129	0	-0
-10.587	-6.129	0	-0
-9.1202	-6.129	0	-0
-7.6539	-6.129	0	-0
-6.1876	-6.129	-0.0083596	-0.063402
-4.7213	-6.129	-0.014318	-0.07935
-3.255	-6.129	-0.018164	-0.091915
-1.7887	-6.129	-0.020227	-0.10208
-0.32241	-6.129	-0.023148	-0.10594
1.1439	-6.129	-0.027682	-0.10618
2.6102	-6.129	-0.032091	-0.10444
4.0765	-6.129	-0.025218	-0.10042
5.5428	-6.129	0	-0
7.0091	-6.129	0	-0
8.4754	-6.129	0	-0
9.9417	-6.129	0	-0
11.408	-6.129	0	-0
12.874	-6.129	0	-0
14.341	-6.129	0	-0
15.807	-6.129	0	-0
-14.985	-7.5953	0	-0
-13.519	-7.5953	0	-0
-12.053	-7.5953	0	-0
-10.587	-7.5953	0	-0
-9.1202	-7.5953	0	-0
-7.6539	-7.5953	0	-0
-6.1876	-7.5953	-0.02113	-0.073623
-4.7213	-7.5953	-0.032043	-0.090685
-3.255	-7.5953	-0.036183	-0.10594
-1.7887	-7.5953	-0.037592	-0.11637
-0.32241	-7.5953	-0.039913	-0.12172
1.1439	-7.5953	-0.044396	-0.12623
2.6102	-7.5953	-0.047153	-0.12793
4.0765	-7.5953	-0.044263	-0.12621
5.5428	-7.5953	0	-0
7.0091	-7.5953	0	-0
8.4754	-7.5953	0	-0
9.9417	-7.5953	0	-0
11.408	-7.5953	0	-0
12.874	-7.5953	0	-0
14.341	-7.5953	0	-0
15.807	-7.5953	0	-0
-14.985	-9.0616	0	-0
-13.519	-9.0616	0	-0
-12.053	-9.0616	0	-0
-10.587	-9.0616	0	-0
-9.1202	-9.0616	0	-0
-7.6539	-9.0616	0	-0
-6.1876	-9.0616	-0.037072	-0.085935
-4.7213	-9.0616	-0.047075	-0.10221
-3.255	-9.0616	-0.050464	-0.11659
-1.7887	-9.0616	-0.053141	-0.12779
-0.32241	-9.0616	-0.057961	-0.13495
1.1439	-9.0616	-0.061841	-0.14234
2.6102	-9.0616	-0.066301	-0.14816
4.0765	-9.0616	-0.059336	-0.14883
5.5428	-9.0616	0	-0
7.0091	-9.0616	0	-0
8.4754	-9.0616	0	-0
9.9417	-9.0616	0	-0
11.408	-9.0616	0	-0
12.874	-9.0616	0	-0
14.341	-9.0616	0	-0
15.807	-9.0616	0	-0
-14.985	-10.528	0	-0
-13.519	-10.528	0	-0
-12.053	-10.528	0	-0
-10.587	-10.528	0	-0
-9.1202	-10.528	0	-0
-7.6539	-10.528	0	-0
-6.1876	-10.528	-0.050555	-0.10229
-4.7213	-10.528	-0.060587	-0.11435
-3.255	-10.528	-0.06611	-0.12804
-1.7887	-10.528	-0.073274	-0.14121
-0.32241	-10.528	-0.077005	-0.15016
1.1439	-10.528	-0.078959	-0.15856
2.6102	-10.528	-0.082486	-0.16428
4.0765	-10.528	-0.071196	-0.16838
5.5428	-10.528	0	-0
7.0091	-10.528	0	-0
8.4754	-10.528	0	-0
9.9417	-10.528	0	-0
11.408	-10.528	0	-0
12.874	-10.528	0	-0
14.341	-10.528	0	-0
15.807	-10.528	0	-0
-14.985	-11.994	0	-0
-13.519	-11.994	0	-0
-12.053	-11.994	0	-0
-10.587	-11.994	0	-0
-9.1202	-11.994	0	-0
-7.6539	-11.994	0	-0
-6.1876	-11.994	0	-0
-4.7213	-11.994	0	-0
-3.255	-11.994	0	-0
-1.7887	-11.994	0	-0
-0.32241	-11.994	0	-0
1.1439	-11.994	0	-0
2.6102	-11.994	0	-0
4.0765	-11.994	0	-0
5.5428	-11.994	0	-0
7.0091	-11.994	0	-0
8.4754	-11.994	0	-0
9.9417	-11.994	0	-0
11.408	-11.994	0	-0
12.874	-11.994	0	-0
14.341	-11.994	0	-0
15.807	-11.994	0	-0
