#DaVis 7.4.0 2D-vector 96 22 22 "" "[mm]" "" "[mm]" "displacement" "[mm]"
-14.985	18.798	0	-0
-13.519	18.798	0	-0
-12.053	18.798	0	-0
-10.587	18.798	0	-0
-9.1202	18.798	0	-0
-7.6539	18.798	0	-0
-6.1876	18.798	-0.026132	-0.76665
-4.7213	18.798	-0.037162	0.99754
-3.255	18.798	0.6841	0.046041
-1.7887	18.798	-0.89563	0.80756
-0.32241	18.798	0.60756	-0.38285
1.1439	18.798	-0.10285	1.2457
2.6102	18.798	-0.11815	-0.16783
4.0765	18.798	0.49299	0.00046455
5.5428	18.798	0	-0
7.0091	18.798	0	-0
8.4754	18.798	0	-0
9.9417	18.798	0	-0
11.408	18.798	0	-0
12.874	18.798	0	-0
14.341	18.798	0	-0
15.807	18.798	0	-0
-14.985	17.332	0	-0
-13.519	17.332	0	-0
-12.053	17.332	0	-0
-10.587	17.332	0	-0
-9.1202	17.332	0	-0
-7.6539	17.332	0	-0
-6.1876	17.332	0.15201	-0.55207
-4.7213	17.332	-0.063601	0.26069
-3.255	17.332	-0.77264	0.88534
-1.7887	17.332	-0.088157	0.29638
-0.32241	17.332	0.17184	-0.41294
1.1439	17.332	-0.48152	-0.61844
2.6102	17.332	-0.11451	0.30922
4.0765	17.332	-0.10418	-0.65941
5.5428	17.332	0	-0
7.0091	17.332	0	-0
8.4754	17.332	0	-0
9.9417	17.332	0	-0
11.408	17.332	0	-0
12.874	17.332	0	-0
14.341	17.332	0	-0
15.807	17.332	0	-0
-14.985	15.866	0	-0
-13.519	15.866	0	-0
-12.053	15.866	0	-0
-10.587	15.866	0	-0
-9.1202	15.866	0	-0
-7.6539	15.866	0	-0
-6.1876	15.866	-0.046237	0.19914
-4.7213	15.866	-0.051278	0.21473
-3.255	15.866	-0.057893	0.22833
-1.7887	15.866	-0.068344	0.24935
-0.32241	15.866	-0.084446	0.27516
1.1439	15.866	-0.1037	0.28538
2.6102	15.866	-0.1205	0.27627
4.0765	15.866	-0.13542	0.26156
5.5428	15.866	0	-0
7.0091	15.866	0	-0
8.4754	15.866	0	-0
9.9417	15.866	0	-0
11.408	15.866	0	-0
12.874	15.866	0	-0
14.341	15.866	0	-0
15.807	15.866	0	-0
-14.985	14.399	0	-0
-13.519	14.399	0	-0
-12.053	14.399	0	-0
-10.587	14.399	0	-0
-9.1202	14.399	0	-0
-7.6539	14.399	0	-0
-6.1876	14.399	-0.0066846	0.15958
-4.7213	14.399	-0.016577	0.17119
-3.255	14.399	-0.028179	0.18747
-1.7887	14.399	-0.039735	0.21219
-0.32241	14.399	-0.062926	0.2275
1.1439	14.399	-0.096758	0.23503
2.6102	14.399	-0.12417	0.23463
4.0765	14.399	-0.15406	0.22872
5.5428	14.399	0	-0
7.0091	14.399	0	-0
8.4754	14.399	0	-0
9.9417	14.399	0	-0
11.408	14.399	0	-0
12.874	14.399	0	-0
14.341	14.399	0	-0
15.807	14.399	0	-0
-14.985	12.933	0	-0
-13.519	12.933	0	-0
-12.053	12.933	0	-0
-10.587	12.933	0	-0
-9.1202	12.933	0	-0
-7.6539	12.933	0	-0
-6.1876	12.933	0.016683	0.1361
-4.7213	12.933	0.0094525	0.14063
-3.255	12.933	0.0017576	0.15081
-1.7887	12.933	-0.015754	0.16047
-0.32241	12.933	-0.044206	0.16594
1.1439	12.933	-0.088362	0.17047
2.6102	12.933	-0.1146	0.18362
4.0765	12.933	-0.13445	0.19989
5.5428	12.933	0	-0
7.0091	12.933	0	-0
8.4754	12.933	0	-0
9.9417	12.933	0	-0
11.408	12.933	0	-0
12.874	12.933	0	-0
14.341	12.933	0	-0
15.807	12.933	0	-0
-14.985	11.467	0	-0
-13.519	11.467	0	-0
-12.053	11.467	0	-0
-10.587	11.467	0	-0
-9.1202	11.467	0	-0
-7.6539	11.467	0	-0
-6.1876	11.467	0.015041	0.1164
-4.7213	11.467	0.008825	0.10892
-3.255	11.467	0.0038117	0.10835
-1.7887	11.467	-0.012866	0.1027
-0.32241	11.467	-0.036967	0.099996
1.1439	11.467	-0.06774	0.10505
2.6102	11.467	-0.094689	0.13932
4.0765	11.467	-0.10178	0.168
5.5428	11.467	0	-0
7.0091	11.467	0	-0
8.4754	11.467	0	-0
9.9417	11.467	0	-0
11.408	11.467	0	-0
12.874	11.467	0	-0
14.341	11.467	0	-0
15.807	11.467	0	-0
-14.985	10	0	-0
-13.519	10	0	-0
-12.053	10	0	-0
-10.587	10	0	-0
-9.1202	10	0	-0
-7.6539	10	0	-0
-6.1876	10	-0.0027478	0.091578
-4.7213	10	-0.0084277	0.078249
-3.255	10	-0.016303	0.070476
-1.7887	10	-0.023306	0.060267
-0.32241	10	-0.033252	0.05559
1.1439	10	-0.046832	0.068192
2.6102	10	-0.05966	0.10265
4.0765	10	-0.063361	0.14069
5.5428	10	0	-0
7.0091	10	0	-0
8.4754	10	0	-0
9.9417	10	0	-0
11.408	10	0	-0
12.874	10	0	-0
14.341	10	0	-0
15.807	10	0	-0
-14.985	8.534	0	-0
-13.519	8.534	0	-0
-12.053	8.534	0	-0
-10.587	8.534	0	-0
-9.1202	8.534	0	-0
-7.6539	8.534	0	-0
-6.1876	8.534	-0.015774	0.057022
-4.7213	8.534	-0.019597	0.047648
-3.255	8.534	-0.02668	0.041893
-1.7887	8.534	-0.024148	0.040729
-0.32241	8.534	-0.023194	0.043083
1.1439	8.534	-0.023434	0.055915
2.6102	8.534	-0.029103	0.072681
4.0765	8.534	-0.021877	0.099803
5.5428	8.534	0	-0
7.0091	8.534	0	-0
8.4754	8.534	0	-0
9.9417	8.534	0	-0
11.408	8.534	0	-0
12.874	8.534	0	-0
14.341	8.534	0	-0
15.807	8.534	0	-0
-14.985	7.0677	0	-0
-13.519	7.0677	0	-0
-12.053	7.0677	0	-0
-10.587	7.0677	0	-0
-9.1202	7.0677	0	-0
-7.6539	7.0677	0	-0
-6.1876	7.0677	-0.010877	0.024261
-4.7213	7.0677	-0.010209	0.022261
-3.255	7.0677	-0.013541	0.023431
-1.7887	7.0677	-0.011861	0.029201
-0.32241	7.0677	-0.0090737	0.035798
1.1439	7.0677	-0.0059003	0.041822
2.6102	7.0677	-0.010447	0.046543
4.0765	7.0677	-0.00056121	0.057607
5.5428	7.0677	0	-0
7.0091	7.0677	0	-0
8.4754	7.0677	0	-0
9.9417	7.0677	0	-0
11.408	7.0677	0	-0
12.874	7.0677	0	-0
14.341	7.0677	0	-0
15.807	7.0677	0	-0
-14.985	5.6014	0	-0
-13.519	5.6014	0	-0
-12.053	5.6014	0	-0
-10.587	5.6014	0	-0
-9.1202	5.6014	0	-0
-7.6539	5.6014	0	-0
-6.1876	5.6014	9.4155e-005	0.0037465
-4.7213	5.6014	-0.0011365	0.0090104
-3.255	5.6014	-0.0015346	0.015583
-1.7887	5.6014	-0.00054159	0.021338
-0.32241	5.6014	0.0010788	0.025658
1.1439	5.6014	0.0022325	0.026575
2.6102	5.6014	-0.0029816	0.025508
4.0765	5.6014	0.0067656	0.025866
5.5428	5.6014	0	-0
7.0091	5.6014	0	-0
8.4754	5.6014	0	-0
9.9417	5.6014	0	-0
11.408	5.6014	0	-0
12.874	5.6014	0	-0
14.341	5.6014	0	-0
15.807	5.6014	0	-0
-14.985	4.1351	0	-0
-13.519	4.1351	0	-0
-12.053	4.1351	0	-0
-10.587	4.1351	0	-0
-9.1202	4.1351	0	-0
-7.6539	4.1351	0	-0
-6.1876	4.1351	0.010399	-0.0022254
-4.7213	4.1351	0.0079219	0.0025796
-3.255	4.1351	0.0055357	0.0068869
-1.7887	4.1351	0.0039734	0.012876
-0.32241	4.1351	0.0024929	0.01743
1.1439	4.1351	-0.00023482	0.014714
2.6102	4.1351	-0.0044671	0.0082271
4.0765	4.1351	0.0026968	0.0035898
5.5428	4.1351	0	-0
7.0091	4.1351	0	-0
8.4754	4.1351	0	-0
9.9417	4.1351	0	-0
11.408	4.1351	0	-0
12.874	4.1351	0	-0
14.341	4.1351	0	-0
15.807	4.1351	0	-0
-14.985	2.6688	0	-0
-13.519	2.6688	0	-0
-12.053	2.6688	0	-0
-10.587	2.6688	0	-0
-9.1202	2.6688	0	-0
-7.6539	2.6688	0	-0
-6.1876	2.6688	0.015775	-0.012494
-4.7213	2.6688	0.01326	-0.0074257
-3.255	2.6688	0.0089819	-0.0032852
-1.7887	2.6688	0.0037936	0.0017193
-0.32241	2.6688	-0.002399	0.004655
1.1439	2.6688	-0.0092089	-4.1166e-005
2.6102	2.6688	-0.013965	-0.0071866
4.0765	2.6688	-0.0080983	-0.017307
5.5428	2.6688	0	-0
7.0091	2.6688	0	-0
8.4754	2.6688	0	-0
9.9417	2.6688	0	-0
11.408	2.6688	0	-0
12.874	2.6688	0	-0
14.341	2.6688	0	-0
15.807	2.6688	0	-0
-14.985	1.2025	0	-0
-13.519	1.2025	0	-0
-12.053	1.2025	0	-0
-10.587	1.2025	0	-0
-9.1202	1.2025	0	-0
-7.6539	1.2025	0	-0
-6.1876	1.2025	0.018776	-0.020903
-4.7213	1.2025	0.016178	-0.018958
-3.255	1.2025	0.01071	-0.017078
-1.7887	1.2025	0.0032279	-0.013125
-0.32241	1.2025	-0.0063285	-0.011713
1.1439	1.2025	-0.018352	-0.014544
2.6102	1.2025	-0.023772	-0.020614
4.0765	1.2025	-0.018755	-0.030139
5.5428	1.2025	0	-0
7.0091	1.2025	0	-0
8.4754	1.2025	0	-0
9.9417	1.2025	0	-0
11.408	1.2025	0	-0
12.874	1.2025	0	-0
14.341	1.2025	0	-0
15.807	1.2025	0	-0
-14.985	-0.2638	0	-0
-13.519	-0.2638	0	-0
-12.053	-0.2638	0	-0
-10.587	-0.2638	0	-0
-9.1202	-0.2638	0	-0
-7.6539	-0.2638	0	-0
-6.1876	-0.2638	0.025336	-0.033257
-4.7213	-0.2638	0.019373	-0.032711
-3.255	-0.2638	0.012416	-0.032627
-1.7887	-0.2638	0.0036276	-0.030858
-0.32241	-0.2638	-0.0072829	-0.028437
1.1439	-0.2638	-0.018547	-0.031195
2.6102	-0.2638	-0.024115	-0.036383
4.0765	-0.2638	-0.02694	-0.041239
5.5428	-0.2638	0	-0
7.0091	-0.2638	0	-0
8.4754	-0.2638	0	-0
9.9417	-0.2638	0	-0
11.408	-0.2638	0	-0
12.874	-0.2638	0	-0
14.341	-0.2638	0	-0
15.807	-0.2638	0	-0
-14.985	-1.7301	0	-0
-13.519	-1.7301	0	-0
-12.053	-1.7301	0	-0
-10.587	-1.7301	0	-0
-9.1202	-1.7301	0	-0
-7.6539	-1.7301	0	-0
-6.1876	-1.7301	0.026846	-0.045762
-4.7213	-1.7301	0.02174	-0.04597
-3.255	-1.7301	0.015007	-0.048735
-1.7887	-1.7301	0.0076732	-0.048574
-0.32241	-1.7301	-0.001533	-0.047066
1.1439	-1.7301	-0.014551	-0.050188
2.6102	-1.7301	-0.02186	-0.053199
4.0765	-1.7301	-0.02221	-0.053886
5.5428	-1.7301	0	-0
7.0091	-1.7301	0	-0
8.4754	-1.7301	0	-0
9.9417	-1.7301	0	-0
11.408	-1.7301	0	-0
12.874	-1.7301	0	-0
14.341	-1.7301	0	-0
15.807	-1.7301	0	-0
-14.985	-3.1964	0	-0
-13.519	-3.1964	0	-0
-12.053	-3.1964	0	-0
-10.587	-3.1964	0	-0
-9.1202	-3.1964	0	-0
-7.6539	-3.1964	0	-0
-6.1876	-3.1964	0.013627	-0.050429
-4.7213	-3.1964	0.016697	-0.059229
-3.255	-3.1964	0.014371	-0.06504
-1.7887	-3.1964	0.0088097	-0.067169
-0.32241	-3.1964	0.00011014	-0.066913
1.1439	-3.1964	-0.011123	-0.066102
2.6102	-3.1964	-0.018297	-0.066364
4.0765	-3.1964	-0.014156	-0.066671
5.5428	-3.1964	0	-0
7.0091	-3.1964	0	-0
8.4754	-3.1964	0	-0
9.9417	-3.1964	0	-0
11.408	-3.1964	0	-0
12.874	-3.1964	0	-0
14.341	-3.1964	0	-0
15.807	-3.1964	0	-0
-14.985	-4.6627	0	-0
-13.519	-4.6627	0	-0
-12.053	-4.6627	0	-0
-10.587	-4.6627	0	-0
-9.1202	-4.6627	0	-0
-7.6539	-4.6627	0	-0
-6.1876	-4.6627	0.0049924	-0.05596
-4.7213	-4.6627	0.0026204	-0.068583
-3.255	-4.6627	0.0013275	-0.078199
-1.7887	-4.6627	-0.0028281	-0.08382
-0.32241	-4.6627	-0.009074	-0.08562
1.1439	-4.6627	-0.016161	-0.083718
2.6102	-4.6627	-0.021364	-0.083175
4.0765	-4.6627	-0.014514	-0.079718
5.5428	-4.6627	0	-0
7.0091	-4.6627	0	-0
8.4754	-4.6627	0	-0
9.9417	-4.6627	0	-0
11.408	-4.6627	0	-0
12.874	-4.6627	0	-0
14.341	-4.6627	0	-0
15.807	-4.6627	0	-0
-14.985	-6.129	0	-0
-13.519	-6.129	0	-0
-12.053	-6.129	0	-0
-10.587	-6.129	0	-0
-9.1202	-6.129	0	-0
-7.6539	-6.129	0	-0
-6.1876	-6.129	-0.0063321	-0.062751
-4.7213	-6.129	-0.014562	-0.078592
-3.255	-6.129	-0.018599	-0.090906
-1.7887	-6.129	-0.020665	-0.10057
-0.32241	-6.129	-0.023497	-0.10443
1.1439	-6.129	-0.027969	-0.10471
2.6102	-6.129	-0.031926	-0.10291
4.0765	-6.129	-0.022687	-0.098904
5.5428	-6.129	0	-0
7.0091	-6.129	0	-0
8.4754	-6.129	0	-0
9.9417	-6.129	0	-0
11.408	-6.129	0	-0
12.874	-6.129	0	-0
14.341	-6.129	0	-0
15.807	-6.129	0	-0
-14.985	-7.5953	0	-0
-13.519	-7.5953	0	-0
-12.053	-7.5953	0	-0
-10.587	-7.5953	0	-0
-9.1202	-7.5953	0	-0
-7.6539	-7.5953	0	-0
-6.1876	-7.5953	-0.019439	-0.073183
-4.7213	-7.5953	-0.032182	-0.089331
-3.255	-7.5953	-0.036341	-0.10435
-1.7887	-7.5953	-0.037716	-0.11469
-0.32241	-7.5953	-0.03991	-0.11995
1.1439	-7.5953	-0.044718	-0.12449
2.6102	-7.5953	-0.046511	-0.12607
4.0765	-7.5953	-0.042245	-0.12411
5.5428	-7.5953	0	-0
7.0091	-7.5953	0	-0
8.4754	-7.5953	0	-0
9.9417	-7.5953	0	-0
11.408	-7.5953	0	-0
12.874	-7.5953	0	-0
14.341	-7.5953	0	-0
15.807	-7.5953	0	-0
-14.985	-9.0616	0	-0
-13.519	-9.0616	0	-0
-12.053	-9.0616	0	-0
-10.587	-9.0616	0	-0
-9.1202	-9.0616	0	-0
-7.6539	-9.0616	0	-0
-6.1876	-9.0616	-0.036251	-0.085158
-4.7213	-9.0616	-0.046874	-0.10078
-3.255	-9.0616	-0.05035	-0.1148
-1.7887	-9.0616	-0.053088	-0.12545
-0.32241	-9.0616	-0.057879	-0.13283
1.1439	-9.0616	-0.061521	-0.14012
2.6102	-9.0616	-0.065928	-0.14534
4.0765	-9.0616	-0.056533	-0.14632
5.5428	-9.0616	0	-0
7.0091	-9.0616	0	-0
8.4754	-9.0616	0	-0
9.9417	-9.0616	0	-0
11.408	-9.0616	0	-0
12.874	-9.0616	0	-0
14.341	-9.0616	0	-0
15.807	-9.0616	0	-0
-14.985	-10.528	0	-0
-13.519	-10.528	0	-0
-12.053	-10.528	0	-0
-10.587	-10.528	0	-0
-9.1202	-10.528	0	-0
-7.6539	-10.528	0	-0
-6.1876	-10.528	-0.049218	-0.10133
-4.7213	-10.528	-0.059939	-0.11263
-3.255	-10.528	-0.065642	-0.12618
-1.7887	-10.528	-0.072604	-0.1389
-0.32241	-10.528	-0.076523	-0.14758
1.1439	-10.528	-0.078143	-0.15578
2.6102	-10.528	-0.081994	-0.16141
4.0765	-10.528	-0.068149	-0.16532
5.5428	-10.528	0	-0
7.0091	-10.528	0	-0
8.4754	-10.528	0	-0
9.9417	-10.528	0	-0
11.408	-10.528	0	-0
12.874	-10.528	0	-0
14.341	-10.528	0	-0
15.807	-10.528	0	-0
-14.985	-11.994	0	-0
-13.519	-11.994	0	-0
-12.053	-11.994	0	-0
-10.587	-11.994	0	-0
-9.1202	-11.994	0	-0
-7.6539	-11.994	0	-0
-6.1876	-11.994	0	-0
-4.7213	-11.994	0	-0
-3.255	-11.994	0	-0
-1.7887	-11.994	0	-0
-0.32241	-11.994	0	-0
1.1439	-11.994	0	-0
2.6102	-11.994	0	-0
4.0765	-11.994	0	-0
5.5428	-11.994	0	-0
7.0091	-11.994	0	-0
8.4754	-11.994	0	-0
9.9417	-11.994	0	-0
11.408	-11.994	0	-0
12.874	-11.994	0	-0
14.341	-11.994	0	-0
15.807	-11.994	0	-0
