#DaVis 7.4.0 2D-vector 96 22 22 "" "[mm]" "" "[mm]" "displacement" "[mm]"
-14.985	18.798	0	-0
-13.519	18.798	0	-0
-12.053	18.798	0	-0
-10.587	18.798	0	-0
-9.1202	18.798	0	-0
-7.6539	18.798	0	-0
-6.1876	18.798	-0.013452	-0.8083
-4.7213	18.798	-0.021186	0.95465
-3.255	18.798	0.13358	0.024902
-1.7887	18.798	-0.39075	0.72897
-0.32241	18.798	0.78701	-0.46296
1.1439	18.798	-0.06865	-0.71958
2.6102	18.798	-0.074571	-0.23466
4.0765	18.798	0.50676	0.0078317
5.5428	18.798	0	-0
7.0091	18.798	0	-0
8.4754	18.798	0	-0
9.9417	18.798	0	-0
11.408	18.798	0	-0
12.874	18.798	0	-0
14.341	18.798	0	-0
15.807	18.798	0	-0
-14.985	17.332	0	-0
-13.519	17.332	0	-0
-12.053	17.332	0	-0
-10.587	17.332	0	-0
-9.1202	17.332	0	-0
-7.6539	17.332	0	-0
-6.1876	17.332	0.14524	-0.38574
-4.7213	17.332	-0.039629	0.19942
-3.255	17.332	-0.031866	0.94592
-1.7887	17.332	-0.059723	0.23246
-0.32241	17.332	-0.34837	-0.38182
1.1439	17.332	-0.47603	-0.58914
2.6102	17.332	-0.0759	0.23421
4.0765	17.332	-0.052943	-0.57466
5.5428	17.332	0	-0
7.0091	17.332	0	-0
8.4754	17.332	0	-0
9.9417	17.332	0	-0
11.408	17.332	0	-0
12.874	17.332	0	-0
14.341	17.332	0	-0
15.807	17.332	0	-0
-14.985	15.866	0	-0
-13.519	15.866	0	-0
-12.053	15.866	0	-0
-10.587	15.866	0	-0
-9.1202	15.866	0	-0
-7.6539	15.866	0	-0
-6.1876	15.866	-0.026273	0.15525
-4.7213	15.866	-0.030663	0.16548
-3.255	15.866	-0.037257	0.17545
-1.7887	15.866	-0.045294	0.19125
-0.32241	15.866	-0.057046	0.20999
1.1439	15.866	-0.070821	0.2177
2.6102	15.866	-0.082973	0.20757
4.0765	15.866	-0.092271	0.19538
5.5428	15.866	0	-0
7.0091	15.866	0	-0
8.4754	15.866	0	-0
9.9417	15.866	0	-0
11.408	15.866	0	-0
12.874	15.866	0	-0
14.341	15.866	0	-0
15.807	15.866	0	-0
-14.985	14.399	0	-0
-13.519	14.399	0	-0
-12.053	14.399	0	-0
-10.587	14.399	0	-0
-9.1202	14.399	0	-0
-7.6539	14.399	0	-0
-6.1876	14.399	0.001069	0.12533
-4.7213	14.399	-0.0059489	0.13238
-3.255	14.399	-0.014221	0.14292
-1.7887	14.399	-0.024564	0.16254
-0.32241	14.399	-0.041487	0.17249
1.1439	14.399	-0.066675	0.17863
2.6102	14.399	-0.085964	0.17676
4.0765	14.399	-0.10447	0.17186
5.5428	14.399	0	-0
7.0091	14.399	0	-0
8.4754	14.399	0	-0
9.9417	14.399	0	-0
11.408	14.399	0	-0
12.874	14.399	0	-0
14.341	14.399	0	-0
15.807	14.399	0	-0
-14.985	12.933	0	-0
-13.519	12.933	0	-0
-12.053	12.933	0	-0
-10.587	12.933	0	-0
-9.1202	12.933	0	-0
-7.6539	12.933	0	-0
-6.1876	12.933	0.016905	0.1081
-4.7213	12.933	0.012277	0.11001
-3.255	12.933	0.0065328	0.11602
-1.7887	12.933	-0.0064395	0.12254
-0.32241	12.933	-0.027983	0.1267
1.1439	12.933	-0.060048	0.13086
2.6102	12.933	-0.077589	0.13827
4.0765	12.933	-0.093814	0.14853
5.5428	12.933	0	-0
7.0091	12.933	0	-0
8.4754	12.933	0	-0
9.9417	12.933	0	-0
11.408	12.933	0	-0
12.874	12.933	0	-0
14.341	12.933	0	-0
15.807	12.933	0	-0
-14.985	11.467	0	-0
-13.519	11.467	0	-0
-12.053	11.467	0	-0
-10.587	11.467	0	-0
-9.1202	11.467	0	-0
-7.6539	11.467	0	-0
-6.1876	11.467	0.01501	0.091342
-4.7213	11.467	0.010449	0.084634
-3.255	11.467	0.0065487	0.083175
-1.7887	11.467	-0.005418	0.079341
-0.32241	11.467	-0.022834	0.077318
1.1439	11.467	-0.045434	0.080505
2.6102	11.467	-0.065106	0.10491
4.0765	11.467	-0.06971	0.12508
5.5428	11.467	0	-0
7.0091	11.467	0	-0
8.4754	11.467	0	-0
9.9417	11.467	0	-0
11.408	11.467	0	-0
12.874	11.467	0	-0
14.341	11.467	0	-0
15.807	11.467	0	-0
-14.985	10	0	-0
-13.519	10	0	-0
-12.053	10	0	-0
-10.587	10	0	-0
-9.1202	10	0	-0
-7.6539	10	0	-0
-6.1876	10	0.00052616	0.070694
-4.7213	10	-0.0024714	0.060304
-3.255	10	-0.0083801	0.054434
-1.7887	10	-0.013608	0.047817
-0.32241	10	-0.020873	0.044511
1.1439	10	-0.030742	0.053247
2.6102	10	-0.040453	0.077847
4.0765	10	-0.041561	0.10383
5.5428	10	0	-0
7.0091	10	0	-0
8.4754	10	0	-0
9.9417	10	0	-0
11.408	10	0	-0
12.874	10	0	-0
14.341	10	0	-0
15.807	10	0	-0
-14.985	8.534	0	-0
-13.519	8.534	0	-0
-12.053	8.534	0	-0
-10.587	8.534	0	-0
-9.1202	8.534	0	-0
-7.6539	8.534	0	-0
-6.1876	8.534	-0.007261	0.044416
-4.7213	8.534	-0.0097538	0.037367
-3.255	8.534	-0.01547	0.033305
-1.7887	8.534	-0.014045	0.032344
-0.32241	8.534	-0.013358	0.0338
1.1439	8.534	-0.013389	0.04322
2.6102	8.534	-0.017559	0.055093
4.0765	8.534	-0.012717	0.074749
5.5428	8.534	0	-0
7.0091	8.534	0	-0
8.4754	8.534	0	-0
9.9417	8.534	0	-0
11.408	8.534	0	-0
12.874	8.534	0	-0
14.341	8.534	0	-0
15.807	8.534	0	-0
-14.985	7.0677	0	-0
-13.519	7.0677	0	-0
-12.053	7.0677	0	-0
-10.587	7.0677	0	-0
-9.1202	7.0677	0	-0
-7.6539	7.0677	0	-0
-6.1876	7.0677	-0.0035257	0.019719
-4.7213	7.0677	-0.0028177	0.017737
-3.255	7.0677	-0.0055864	0.018385
-1.7887	7.0677	-0.0046032	0.022326
-0.32241	7.0677	-0.0027054	0.026621
1.1439	7.0677	1.9681e-005	0.030473
2.6102	7.0677	-0.0035877	0.032978
4.0765	7.0677	-0.0022267	0.039807
5.5428	7.0677	0	-0
7.0091	7.0677	0	-0
8.4754	7.0677	0	-0
9.9417	7.0677	0	-0
11.408	7.0677	0	-0
12.874	7.0677	0	-0
14.341	7.0677	0	-0
15.807	7.0677	0	-0
-14.985	5.6014	0	-0
-13.519	5.6014	0	-0
-12.053	5.6014	0	-0
-10.587	5.6014	0	-0
-9.1202	5.6014	0	-0
-7.6539	5.6014	0	-0
-6.1876	5.6014	0.0029175	0.0041151
-4.7213	5.6014	0.0036879	0.0069129
-3.255	5.6014	0.0034008	0.011128
-1.7887	5.6014	0.0037268	0.014783
-0.32241	5.6014	0.0048424	0.016803
1.1439	5.6014	0.0059402	0.016418
2.6102	5.6014	0.00086018	0.014701
4.0765	5.6014	-0.00049566	0.012969
5.5428	5.6014	0	-0
7.0091	5.6014	0	-0
8.4754	5.6014	0	-0
9.9417	5.6014	0	-0
11.408	5.6014	0	-0
12.874	5.6014	0	-0
14.341	5.6014	0	-0
15.807	5.6014	0	-0
-14.985	4.1351	0	-0
-13.519	4.1351	0	-0
-12.053	4.1351	0	-0
-10.587	4.1351	0	-0
-9.1202	4.1351	0	-0
-7.6539	4.1351	0	-0
-6.1876	4.1351	0.011681	-0.0021372
-4.7213	4.1351	0.010379	0.00059545
-3.255	4.1351	0.0082567	0.0031949
-1.7887	4.1351	0.0064369	0.0067463
-0.32241	4.1351	0.0051654	0.0092
1.1439	4.1351	0.0030573	0.0061203
2.6102	4.1351	-0.001361	-0.0003144
4.0765	4.1351	-0.0040491	-0.0048713
5.5428	4.1351	0	-0
7.0091	4.1351	0	-0
8.4754	4.1351	0	-0
9.9417	4.1351	0	-0
11.408	4.1351	0	-0
12.874	4.1351	0	-0
14.341	4.1351	0	-0
15.807	4.1351	0	-0
-14.985	2.6688	0	-0
-13.519	2.6688	0	-0
-12.053	2.6688	0	-0
-10.587	2.6688	0	-0
-9.1202	2.6688	0	-0
-7.6539	2.6688	0	-0
-6.1876	2.6688	0.015507	-0.011686
-4.7213	2.6688	0.01373	-0.0084908
-3.255	2.6688	0.0099933	-0.0066257
-1.7887	2.6688	0.0050476	-0.0036881
-0.32241	2.6688	0.00040426	-0.0023103
1.1439	2.6688	-0.0052948	-0.0072122
2.6102	2.6688	-0.01007	-0.013853
4.0765	2.6688	-0.011198	-0.022506
5.5428	2.6688	0	-0
7.0091	2.6688	0	-0
8.4754	2.6688	0	-0
9.9417	2.6688	0	-0
11.408	2.6688	0	-0
12.874	2.6688	0	-0
14.341	2.6688	0	-0
15.807	2.6688	0	-0
-14.985	1.2025	0	-0
-13.519	1.2025	0	-0
-12.053	1.2025	0	-0
-10.587	1.2025	0	-0
-9.1202	1.2025	0	-0
-7.6539	1.2025	0	-0
-6.1876	1.2025	0.017303	-0.019427
-4.7213	1.2025	0.01527	-0.019216
-3.255	1.2025	0.010579	-0.019012
-1.7887	1.2025	0.0038973	-0.016583
-0.32241	1.2025	-0.0037868	-0.016251
1.1439	1.2025	-0.013641	-0.020022
2.6102	1.2025	-0.018643	-0.026363
4.0765	1.2025	-0.014426	-0.03467
5.5428	1.2025	0	-0
7.0091	1.2025	0	-0
8.4754	1.2025	0	-0
9.9417	1.2025	0	-0
11.408	1.2025	0	-0
12.874	1.2025	0	-0
14.341	1.2025	0	-0
15.807	1.2025	0	-0
-14.985	-0.2638	0	-0
-13.519	-0.2638	0	-0
-12.053	-0.2638	0	-0
-10.587	-0.2638	0	-0
-9.1202	-0.2638	0	-0
-7.6539	-0.2638	0	-0
-6.1876	-0.2638	0.020968	-0.029597
-4.7213	-0.2638	0.016737	-0.030807
-3.255	-0.2638	0.011455	-0.032326
-1.7887	-0.2638	0.0037804	-0.032096
-0.32241	-0.2638	-0.0055432	-0.031079
1.1439	-0.2638	-0.014954	-0.034712
2.6102	-0.2638	-0.019644	-0.040328
4.0765	-0.2638	-0.020241	-0.045229
5.5428	-0.2638	0	-0
7.0091	-0.2638	0	-0
8.4754	-0.2638	0	-0
9.9417	-0.2638	0	-0
11.408	-0.2638	0	-0
12.874	-0.2638	0	-0
14.341	-0.2638	0	-0
15.807	-0.2638	0	-0
-14.985	-1.7301	0	-0
-13.519	-1.7301	0	-0
-12.053	-1.7301	0	-0
-10.587	-1.7301	0	-0
-9.1202	-1.7301	0	-0
-7.6539	-1.7301	0	-0
-6.1876	-1.7301	0.019636	-0.039594
-4.7213	-1.7301	0.016661	-0.042114
-3.255	-1.7301	0.012049	-0.045916
-1.7887	-1.7301	0.0058986	-0.047295
-0.32241	-1.7301	-0.001611	-0.0478
1.1439	-1.7301	-0.012223	-0.051782
2.6102	-1.7301	-0.018651	-0.054982
4.0765	-1.7301	-0.017695	-0.056978
5.5428	-1.7301	0	-0
7.0091	-1.7301	0	-0
8.4754	-1.7301	0	-0
9.9417	-1.7301	0	-0
11.408	-1.7301	0	-0
12.874	-1.7301	0	-0
14.341	-1.7301	0	-0
15.807	-1.7301	0	-0
-14.985	-3.1964	0	-0
-13.519	-3.1964	0	-0
-12.053	-3.1964	0	-0
-10.587	-3.1964	0	-0
-9.1202	-3.1964	0	-0
-7.6539	-3.1964	0	-0
-6.1876	-3.1964	0.0078668	-0.044064
-4.7213	-3.1964	0.010794	-0.052527
-3.255	-3.1964	0.0090855	-0.058618
-1.7887	-3.1964	0.0051031	-0.062462
-0.32241	-3.1964	-0.0014655	-0.064383
1.1439	-3.1964	-0.010299	-0.065403
2.6102	-3.1964	-0.016733	-0.066813
4.0765	-3.1964	-0.012389	-0.068449
5.5428	-3.1964	0	-0
7.0091	-3.1964	0	-0
8.4754	-3.1964	0	-0
9.9417	-3.1964	0	-0
11.408	-3.1964	0	-0
12.874	-3.1964	0	-0
14.341	-3.1964	0	-0
15.807	-3.1964	0	-0
-14.985	-4.6627	0	-0
-13.519	-4.6627	0	-0
-12.053	-4.6627	0	-0
-10.587	-4.6627	0	-0
-9.1202	-4.6627	0	-0
-7.6539	-4.6627	0	-0
-6.1876	-4.6627	-3.1973e-005	-0.049839
-4.7213	-4.6627	-0.0016967	-0.060968
-3.255	-4.6627	-0.0030529	-0.069607
-1.7887	-4.6627	-0.0060083	-0.075865
-0.32241	-4.6627	-0.010381	-0.079296
1.1439	-4.6627	-0.015993	-0.079961
2.6102	-4.6627	-0.020177	-0.081098
4.0765	-4.6627	-0.012713	-0.080013
5.5428	-4.6627	0	-0
7.0091	-4.6627	0	-0
8.4754	-4.6627	0	-0
9.9417	-4.6627	0	-0
11.408	-4.6627	0	-0
12.874	-4.6627	0	-0
14.341	-4.6627	0	-0
15.807	-4.6627	0	-0
-14.985	-6.129	0	-0
-13.519	-6.129	0	-0
-12.053	-6.129	0	-0
-10.587	-6.129	0	-0
-9.1202	-6.129	0	-0
-7.6539	-6.129	0	-0
-6.1876	-6.129	-0.0097804	-0.056229
-4.7213	-6.129	-0.016707	-0.069592
-3.255	-6.129	-0.020072	-0.080394
-1.7887	-6.129	-0.021663	-0.089177
-0.32241	-6.129	-0.023581	-0.094018
1.1439	-6.129	-0.026876	-0.096463
2.6102	-6.129	-0.02953	-0.096875
4.0765	-6.129	-0.019705	-0.095419
5.5428	-6.129	0	-0
7.0091	-6.129	0	-0
8.4754	-6.129	0	-0
9.9417	-6.129	0	-0
11.408	-6.129	0	-0
12.874	-6.129	0	-0
14.341	-6.129	0	-0
15.807	-6.129	0	-0
-14.985	-7.5953	0	-0
-13.519	-7.5953	0	-0
-12.053	-7.5953	0	-0
-10.587	-7.5953	0	-0
-9.1202	-7.5953	0	-0
-7.6539	-7.5953	0	-0
-6.1876	-7.5953	-0.019638	-0.065063
-4.7213	-7.5953	-0.031175	-0.078132
-3.255	-7.5953	-0.034776	-0.09093
-1.7887	-7.5953	-0.035956	-0.099998
-0.32241	-7.5953	-0.03767	-0.10529
1.1439	-7.5953	-0.040905	-0.11069
2.6102	-7.5953	-0.041945	-0.11414
4.0765	-7.5953	-0.035245	-0.11457
5.5428	-7.5953	0	-0
7.0091	-7.5953	0	-0
8.4754	-7.5953	0	-0
9.9417	-7.5953	0	-0
11.408	-7.5953	0	-0
12.874	-7.5953	0	-0
14.341	-7.5953	0	-0
15.807	-7.5953	0	-0
-14.985	-9.0616	0	-0
-13.519	-9.0616	0	-0
-12.053	-9.0616	0	-0
-10.587	-9.0616	0	-0
-9.1202	-9.0616	0	-0
-7.6539	-9.0616	0	-0
-6.1876	-9.0616	-0.032747	-0.074323
-4.7213	-9.0616	-0.042881	-0.086942
-3.255	-9.0616	-0.046028	-0.098734
-1.7887	-9.0616	-0.048267	-0.10829
-0.32241	-9.0616	-0.051887	-0.11428
1.1439	-9.0616	-0.054345	-0.12119
2.6102	-9.0616	-0.057097	-0.12728
4.0765	-9.0616	-0.04678	-0.12969
5.5428	-9.0616	0	-0
7.0091	-9.0616	0	-0
8.4754	-9.0616	0	-0
9.9417	-9.0616	0	-0
11.408	-9.0616	0	-0
12.874	-9.0616	0	-0
14.341	-9.0616	0	-0
15.807	-9.0616	0	-0
-14.985	-10.528	0	-0
-13.519	-10.528	0	-0
-12.053	-10.528	0	-0
-10.587	-10.528	0	-0
-9.1202	-10.528	0	-0
-7.6539	-10.528	0	-0
-6.1876	-10.528	-0.043293	-0.086946
-4.7213	-10.528	-0.053057	-0.096272
-3.255	-10.528	-0.058019	-0.10692
-1.7887	-10.528	-0.063655	-0.11712
-0.32241	-10.528	-0.066505	-0.12476
1.1439	-10.528	-0.067623	-0.13265
2.6102	-10.528	-0.070181	-0.13845
4.0765	-10.528	-0.055733	-0.14327
5.5428	-10.528	0	-0
7.0091	-10.528	0	-0
8.4754	-10.528	0	-0
9.9417	-10.528	0	-0
11.408	-10.528	0	-0
12.874	-10.528	0	-0
14.341	-10.528	0	-0
15.807	-10.528	0	-0
-14.985	-11.994	0	-0
-13.519	-11.994	0	-0
-12.053	-11.994	0	-0
-10.587	-11.994	0	-0
-9.1202	-11.994	0	-0
-7.6539	-11.994	0	-0
-6.1876	-11.994	0	-0
-4.7213	-11.994	0	-0
-3.255	-11.994	0	-0
-1.7887	-11.994	0	-0
-0.32241	-11.994	0	-0
1.1439	-11.994	0	-0
2.6102	-11.994	0	-0
4.0765	-11.994	0	-0
5.5428	-11.994	0	-0
7.0091	-11.994	0	-0
8.4754	-11.994	0	-0
9.9417	-11.994	0	-0
11.408	-11.994	0	-0
12.874	-11.994	0	-0
14.341	-11.994	0	-0
15.807	-11.994	0	-0
