#DaVis 7.4.0 2D-vector 96 22 22 "" "[mm]" "" "[mm]" "displacement" "[mm]"
-14.985	18.798	0	-0
-13.519	18.798	0	-0
-12.053	18.798	0	-0
-10.587	18.798	0	-0
-9.1202	18.798	0	-0
-7.6539	18.798	0	-0
-6.1876	18.798	0	-0
-4.7213	18.798	0	-0
-3.255	18.798	-0.0059281	0.0039534
-1.7887	18.798	-0.0067158	0.0052218
-0.32241	18.798	-0.0065985	0.0055774
1.1439	18.798	-0.0070793	0.006721
2.6102	18.798	-0.0066755	0.0071877
4.0765	18.798	-0.0065349	0.0065288
5.5428	18.798	-0.0068215	0.0075482
7.0091	18.798	-0.0067376	0.0065707
8.4754	18.798	0	-0
9.9417	18.798	0	-0
11.408	18.798	0	-0
12.874	18.798	0	-0
14.341	18.798	0	-0
15.807	18.798	0	-0
-14.985	17.332	0	-0
-13.519	17.332	0	-0
-12.053	17.332	0	-0
-10.587	17.332	0	-0
-9.1202	17.332	0	-0
-7.6539	17.332	0	-0
-6.1876	17.332	0	-0
-4.7213	17.332	0	-0
-3.255	17.332	-0.0052057	0.00322
-1.7887	17.332	-0.0059333	0.0040303
-0.32241	17.332	-0.0059992	0.0047375
1.1439	17.332	-0.006126	0.0052215
2.6102	17.332	-0.0058718	0.0064248
4.0765	17.332	-0.0060426	0.006361
5.5428	17.332	-0.0060296	0.0071481
7.0091	17.332	-0.005952	0.0075602
8.4754	17.332	0	-0
9.9417	17.332	0	-0
11.408	17.332	0	-0
12.874	17.332	0	-0
14.341	17.332	0	-0
15.807	17.332	0	-0
-14.985	15.866	0	-0
-13.519	15.866	0	-0
-12.053	15.866	0	-0
-10.587	15.866	0	-0
-9.1202	15.866	0	-0
-7.6539	15.866	0	-0
-6.1876	15.866	0	-0
-4.7213	15.866	0	-0
-3.255	15.866	-0.0047492	0.0026094
-1.7887	15.866	-0.0050997	0.0033439
-0.32241	15.866	-0.0052984	0.0044904
1.1439	15.866	-0.0052967	0.0053468
2.6102	15.866	-0.0051738	0.0051707
4.0765	15.866	-0.0055095	0.0064486
5.5428	15.866	-0.0053551	0.0073231
7.0091	15.866	-0.0052735	0.0075514
8.4754	15.866	0	-0
9.9417	15.866	0	-0
11.408	15.866	0	-0
12.874	15.866	0	-0
14.341	15.866	0	-0
15.807	15.866	0	-0
-14.985	14.399	0	-0
-13.519	14.399	0	-0
-12.053	14.399	0	-0
-10.587	14.399	0	-0
-9.1202	14.399	0	-0
-7.6539	14.399	0	-0
-6.1876	14.399	0	-0
-4.7213	14.399	0	-0
-3.255	14.399	-0.0042785	0.0020792
-1.7887	14.399	-0.0046098	0.0028645
-0.32241	14.399	-0.0046055	0.0038526
1.1439	14.399	-0.0045412	0.0045452
2.6102	14.399	-0.0045158	0.0049316
4.0765	14.399	-0.0047852	0.0058766
5.5428	14.399	-0.0046546	0.0065578
7.0091	14.399	-0.0045102	0.0071701
8.4754	14.399	0	-0
9.9417	14.399	0	-0
11.408	14.399	0	-0
12.874	14.399	0	-0
14.341	14.399	0	-0
15.807	14.399	0	-0
-14.985	12.933	0	-0
-13.519	12.933	0	-0
-12.053	12.933	0	-0
-10.587	12.933	0	-0
-9.1202	12.933	0	-0
-7.6539	12.933	0	-0
-6.1876	12.933	0	-0
-4.7213	12.933	0	-0
-3.255	12.933	-0.0037455	0.0017345
-1.7887	12.933	-0.0039771	0.002636
-0.32241	12.933	-0.0040183	0.0035457
1.1439	12.933	-0.003832	0.0040507
2.6102	12.933	-0.0038081	0.0044602
4.0765	12.933	-0.0039934	0.0052747
5.5428	12.933	-0.0039337	0.0060401
7.0091	12.933	-0.0038242	0.0067724
8.4754	12.933	0	-0
9.9417	12.933	0	-0
11.408	12.933	0	-0
12.874	12.933	0	-0
14.341	12.933	0	-0
15.807	12.933	0	-0
-14.985	11.467	0	-0
-13.519	11.467	0	-0
-12.053	11.467	0	-0
-10.587	11.467	0	-0
-9.1202	11.467	0	-0
-7.6539	11.467	0	-0
-6.1876	11.467	0	-0
-4.7213	11.467	0	-0
-3.255	11.467	-0.0031378	0.0011614
-1.7887	11.467	-0.0033484	0.0021923
-0.32241	11.467	-0.0033457	0.0030606
1.1439	11.467	-0.0032511	0.0035901
2.6102	11.467	-0.0031731	0.0041685
4.0765	11.467	-0.0033036	0.004828
5.5428	11.467	-0.0032959	0.0055201
7.0091	11.467	-0.0032025	0.0060302
8.4754	11.467	0	-0
9.9417	11.467	0	-0
11.408	11.467	0	-0
12.874	11.467	0	-0
14.341	11.467	0	-0
15.807	11.467	0	-0
-14.985	10	0	-0
-13.519	10	0	-0
-12.053	10	0	-0
-10.587	10	0	-0
-9.1202	10	0	-0
-7.6539	10	0	-0
-6.1876	10	0	-0
-4.7213	10	0	-0
-3.255	10	-0.0022906	0.00080201
-1.7887	10	-0.0025306	0.0017515
-0.32241	10	-0.0025317	0.0025455
1.1439	10	-0.0025247	0.0033141
2.6102	10	-0.0025291	0.003779
4.0765	10	-0.0025651	0.0043539
5.5428	10	-0.0026456	0.0049132
7.0091	10	-0.0026376	0.0057523
8.4754	10	0	-0
9.9417	10	0	-0
11.408	10	0	-0
12.874	10	0	-0
14.341	10	0	-0
15.807	10	0	-0
-14.985	8.534	0	-0
-13.519	8.534	0	-0
-12.053	8.534	0	-0
-10.587	8.534	0	-0
-9.1202	8.534	0	-0
-7.6539	8.534	0	-0
-6.1876	8.534	0	-0
-4.7213	8.534	0	-0
-3.255	8.534	-0.0016576	0.0004052
-1.7887	8.534	-0.0017062	0.0013343
-0.32241	8.534	-0.001679	0.0022038
1.1439	8.534	-0.0016986	0.0027638
2.6102	8.534	-0.0018327	0.0031003
4.0765	8.534	-0.0017044	0.0033548
5.5428	8.534	-0.001967	0.00438
7.0091	8.534	-0.0020631	0.0050955
8.4754	8.534	0	-0
9.9417	8.534	0	-0
11.408	8.534	0	-0
12.874	8.534	0	-0
14.341	8.534	0	-0
15.807	8.534	0	-0
-14.985	7.0677	0	-0
-13.519	7.0677	0	-0
-12.053	7.0677	0	-0
-10.587	7.0677	0	-0
-9.1202	7.0677	0	-0
-7.6539	7.0677	0	-0
-6.1876	7.0677	0	-0
-4.7213	7.0677	0	-0
-3.255	7.0677	-0.000815	-7.5057e-005
-1.7887	7.0677	-0.00099204	0.00090218
-0.32241	7.0677	-0.0010204	0.001453
1.1439	7.0677	-0.0012129	0.0020692
2.6102	7.0677	-0.0012043	0.0025095
4.0765	7.0677	-0.0012508	0.0030666
5.5428	7.0677	-0.0014233	0.0037277
7.0091	7.0677	-0.0014776	0.0043578
8.4754	7.0677	0	-0
9.9417	7.0677	0	-0
11.408	7.0677	0	-0
12.874	7.0677	0	-0
14.341	7.0677	0	-0
15.807	7.0677	0	-0
-14.985	5.6014	0	-0
-13.519	5.6014	0	-0
-12.053	5.6014	0	-0
-10.587	5.6014	0	-0
-9.1202	5.6014	0	-0
-7.6539	5.6014	0	-0
-6.1876	5.6014	0	-0
-4.7213	5.6014	0	-0
-3.255	5.6014	-9.2532e-005	-0.00059143
-1.7887	5.6014	-0.00043045	0.00025383
-0.32241	5.6014	-0.00047961	0.00090056
1.1439	5.6014	-0.0006929	0.0014132
2.6102	5.6014	-0.00077442	0.0017969
4.0765	5.6014	-0.00047991	0.0020599
5.5428	5.6014	-0.00084481	0.0030812
7.0091	5.6014	-0.0010184	0.0039586
8.4754	5.6014	0	-0
9.9417	5.6014	0	-0
11.408	5.6014	0	-0
12.874	5.6014	0	-0
14.341	5.6014	0	-0
15.807	5.6014	0	-0
-14.985	4.1351	0	-0
-13.519	4.1351	0	-0
-12.053	4.1351	0	-0
-10.587	4.1351	0	-0
-9.1202	4.1351	0	-0
-7.6539	4.1351	0	-0
-6.1876	4.1351	0	-0
-4.7213	4.1351	0	-0
-3.255	4.1351	0.00034587	-0.0010421
-1.7887	4.1351	0.00010555	-0.00027147
-0.32241	4.1351	6.3057e-005	0.00035185
1.1439	4.1351	-8.9263e-005	0.00090811
2.6102	4.1351	-0.00037633	0.0015467
4.0765	4.1351	-0.00013923	0.0016923
5.5428	4.1351	-0.00038951	0.0026993
7.0091	4.1351	-0.00045079	0.0037302
8.4754	4.1351	0	-0
9.9417	4.1351	0	-0
11.408	4.1351	0	-0
12.874	4.1351	0	-0
14.341	4.1351	0	-0
15.807	4.1351	0	-0
-14.985	2.6688	0	-0
-13.519	2.6688	0	-0
-12.053	2.6688	0	-0
-10.587	2.6688	0	-0
-9.1202	2.6688	0	-0
-7.6539	2.6688	0	-0
-6.1876	2.6688	0	-0
-4.7213	2.6688	0	-0
-3.255	2.6688	0.00074251	-0.001438
-1.7887	2.6688	0.00064332	-0.00078683
-0.32241	2.6688	0.00058224	-0.00014834
1.1439	2.6688	0.00032344	0.00051091
2.6102	2.6688	0.00029586	0.001097
4.0765	2.6688	0.00025432	0.0017822
5.5428	2.6688	-4.3845e-005	0.0022713
7.0091	2.6688	1.7899e-005	0.003057
8.4754	2.6688	0	-0
9.9417	2.6688	0	-0
11.408	2.6688	0	-0
12.874	2.6688	0	-0
14.341	2.6688	0	-0
15.807	2.6688	0	-0
-14.985	1.2025	0	-0
-13.519	1.2025	0	-0
-12.053	1.2025	0	-0
-10.587	1.2025	0	-0
-9.1202	1.2025	0	-0
-7.6539	1.2025	0	-0
-6.1876	1.2025	0	-0
-4.7213	1.2025	0	-0
-3.255	1.2025	0.0012569	-0.0018408
-1.7887	1.2025	0.0011925	-0.0012624
-0.32241	1.2025	0.001116	-0.00060325
1.1439	1.2025	0.000957	0.00013471
2.6102	1.2025	0.00090805	0.00072617
4.0765	1.2025	0.00074553	0.0014634
5.5428	1.2025	0.00064314	0.0019385
7.0091	1.2025	0.00028051	0.0027572
8.4754	1.2025	0	-0
9.9417	1.2025	0	-0
11.408	1.2025	0	-0
12.874	1.2025	0	-0
14.341	1.2025	0	-0
15.807	1.2025	0	-0
-14.985	-0.2638	0	-0
-13.519	-0.2638	0	-0
-12.053	-0.2638	0	-0
-10.587	-0.2638	0	-0
-9.1202	-0.2638	0	-0
-7.6539	-0.2638	0	-0
-6.1876	-0.2638	0	-0
-4.7213	-0.2638	0	-0
-3.255	-0.2638	0.0017467	-0.0022357
-1.7887	-0.2638	0.0016836	-0.0016831
-0.32241	-0.2638	0.0016086	-0.0010591
1.1439	-0.2638	0.0016254	-0.00041728
2.6102	-0.2638	0.0015068	0.00014438
4.0765	-0.2638	0.0012371	0.00086802
5.5428	-0.2638	0.00094917	0.0013438
7.0091	-0.2638	0.00062124	0.0021302
8.4754	-0.2638	0	-0
9.9417	-0.2638	0	-0
11.408	-0.2638	0	-0
12.874	-0.2638	0	-0
14.341	-0.2638	0	-0
15.807	-0.2638	0	-0
-14.985	-1.7301	0	-0
-13.519	-1.7301	0	-0
-12.053	-1.7301	0	-0
-10.587	-1.7301	0	-0
-9.1202	-1.7301	0	-0
-7.6539	-1.7301	0	-0
-6.1876	-1.7301	0	-0
-4.7213	-1.7301	0	-0
-3.255	-1.7301	0.0021461	-0.0026397
-1.7887	-1.7301	0.0021705	-0.0021016
-0.32241	-1.7301	0.0022008	-0.0015463
1.1439	-1.7301	0.0025904	-0.0014891
2.6102	-1.7301	0.0019013	-0.00042392
4.0765	-1.7301	0.0016594	0.00018914
5.5428	-1.7301	0.001316	0.00072855
7.0091	-1.7301	0.00099241	0.0013943
8.4754	-1.7301	0	-0
9.9417	-1.7301	0	-0
11.408	-1.7301	0	-0
12.874	-1.7301	0	-0
14.341	-1.7301	0	-0
15.807	-1.7301	0	-0
-14.985	-3.1964	0	-0
-13.519	-3.1964	0	-0
-12.053	-3.1964	0	-0
-10.587	-3.1964	0	-0
-9.1202	-3.1964	0	-0
-7.6539	-3.1964	0	-0
-6.1876	-3.1964	0	-0
-4.7213	-3.1964	0	-0
-3.255	-3.1964	0.0028502	-0.0032027
-1.7887	-3.1964	0.0027638	-0.0025623
-0.32241	-3.1964	0.0027811	-0.0019567
1.1439	-3.1964	0.0026909	-0.0015414
2.6102	-3.1964	0.0024244	-0.0010842
4.0765	-3.1964	0.002114	-0.0005533
5.5428	-3.1964	0.0018641	-2.3497e-005
7.0091	-3.1964	0.0014499	0.00069721
8.4754	-3.1964	0	-0
9.9417	-3.1964	0	-0
11.408	-3.1964	0	-0
12.874	-3.1964	0	-0
14.341	-3.1964	0	-0
15.807	-3.1964	0	-0
-14.985	-4.6627	0	-0
-13.519	-4.6627	0	-0
-12.053	-4.6627	0	-0
-10.587	-4.6627	0	-0
-9.1202	-4.6627	0	-0
-7.6539	-4.6627	0	-0
-6.1876	-4.6627	0	-0
-4.7213	-4.6627	0	-0
-3.255	-4.6627	0.0033669	-0.0035934
-1.7887	-4.6627	0.0032805	-0.0029304
-0.32241	-4.6627	0.0033681	-0.0025404
1.1439	-4.6627	0.0032426	-0.0021825
2.6102	-4.6627	0.003055	-0.0017889
4.0765	-4.6627	0.0026724	-0.0014245
5.5428	-4.6627	0.002433	-0.00072386
7.0091	-4.6627	0.0018803	-3.3754e-005
8.4754	-4.6627	0	-0
9.9417	-4.6627	0	-0
11.408	-4.6627	0	-0
12.874	-4.6627	0	-0
14.341	-4.6627	0	-0
15.807	-4.6627	0	-0
-14.985	-6.129	0	-0
-13.519	-6.129	0	-0
-12.053	-6.129	0	-0
-10.587	-6.129	0	-0
-9.1202	-6.129	0	-0
-7.6539	-6.129	0	-0
-6.1876	-6.129	0	-0
-4.7213	-6.129	0	-0
-3.255	-6.129	0.0038653	-0.0038937
-1.7887	-6.129	0.0037792	-0.0034402
-0.32241	-6.129	0.0037432	-0.0030752
1.1439	-6.129	0.0036066	-0.0026871
2.6102	-6.129	0.0034012	-0.002487
4.0765	-6.129	0.0030484	-0.0021048
5.5428	-6.129	0.0029028	-0.0014113
7.0091	-6.129	0.0023618	-0.0009669
8.4754	-6.129	0	-0
9.9417	-6.129	0	-0
11.408	-6.129	0	-0
12.874	-6.129	0	-0
14.341	-6.129	0	-0
15.807	-6.129	0	-0
-14.985	-7.5953	0	-0
-13.519	-7.5953	0	-0
-12.053	-7.5953	0	-0
-10.587	-7.5953	0	-0
-9.1202	-7.5953	0	-0
-7.6539	-7.5953	0	-0
-6.1876	-7.5953	0	-0
-4.7213	-7.5953	0	-0
-3.255	-7.5953	0.0041886	-0.0043822
-1.7887	-7.5953	0.0041366	-0.0040464
-0.32241	-7.5953	0.0040347	-0.0036425
1.1439	-7.5953	0.0038942	-0.0033326
2.6102	-7.5953	0.0037282	-0.0031134
4.0765	-7.5953	0.00362	-0.0026573
5.5428	-7.5953	0.0034163	-0.0021479
7.0091	-7.5953	0.0029083	-0.0016634
8.4754	-7.5953	0	-0
9.9417	-7.5953	0	-0
11.408	-7.5953	0	-0
12.874	-7.5953	0	-0
14.341	-7.5953	0	-0
15.807	-7.5953	0	-0
-14.985	-9.0616	0	-0
-13.519	-9.0616	0	-0
-12.053	-9.0616	0	-0
-10.587	-9.0616	0	-0
-9.1202	-9.0616	0	-0
-7.6539	-9.0616	0	-0
-6.1876	-9.0616	0	-0
-4.7213	-9.0616	0	-0
-3.255	-9.0616	0.0043911	-0.0048391
-1.7887	-9.0616	0.0044243	-0.0046438
-0.32241	-9.0616	0.0043838	-0.0042715
1.1439	-9.0616	0.0042727	-0.003952
2.6102	-9.0616	0.0041417	-0.003622
4.0765	-9.0616	0.0040489	-0.0032975
5.5428	-9.0616	0.0038518	-0.0026835
7.0091	-9.0616	0.0032526	-0.0025689
8.4754	-9.0616	0	-0
9.9417	-9.0616	0	-0
11.408	-9.0616	0	-0
12.874	-9.0616	0	-0
14.341	-9.0616	0	-0
15.807	-9.0616	0	-0
-14.985	-10.528	0	-0
-13.519	-10.528	0	-0
-12.053	-10.528	0	-0
-10.587	-10.528	0	-0
-9.1202	-10.528	0	-0
-7.6539	-10.528	0	-0
-6.1876	-10.528	0	-0
-4.7213	-10.528	0	-0
-3.255	-10.528	0.0047066	-0.0054844
-1.7887	-10.528	0.0047053	-0.0053006
-0.32241	-10.528	0.0046325	-0.0049731
1.1439	-10.528	0.0045314	-0.0048041
2.6102	-10.528	0.0043906	-0.0044963
4.0765	-10.528	0.0042313	-0.0039446
5.5428	-10.528	0.0040938	-0.0035292
7.0091	-10.528	0.0035732	-0.0033426
8.4754	-10.528	0	-0
9.9417	-10.528	0	-0
11.408	-10.528	0	-0
12.874	-10.528	0	-0
14.341	-10.528	0	-0
15.807	-10.528	0	-0
-14.985	-11.994	0	-0
-13.519	-11.994	0	-0
-12.053	-11.994	0	-0
-10.587	-11.994	0	-0
-9.1202	-11.994	0	-0
-7.6539	-11.994	0	-0
-6.1876	-11.994	0	-0
-4.7213	-11.994	0	-0
-3.255	-11.994	0	-0
-1.7887	-11.994	0	-0
-0.32241	-11.994	0	-0
1.1439	-11.994	0	-0
2.6102	-11.994	0	-0
4.0765	-11.994	0	-0
5.5428	-11.994	0	-0
7.0091	-11.994	0	-0
8.4754	-11.994	0	-0
9.9417	-11.994	0	-0
11.408	-11.994	0	-0
12.874	-11.994	0	-0
14.341	-11.994	0	-0
15.807	-11.994	0	-0
