#DaVis 7.4.0 2D-vector 96 22 22 "" "[mm]" "" "[mm]" "displacement" "[mm]"
-14.985	18.798	0	-0
-13.519	18.798	0	-0
-12.053	18.798	0	-0
-10.587	18.798	0	-0
-9.1202	18.798	0	-0
-7.6539	18.798	0	-0
-6.1876	18.798	0	-0
-4.7213	18.798	0	-0
-3.255	18.798	-0.022656	0.018856
-1.7887	18.798	-0.023889	0.030077
-0.32241	18.798	-0.96414	-0.73623
1.1439	18.798	-0.025595	0.032577
2.6102	18.798	-0.025114	0.024432
4.0765	18.798	-0.022453	-0.80249
5.5428	18.798	-0.021814	0.04735
7.0091	18.798	-0.0040196	0.048399
8.4754	18.798	0	-0
9.9417	18.798	0	-0
11.408	18.798	0	-0
12.874	18.798	0	-0
14.341	18.798	0	-0
15.807	18.798	0	-0
-14.985	17.332	0	-0
-13.519	17.332	0	-0
-12.053	17.332	0	-0
-10.587	17.332	0	-0
-9.1202	17.332	0	-0
-7.6539	17.332	0	-0
-6.1876	17.332	0	-0
-4.7213	17.332	0	-0
-3.255	17.332	-0.020119	0.031543
-1.7887	17.332	-0.019997	0.033323
-0.32241	17.332	-0.02012	0.03576
1.1439	17.332	-0.021357	0.03852
2.6102	17.332	-0.021672	0.042476
4.0765	17.332	-0.02172	0.044675
5.5428	17.332	-0.018431	0.047042
7.0091	17.332	-0.0034879	0.050601
8.4754	17.332	0	-0
9.9417	17.332	0	-0
11.408	17.332	0	-0
12.874	17.332	0	-0
14.341	17.332	0	-0
15.807	17.332	0	-0
-14.985	15.866	0	-0
-13.519	15.866	0	-0
-12.053	15.866	0	-0
-10.587	15.866	0	-0
-9.1202	15.866	0	-0
-7.6539	15.866	0	-0
-6.1876	15.866	0	-0
-4.7213	15.866	0	-0
-3.255	15.866	-0.016053	0.025435
-1.7887	15.866	-0.016815	0.030234
-0.32241	15.866	-0.017211	0.033537
1.1439	15.866	-0.017754	0.036073
2.6102	15.866	-0.018549	0.038514
4.0765	15.866	-0.019004	0.04149
5.5428	15.866	-0.017075	0.044974
7.0091	15.866	-0.0099525	0.047167
8.4754	15.866	0	-0
9.9417	15.866	0	-0
11.408	15.866	0	-0
12.874	15.866	0	-0
14.341	15.866	0	-0
15.807	15.866	0	-0
-14.985	14.399	0	-0
-13.519	14.399	0	-0
-12.053	14.399	0	-0
-10.587	14.399	0	-0
-9.1202	14.399	0	-0
-7.6539	14.399	0	-0
-6.1876	14.399	0	-0
-4.7213	14.399	0	-0
-3.255	14.399	-0.014425	0.021543
-1.7887	14.399	-0.015326	0.026711
-0.32241	14.399	-0.015155	0.029137
1.1439	14.399	-0.01497	0.032769
2.6102	14.399	-0.014855	0.034281
4.0765	14.399	-0.016617	0.037301
5.5428	14.399	-0.013879	0.040309
7.0091	14.399	-0.0063956	0.042313
8.4754	14.399	0	-0
9.9417	14.399	0	-0
11.408	14.399	0	-0
12.874	14.399	0	-0
14.341	14.399	0	-0
15.807	14.399	0	-0
-14.985	12.933	0	-0
-13.519	12.933	0	-0
-12.053	12.933	0	-0
-10.587	12.933	0	-0
-9.1202	12.933	0	-0
-7.6539	12.933	0	-0
-6.1876	12.933	0	-0
-4.7213	12.933	0	-0
-3.255	12.933	-0.012684	0.017249
-1.7887	12.933	-0.013464	0.021408
-0.32241	12.933	-0.013766	0.025303
1.1439	12.933	-0.012885	0.027693
2.6102	12.933	-0.013516	0.030427
4.0765	12.933	-0.013402	0.032627
5.5428	12.933	-0.0122	0.034912
7.0091	12.933	-0.0056351	0.036841
8.4754	12.933	0	-0
9.9417	12.933	0	-0
11.408	12.933	0	-0
12.874	12.933	0	-0
14.341	12.933	0	-0
15.807	12.933	0	-0
-14.985	11.467	0	-0
-13.519	11.467	0	-0
-12.053	11.467	0	-0
-10.587	11.467	0	-0
-9.1202	11.467	0	-0
-7.6539	11.467	0	-0
-6.1876	11.467	0	-0
-4.7213	11.467	0	-0
-3.255	11.467	-0.01022	0.012677
-1.7887	11.467	-0.010971	0.017152
-0.32241	11.467	-0.011447	0.020716
1.1439	11.467	-0.010567	0.023797
2.6102	11.467	-0.01077	0.026624
4.0765	11.467	-0.011099	0.02868
5.5428	11.467	-0.0098569	0.030434
7.0091	11.467	-0.0053632	0.032522
8.4754	11.467	0	-0
9.9417	11.467	0	-0
11.408	11.467	0	-0
12.874	11.467	0	-0
14.341	11.467	0	-0
15.807	11.467	0	-0
-14.985	10	0	-0
-13.519	10	0	-0
-12.053	10	0	-0
-10.587	10	0	-0
-9.1202	10	0	-0
-7.6539	10	0	-0
-6.1876	10	0	-0
-4.7213	10	0	-0
-3.255	10	-0.0072422	0.0085777
-1.7887	10	-0.007735	0.013741
-0.32241	10	-0.007595	0.017586
1.1439	10	-0.0077083	0.020575
2.6102	10	-0.0078534	0.022542
4.0765	10	-0.0086668	0.024444
5.5428	10	-0.0078282	0.025908
7.0091	10	-0.0046722	0.028225
8.4754	10	0	-0
9.9417	10	0	-0
11.408	10	0	-0
12.874	10	0	-0
14.341	10	0	-0
15.807	10	0	-0
-14.985	8.534	0	-0
-13.519	8.534	0	-0
-12.053	8.534	0	-0
-10.587	8.534	0	-0
-9.1202	8.534	0	-0
-7.6539	8.534	0	-0
-6.1876	8.534	0	-0
-4.7213	8.534	0	-0
-3.255	8.534	-0.0043182	0.0054082
-1.7887	8.534	-0.0043159	0.01043
-0.32241	8.534	-0.0041223	0.014372
1.1439	8.534	-0.004467	0.016749
2.6102	8.534	-0.0047945	0.017647
4.0765	8.534	-0.0065457	0.019436
5.5428	8.534	-0.0058406	0.02101
7.0091	8.534	-0.0041298	0.022923
8.4754	8.534	0	-0
9.9417	8.534	0	-0
11.408	8.534	0	-0
12.874	8.534	0	-0
14.341	8.534	0	-0
15.807	8.534	0	-0
-14.985	7.0677	0	-0
-13.519	7.0677	0	-0
-12.053	7.0677	0	-0
-10.587	7.0677	0	-0
-9.1202	7.0677	0	-0
-7.6539	7.0677	0	-0
-6.1876	7.0677	0	-0
-4.7213	7.0677	0	-0
-3.255	7.0677	-0.0010062	0.0018873
-1.7887	7.0677	-0.0016089	0.0061648
-0.32241	7.0677	-0.0023938	0.0094403
1.1439	7.0677	-0.0030016	0.011283
2.6102	7.0677	-0.0030301	0.013041
4.0765	7.0677	-0.0035708	0.014513
5.5428	7.0677	-0.0037492	0.016337
7.0091	7.0677	-0.0034357	0.017855
8.4754	7.0677	0	-0
9.9417	7.0677	0	-0
11.408	7.0677	0	-0
12.874	7.0677	0	-0
14.341	7.0677	0	-0
15.807	7.0677	0	-0
-14.985	5.6014	0	-0
-13.519	5.6014	0	-0
-12.053	5.6014	0	-0
-10.587	5.6014	0	-0
-9.1202	5.6014	0	-0
-7.6539	5.6014	0	-0
-6.1876	5.6014	0	-0
-4.7213	5.6014	0	-0
-3.255	5.6014	0.0015938	-0.0022369
-1.7887	5.6014	0.00067333	0.0011321
-0.32241	5.6014	-0.00078045	0.0038735
1.1439	5.6014	-0.0015533	0.0066572
2.6102	5.6014	-0.0024725	0.0085353
4.0765	5.6014	-0.0017272	0.01057
5.5428	5.6014	-0.0024397	0.01145
7.0091	5.6014	-0.0027125	0.0139
8.4754	5.6014	0	-0
9.9417	5.6014	0	-0
11.408	5.6014	0	-0
12.874	5.6014	0	-0
14.341	5.6014	0	-0
15.807	5.6014	0	-0
-14.985	4.1351	0	-0
-13.519	4.1351	0	-0
-12.053	4.1351	0	-0
-10.587	4.1351	0	-0
-9.1202	4.1351	0	-0
-7.6539	4.1351	0	-0
-6.1876	4.1351	0	-0
-4.7213	4.1351	0	-0
-3.255	4.1351	0.0028631	-0.006726
-1.7887	4.1351	0.0017325	-0.0032914
-0.32241	4.1351	0.00074521	-0.00083838
1.1439	4.1351	0.00016962	0.0020142
2.6102	4.1351	-0.00116	0.0042203
4.0765	4.1351	-0.00097897	0.006725
5.5428	4.1351	-0.0013631	0.0075962
7.0091	4.1351	-0.0011136	0.010691
8.4754	4.1351	0	-0
9.9417	4.1351	0	-0
11.408	4.1351	0	-0
12.874	4.1351	0	-0
14.341	4.1351	0	-0
15.807	4.1351	0	-0
-14.985	2.6688	0	-0
-13.519	2.6688	0	-0
-12.053	2.6688	0	-0
-10.587	2.6688	0	-0
-9.1202	2.6688	0	-0
-7.6539	2.6688	0	-0
-6.1876	2.6688	0	-0
-4.7213	2.6688	0	-0
-3.255	2.6688	0.0036813	-0.010932
-1.7887	2.6688	0.0028014	-0.0081136
-0.32241	2.6688	0.002349	-0.0058344
1.1439	2.6688	0.0011043	-0.0031002
2.6102	2.6688	0.00027964	0.00012005
4.0765	2.6688	-0.00038244	0.0024017
5.5428	2.6688	-0.00026346	0.0041541
7.0091	2.6688	-0.00033209	0.00636
8.4754	2.6688	0	-0
9.9417	2.6688	0	-0
11.408	2.6688	0	-0
12.874	2.6688	0	-0
14.341	2.6688	0	-0
15.807	2.6688	0	-0
-14.985	1.2025	0	-0
-13.519	1.2025	0	-0
-12.053	1.2025	0	-0
-10.587	1.2025	0	-0
-9.1202	1.2025	0	-0
-7.6539	1.2025	0	-0
-6.1876	1.2025	0	-0
-4.7213	1.2025	0	-0
-3.255	1.2025	0.0040737	-0.014573
-1.7887	1.2025	0.0036947	-0.012094
-0.32241	1.2025	0.0034557	-0.0097747
1.1439	1.2025	0.0026479	-0.0067134
2.6102	1.2025	0.0024569	-0.0036329
4.0765	1.2025	0.0019702	-0.0017617
5.5428	1.2025	0.0009286	6.3476e-005
7.0091	1.2025	0.00028891	0.0021497
8.4754	1.2025	0	-0
9.9417	1.2025	0	-0
11.408	1.2025	0	-0
12.874	1.2025	0	-0
14.341	1.2025	0	-0
15.807	1.2025	0	-0
-14.985	-0.2638	0	-0
-13.519	-0.2638	0	-0
-12.053	-0.2638	0	-0
-10.587	-0.2638	0	-0
-9.1202	-0.2638	0	-0
-7.6539	-0.2638	0	-0
-6.1876	-0.2638	0	-0
-4.7213	-0.2638	0	-0
-3.255	-0.2638	0.0044568	-0.017737
-1.7887	-0.2638	0.0046708	-0.0154
-0.32241	-0.2638	0.0041407	-0.013269
1.1439	-0.2638	0.004656	-0.010943
2.6102	-0.2638	0.0041019	-0.0081788
4.0765	-0.2638	0.0026142	-0.00619
5.5428	-0.2638	0.0011622	-0.004657
7.0091	-0.2638	0.00074684	-0.0025183
8.4754	-0.2638	0	-0
9.9417	-0.2638	0	-0
11.408	-0.2638	0	-0
12.874	-0.2638	0	-0
14.341	-0.2638	0	-0
15.807	-0.2638	0	-0
-14.985	-1.7301	0	-0
-13.519	-1.7301	0	-0
-12.053	-1.7301	0	-0
-10.587	-1.7301	0	-0
-9.1202	-1.7301	0	-0
-7.6539	-1.7301	0	-0
-6.1876	-1.7301	0	-0
-4.7213	-1.7301	0	-0
-3.255	-1.7301	0.0056563	-0.021045
-1.7887	-1.7301	0.0062444	-0.018725
-0.32241	-1.7301	0.0064223	-0.016792
1.1439	-1.7301	0.0066502	-0.01609
2.6102	-1.7301	0.0053039	-0.013367
4.0765	-1.7301	0.0034172	-0.011911
5.5428	-1.7301	0.0017708	-0.010146
7.0091	-1.7301	0.0013395	-0.00754
8.4754	-1.7301	0	-0
9.9417	-1.7301	0	-0
11.408	-1.7301	0	-0
12.874	-1.7301	0	-0
14.341	-1.7301	0	-0
15.807	-1.7301	0	-0
-14.985	-3.1964	0	-0
-13.519	-3.1964	0	-0
-12.053	-3.1964	0	-0
-10.587	-3.1964	0	-0
-9.1202	-3.1964	0	-0
-7.6539	-3.1964	0	-0
-6.1876	-3.1964	0	-0
-4.7213	-3.1964	0	-0
-3.255	-3.1964	0.0078641	-0.02496
-1.7887	-3.1964	0.0083107	-0.022844
-0.32241	-3.1964	0.0084867	-0.020439
1.1439	-3.1964	0.008018	-0.0202
2.6102	-3.1964	0.0070513	-0.018482
4.0765	-3.1964	0.004495	-0.017552
5.5428	-3.1964	0.002928	-0.015987
7.0091	-3.1964	0.0018516	-0.013681
8.4754	-3.1964	0	-0
9.9417	-3.1964	0	-0
11.408	-3.1964	0	-0
12.874	-3.1964	0	-0
14.341	-3.1964	0	-0
15.807	-3.1964	0	-0
-14.985	-4.6627	0	-0
-13.519	-4.6627	0	-0
-12.053	-4.6627	0	-0
-10.587	-4.6627	0	-0
-9.1202	-4.6627	0	-0
-7.6539	-4.6627	0	-0
-6.1876	-4.6627	0	-0
-4.7213	-4.6627	0	-0
-3.255	-4.6627	0.0098479	-0.028756
-1.7887	-4.6627	0.010019	-0.026692
-0.32241	-4.6627	0.0099085	-0.025448
1.1439	-4.6627	0.0090523	-0.024932
2.6102	-4.6627	0.0077029	-0.024695
4.0765	-4.6627	0.0057555	-0.0245
5.5428	-4.6627	0.0044102	-0.021899
7.0091	-4.6627	0.0029285	-0.019425
8.4754	-4.6627	0	-0
9.9417	-4.6627	0	-0
11.408	-4.6627	0	-0
12.874	-4.6627	0	-0
14.341	-4.6627	0	-0
15.807	-4.6627	0	-0
-14.985	-6.129	0	-0
-13.519	-6.129	0	-0
-12.053	-6.129	0	-0
-10.587	-6.129	0	-0
-9.1202	-6.129	0	-0
-7.6539	-6.129	0	-0
-6.1876	-6.129	0	-0
-4.7213	-6.129	0	-0
-3.255	-6.129	0.011281	-0.031796
-1.7887	-6.129	0.011276	-0.031149
-0.32241	-6.129	0.010925	-0.030559
1.1439	-6.129	0.0096561	-0.030279
2.6102	-6.129	0.0083213	-0.030765
4.0765	-6.129	0.0065939	-0.029904
5.5428	-6.129	0.0055304	-0.02747
7.0091	-6.129	0.0038894	-0.025523
8.4754	-6.129	0	-0
9.9417	-6.129	0	-0
11.408	-6.129	0	-0
12.874	-6.129	0	-0
14.341	-6.129	0	-0
15.807	-6.129	0	-0
-14.985	-7.5953	0	-0
-13.519	-7.5953	0	-0
-12.053	-7.5953	0	-0
-10.587	-7.5953	0	-0
-9.1202	-7.5953	0	-0
-7.6539	-7.5953	0	-0
-6.1876	-7.5953	0	-0
-4.7213	-7.5953	0	-0
-3.255	-7.5953	0.011466	-0.03501
-1.7887	-7.5953	0.010936	-0.03525
-0.32241	-7.5953	0.01044	-0.034868
1.1439	-7.5953	0.0097012	-0.03473
2.6102	-7.5953	0.0086293	-0.034854
4.0765	-7.5953	0.0078628	-0.033554
5.5428	-7.5953	0.0065505	-0.032269
7.0091	-7.5953	0.004565	-0.030434
8.4754	-7.5953	0	-0
9.9417	-7.5953	0	-0
11.408	-7.5953	0	-0
12.874	-7.5953	0	-0
14.341	-7.5953	0	-0
15.807	-7.5953	0	-0
-14.985	-9.0616	0	-0
-13.519	-9.0616	0	-0
-12.053	-9.0616	0	-0
-10.587	-9.0616	0	-0
-9.1202	-9.0616	0	-0
-7.6539	-9.0616	0	-0
-6.1876	-9.0616	0	-0
-4.7213	-9.0616	0	-0
-3.255	-9.0616	0.010752	-0.038216
-1.7887	-9.0616	0.010349	-0.038965
-0.32241	-9.0616	0.0097302	-0.039133
1.1439	-9.0616	0.0093375	-0.038841
2.6102	-9.0616	0.0088412	-0.038639
4.0765	-9.0616	0.0078881	-0.038134
5.5428	-9.0616	0.0065464	-0.036746
7.0091	-9.0616	0.0046958	-0.036863
8.4754	-9.0616	0	-0
9.9417	-9.0616	0	-0
11.408	-9.0616	0	-0
12.874	-9.0616	0	-0
14.341	-9.0616	0	-0
15.807	-9.0616	0	-0
-14.985	-10.528	0	-0
-13.519	-10.528	0	-0
-12.053	-10.528	0	-0
-10.587	-10.528	0	-0
-9.1202	-10.528	0	-0
-7.6539	-10.528	0	-0
-6.1876	-10.528	0	-0
-4.7213	-10.528	0	-0
-3.255	-10.528	0.0097331	-0.042476
-1.7887	-10.528	0.0095048	-0.043879
-0.32241	-10.528	0.0094156	-0.044319
1.1439	-10.528	0.0086415	-0.044676
2.6102	-10.528	0.0078924	-0.044409
4.0765	-10.528	0.007059	-0.043537
5.5428	-10.528	0.0059669	-0.04281
7.0091	-10.528	0.0044026	-0.044015
8.4754	-10.528	0	-0
9.9417	-10.528	0	-0
11.408	-10.528	0	-0
12.874	-10.528	0	-0
14.341	-10.528	0	-0
15.807	-10.528	0	-0
-14.985	-11.994	0	-0
-13.519	-11.994	0	-0
-12.053	-11.994	0	-0
-10.587	-11.994	0	-0
-9.1202	-11.994	0	-0
-7.6539	-11.994	0	-0
-6.1876	-11.994	0	-0
-4.7213	-11.994	0	-0
-3.255	-11.994	0	-0
-1.7887	-11.994	0	-0
-0.32241	-11.994	0	-0
1.1439	-11.994	0	-0
2.6102	-11.994	0	-0
4.0765	-11.994	0	-0
5.5428	-11.994	0	-0
7.0091	-11.994	0	-0
8.4754	-11.994	0	-0
9.9417	-11.994	0	-0
11.408	-11.994	0	-0
12.874	-11.994	0	-0
14.341	-11.994	0	-0
15.807	-11.994	0	-0
