#DaVis 7.4.0 2D-vector 96 22 22 "" "[mm]" "" "[mm]" "displacement" "[mm]"
-14.985	18.798	0	-0
-13.519	18.798	0	-0
-12.053	18.798	0	-0
-10.587	18.798	0	-0
-9.1202	18.798	0	-0
-7.6539	18.798	0	-0
-6.1876	18.798	0	-0
-4.7213	18.798	0	-0
-3.255	18.798	-0.019549	0.018205
-1.7887	18.798	-0.020746	0.025419
-0.32241	18.798	-0.44612	-0.71307
1.1439	18.798	-0.022011	0.034157
2.6102	18.798	-0.02058	0.030351
4.0765	18.798	-0.018836	-0.79455
5.5428	18.798	-0.018655	0.044137
7.0091	18.798	-0.014178	0.047753
8.4754	18.798	0	-0
9.9417	18.798	0	-0
11.408	18.798	0	-0
12.874	18.798	0	-0
14.341	18.798	0	-0
15.807	18.798	0	-0
-14.985	17.332	0	-0
-13.519	17.332	0	-0
-12.053	17.332	0	-0
-10.587	17.332	0	-0
-9.1202	17.332	0	-0
-7.6539	17.332	0	-0
-6.1876	17.332	0	-0
-4.7213	17.332	0	-0
-3.255	17.332	-0.017708	0.030161
-1.7887	17.332	-0.017528	0.031628
-0.32241	17.332	-0.01734	0.033905
1.1439	17.332	-0.018533	0.036358
2.6102	17.332	-0.017989	0.039899
4.0765	17.332	-0.018616	0.041701
5.5428	17.332	-0.016481	0.043939
7.0091	17.332	-0.012694	0.04728
8.4754	17.332	0	-0
9.9417	17.332	0	-0
11.408	17.332	0	-0
12.874	17.332	0	-0
14.341	17.332	0	-0
15.807	17.332	0	-0
-14.985	15.866	0	-0
-13.519	15.866	0	-0
-12.053	15.866	0	-0
-10.587	15.866	0	-0
-9.1202	15.866	0	-0
-7.6539	15.866	0	-0
-6.1876	15.866	0	-0
-4.7213	15.866	0	-0
-3.255	15.866	-0.013964	0.02413
-1.7887	15.866	-0.014586	0.028484
-0.32241	15.866	-0.014818	0.031806
1.1439	15.866	-0.015312	0.034237
2.6102	15.866	-0.015849	0.036286
4.0765	15.866	-0.016645	0.038442
5.5428	15.866	-0.015609	0.041467
7.0091	15.866	-0.012455	0.043856
8.4754	15.866	0	-0
9.9417	15.866	0	-0
11.408	15.866	0	-0
12.874	15.866	0	-0
14.341	15.866	0	-0
15.807	15.866	0	-0
-14.985	14.399	0	-0
-13.519	14.399	0	-0
-12.053	14.399	0	-0
-10.587	14.399	0	-0
-9.1202	14.399	0	-0
-7.6539	14.399	0	-0
-6.1876	14.399	0	-0
-4.7213	14.399	0	-0
-3.255	14.399	-0.012439	0.020706
-1.7887	14.399	-0.013371	0.024938
-0.32241	14.399	-0.01315	0.027433
1.1439	14.399	-0.01289	0.030936
2.6102	14.399	-0.012847	0.032205
4.0765	14.399	-0.014269	0.034862
5.5428	14.399	-0.013366	0.037406
7.0091	14.399	-0.010695	0.039446
8.4754	14.399	0	-0
9.9417	14.399	0	-0
11.408	14.399	0	-0
12.874	14.399	0	-0
14.341	14.399	0	-0
15.807	14.399	0	-0
-14.985	12.933	0	-0
-13.519	12.933	0	-0
-12.053	12.933	0	-0
-10.587	12.933	0	-0
-9.1202	12.933	0	-0
-7.6539	12.933	0	-0
-6.1876	12.933	0	-0
-4.7213	12.933	0	-0
-3.255	12.933	-0.010977	0.016697
-1.7887	12.933	-0.011589	0.020433
-0.32241	12.933	-0.011993	0.023717
1.1439	12.933	-0.011068	0.025935
2.6102	12.933	-0.011651	0.028303
4.0765	12.933	-0.011294	0.030442
5.5428	12.933	-0.011445	0.032818
7.0091	12.933	-0.0096399	0.034701
8.4754	12.933	0	-0
9.9417	12.933	0	-0
11.408	12.933	0	-0
12.874	12.933	0	-0
14.341	12.933	0	-0
15.807	12.933	0	-0
-14.985	11.467	0	-0
-13.519	11.467	0	-0
-12.053	11.467	0	-0
-10.587	11.467	0	-0
-9.1202	11.467	0	-0
-7.6539	11.467	0	-0
-6.1876	11.467	0	-0
-4.7213	11.467	0	-0
-3.255	11.467	-0.0088161	0.012147
-1.7887	11.467	-0.0094616	0.016395
-0.32241	11.467	-0.0099356	0.019584
1.1439	11.467	-0.0090423	0.022223
2.6102	11.467	-0.0091414	0.024589
4.0765	11.467	-0.0091653	0.026415
5.5428	11.467	-0.0093006	0.028279
7.0091	11.467	-0.0089078	0.030176
8.4754	11.467	0	-0
9.9417	11.467	0	-0
11.408	11.467	0	-0
12.874	11.467	0	-0
14.341	11.467	0	-0
15.807	11.467	0	-0
-14.985	10	0	-0
-13.519	10	0	-0
-12.053	10	0	-0
-10.587	10	0	-0
-9.1202	10	0	-0
-7.6539	10	0	-0
-6.1876	10	0	-0
-4.7213	10	0	-0
-3.255	10	-0.0061085	0.0084193
-1.7887	10	-0.0066257	0.013095
-0.32241	10	-0.0063901	0.016895
1.1439	10	-0.006556	0.019396
2.6102	10	-0.006649	0.02093
4.0765	10	-0.0069689	0.022528
5.5428	10	-0.0073925	0.023588
7.0091	10	-0.00742	0.02598
8.4754	10	0	-0
9.9417	10	0	-0
11.408	10	0	-0
12.874	10	0	-0
14.341	10	0	-0
15.807	10	0	-0
-14.985	8.534	0	-0
-13.519	8.534	0	-0
-12.053	8.534	0	-0
-10.587	8.534	0	-0
-9.1202	8.534	0	-0
-7.6539	8.534	0	-0
-6.1876	8.534	0	-0
-4.7213	8.534	0	-0
-3.255	8.534	-0.0037771	0.0054377
-1.7887	8.534	-0.0036602	0.010029
-0.32241	8.534	-0.0035547	0.013529
1.1439	8.534	-0.0037931	0.0156
2.6102	8.534	-0.004203	0.016616
4.0765	8.534	-0.0055029	0.018074
5.5428	8.534	-0.0052342	0.019337
7.0091	8.534	-0.00548	0.020963
8.4754	8.534	0	-0
9.9417	8.534	0	-0
11.408	8.534	0	-0
12.874	8.534	0	-0
14.341	8.534	0	-0
15.807	8.534	0	-0
-14.985	7.0677	0	-0
-13.519	7.0677	0	-0
-12.053	7.0677	0	-0
-10.587	7.0677	0	-0
-9.1202	7.0677	0	-0
-7.6539	7.0677	0	-0
-6.1876	7.0677	0	-0
-4.7213	7.0677	0	-0
-3.255	7.0677	-0.00083326	0.0021111
-1.7887	7.0677	-0.0012861	0.0060195
-0.32241	7.0677	-0.0020431	0.0087146
1.1439	7.0677	-0.0027705	0.010466
2.6102	7.0677	-0.0026425	0.012056
4.0765	7.0677	-0.0033198	0.013362
5.5428	7.0677	-0.0032259	0.014987
7.0091	7.0677	-0.0037503	0.016459
8.4754	7.0677	0	-0
9.9417	7.0677	0	-0
11.408	7.0677	0	-0
12.874	7.0677	0	-0
14.341	7.0677	0	-0
15.807	7.0677	0	-0
-14.985	5.6014	0	-0
-13.519	5.6014	0	-0
-12.053	5.6014	0	-0
-10.587	5.6014	0	-0
-9.1202	5.6014	0	-0
-7.6539	5.6014	0	-0
-6.1876	5.6014	0	-0
-4.7213	5.6014	0	-0
-3.255	5.6014	0.0015317	-0.00201
-1.7887	5.6014	0.0007719	0.0012621
-0.32241	5.6014	-0.00049105	0.003734
1.1439	5.6014	-0.0015686	0.0062714
2.6102	5.6014	-0.0024343	0.0076476
4.0765	5.6014	-0.0015143	0.0094535
5.5428	5.6014	-0.0022338	0.010143
7.0091	5.6014	-0.0025936	0.012255
8.4754	5.6014	0	-0
9.9417	5.6014	0	-0
11.408	5.6014	0	-0
12.874	5.6014	0	-0
14.341	5.6014	0	-0
15.807	5.6014	0	-0
-14.985	4.1351	0	-0
-13.519	4.1351	0	-0
-12.053	4.1351	0	-0
-10.587	4.1351	0	-0
-9.1202	4.1351	0	-0
-7.6539	4.1351	0	-0
-6.1876	4.1351	0	-0
-4.7213	4.1351	0	-0
-3.255	4.1351	0.0026728	-0.006335
-1.7887	4.1351	0.0017527	-0.0031246
-0.32241	4.1351	0.00079284	-0.00062533
1.1439	4.1351	8.3647e-005	0.0018885
2.6102	4.1351	-0.0012806	0.0036918
4.0765	4.1351	-0.00095886	0.005696
5.5428	4.1351	-0.0013151	0.0066438
7.0091	4.1351	-0.0011008	0.0091293
8.4754	4.1351	0	-0
9.9417	4.1351	0	-0
11.408	4.1351	0	-0
12.874	4.1351	0	-0
14.341	4.1351	0	-0
15.807	4.1351	0	-0
-14.985	2.6688	0	-0
-13.519	2.6688	0	-0
-12.053	2.6688	0	-0
-10.587	2.6688	0	-0
-9.1202	2.6688	0	-0
-7.6539	2.6688	0	-0
-6.1876	2.6688	0	-0
-4.7213	2.6688	0	-0
-3.255	2.6688	0.0033882	-0.0099401
-1.7887	2.6688	0.0027037	-0.0075814
-0.32241	2.6688	0.0022629	-0.0056276
1.1439	2.6688	0.00087895	-0.0031547
2.6102	2.6688	5.3602e-005	6.7003e-007
4.0765	2.6688	-0.00039223	0.0022295
5.5428	2.6688	-0.0002852	0.0035872
7.0091	2.6688	-0.0005062	0.0050223
8.4754	2.6688	0	-0
9.9417	2.6688	0	-0
11.408	2.6688	0	-0
12.874	2.6688	0	-0
14.341	2.6688	0	-0
15.807	2.6688	0	-0
-14.985	1.2025	0	-0
-13.519	1.2025	0	-0
-12.053	1.2025	0	-0
-10.587	1.2025	0	-0
-9.1202	1.2025	0	-0
-7.6539	1.2025	0	-0
-6.1876	1.2025	0	-0
-4.7213	1.2025	0	-0
-3.255	1.2025	0.0035617	-0.013222
-1.7887	1.2025	0.0033891	-0.011079
-0.32241	1.2025	0.0032036	-0.0091099
1.1439	1.2025	0.0023514	-0.0064279
2.6102	1.2025	0.0021475	-0.0035458
4.0765	1.2025	0.0017422	-0.001757
5.5428	1.2025	0.00079539	-0.00012332
7.0091	1.2025	-1.3503e-005	0.0018064
8.4754	1.2025	0	-0
9.9417	1.2025	0	-0
11.408	1.2025	0	-0
12.874	1.2025	0	-0
14.341	1.2025	0	-0
15.807	1.2025	0	-0
-14.985	-0.2638	0	-0
-13.519	-0.2638	0	-0
-12.053	-0.2638	0	-0
-10.587	-0.2638	0	-0
-9.1202	-0.2638	0	-0
-7.6539	-0.2638	0	-0
-6.1876	-0.2638	0	-0
-4.7213	-0.2638	0	-0
-3.255	-0.2638	0.0037448	-0.016332
-1.7887	-0.2638	0.0040858	-0.01417
-0.32241	-0.2638	0.0038726	-0.012284
1.1439	-0.2638	0.0042174	-0.010321
2.6102	-0.2638	0.0037141	-0.0078868
4.0765	-0.2638	0.0022822	-0.006083
5.5428	-0.2638	0.00080011	-0.0051098
7.0091	-0.2638	0.00019261	-0.0033048
8.4754	-0.2638	0	-0
9.9417	-0.2638	0	-0
11.408	-0.2638	0	-0
12.874	-0.2638	0	-0
14.341	-0.2638	0	-0
15.807	-0.2638	0	-0
-14.985	-1.7301	0	-0
-13.519	-1.7301	0	-0
-12.053	-1.7301	0	-0
-10.587	-1.7301	0	-0
-9.1202	-1.7301	0	-0
-7.6539	-1.7301	0	-0
-6.1876	-1.7301	0	-0
-4.7213	-1.7301	0	-0
-3.255	-1.7301	0.0047168	-0.019646
-1.7887	-1.7301	0.0054123	-0.017573
-0.32241	-1.7301	0.0057101	-0.015748
1.1439	-1.7301	0.006158	-0.014984
2.6102	-1.7301	0.0046515	-0.012586
4.0765	-1.7301	0.0028921	-0.011438
5.5428	-1.7301	0.0014356	-0.01013
7.0091	-1.7301	0.00034791	-0.0082867
8.4754	-1.7301	0	-0
9.9417	-1.7301	0	-0
11.408	-1.7301	0	-0
12.874	-1.7301	0	-0
14.341	-1.7301	0	-0
15.807	-1.7301	0	-0
-14.985	-3.1964	0	-0
-13.519	-3.1964	0	-0
-12.053	-3.1964	0	-0
-10.587	-3.1964	0	-0
-9.1202	-3.1964	0	-0
-7.6539	-3.1964	0	-0
-6.1876	-3.1964	0	-0
-4.7213	-3.1964	0	-0
-3.255	-3.1964	0.0066426	-0.023098
-1.7887	-3.1964	0.0070763	-0.021398
-0.32241	-3.1964	0.0072459	-0.01948
1.1439	-3.1964	0.0071505	-0.019457
2.6102	-3.1964	0.0060347	-0.017903
4.0765	-3.1964	0.0038934	-0.017084
5.5428	-3.1964	0.0023033	-0.015863
7.0091	-3.1964	-3.1126e-005	-0.013832
8.4754	-3.1964	0	-0
9.9417	-3.1964	0	-0
11.408	-3.1964	0	-0
12.874	-3.1964	0	-0
14.341	-3.1964	0	-0
15.807	-3.1964	0	-0
-14.985	-4.6627	0	-0
-13.519	-4.6627	0	-0
-12.053	-4.6627	0	-0
-10.587	-4.6627	0	-0
-9.1202	-4.6627	0	-0
-7.6539	-4.6627	0	-0
-6.1876	-4.6627	0	-0
-4.7213	-4.6627	0	-0
-3.255	-4.6627	0.0082975	-0.026634
-1.7887	-4.6627	0.0083172	-0.024799
-0.32241	-4.6627	0.0084285	-0.02387
1.1439	-4.6627	0.0078668	-0.023573
2.6102	-4.6627	0.0065286	-0.02351
4.0765	-4.6627	0.0053043	-0.023531
5.5428	-4.6627	0.0037917	-0.021437
7.0091	-4.6627	-0.00053516	-0.019631
8.4754	-4.6627	0	-0
9.9417	-4.6627	0	-0
11.408	-4.6627	0	-0
12.874	-4.6627	0	-0
14.341	-4.6627	0	-0
15.807	-4.6627	0	-0
-14.985	-6.129	0	-0
-13.519	-6.129	0	-0
-12.053	-6.129	0	-0
-10.587	-6.129	0	-0
-9.1202	-6.129	0	-0
-7.6539	-6.129	0	-0
-6.1876	-6.129	0	-0
-4.7213	-6.129	0	-0
-3.255	-6.129	0.0093755	-0.029466
-1.7887	-6.129	0.0093341	-0.029022
-0.32241	-6.129	0.0092578	-0.028639
1.1439	-6.129	0.0081899	-0.028342
2.6102	-6.129	0.0070145	-0.029026
4.0765	-6.129	0.0056765	-0.02852
5.5428	-6.129	0.0040442	-0.026411
7.0091	-6.129	-0.0011753	-0.024869
8.4754	-6.129	0	-0
9.9417	-6.129	0	-0
11.408	-6.129	0	-0
12.874	-6.129	0	-0
14.341	-6.129	0	-0
15.807	-6.129	0	-0
-14.985	-7.5953	0	-0
-13.519	-7.5953	0	-0
-12.053	-7.5953	0	-0
-10.587	-7.5953	0	-0
-9.1202	-7.5953	0	-0
-7.6539	-7.5953	0	-0
-6.1876	-7.5953	0	-0
-4.7213	-7.5953	0	-0
-3.255	-7.5953	0.0093673	-0.032733
-1.7887	-7.5953	0.0087689	-0.033076
-0.32241	-7.5953	0.0085192	-0.03278
1.1439	-7.5953	0.0079337	-0.032741
2.6102	-7.5953	0.0070511	-0.032846
4.0765	-7.5953	0.0066937	-0.031818
5.5428	-7.5953	0.0041357	-0.030922
7.0091	-7.5953	-0.00065929	-0.029521
8.4754	-7.5953	0	-0
9.9417	-7.5953	0	-0
11.408	-7.5953	0	-0
12.874	-7.5953	0	-0
14.341	-7.5953	0	-0
15.807	-7.5953	0	-0
-14.985	-9.0616	0	-0
-13.519	-9.0616	0	-0
-12.053	-9.0616	0	-0
-10.587	-9.0616	0	-0
-9.1202	-9.0616	0	-0
-7.6539	-9.0616	0	-0
-6.1876	-9.0616	0	-0
-4.7213	-9.0616	0	-0
-3.255	-9.0616	0.0084568	-0.035483
-1.7887	-9.0616	0.0079557	-0.036459
-0.32241	-9.0616	0.0075741	-0.036661
1.1439	-9.0616	0.0072771	-0.036609
2.6102	-9.0616	0.0070818	-0.036578
4.0765	-9.0616	0.0061147	-0.036278
5.5428	-9.0616	0.0041544	-0.035339
7.0091	-9.0616	-0.0020063	-0.035522
8.4754	-9.0616	0	-0
9.9417	-9.0616	0	-0
11.408	-9.0616	0	-0
12.874	-9.0616	0	-0
14.341	-9.0616	0	-0
15.807	-9.0616	0	-0
-14.985	-10.528	0	-0
-13.519	-10.528	0	-0
-12.053	-10.528	0	-0
-10.587	-10.528	0	-0
-9.1202	-10.528	0	-0
-7.6539	-10.528	0	-0
-6.1876	-10.528	0	-0
-4.7213	-10.528	0	-0
-3.255	-10.528	0.0071642	-0.039311
-1.7887	-10.528	0.0071121	-0.040894
-0.32241	-10.528	0.0070467	-0.041423
1.1439	-10.528	0.0064263	-0.041892
2.6102	-10.528	0.0062635	-0.04181
4.0765	-10.528	0.004685	-0.041247
5.5428	-10.528	0.0035875	-0.040905
7.0091	-10.528	-0.0036484	-0.04218
8.4754	-10.528	0	-0
9.9417	-10.528	0	-0
11.408	-10.528	0	-0
12.874	-10.528	0	-0
14.341	-10.528	0	-0
15.807	-10.528	0	-0
-14.985	-11.994	0	-0
-13.519	-11.994	0	-0
-12.053	-11.994	0	-0
-10.587	-11.994	0	-0
-9.1202	-11.994	0	-0
-7.6539	-11.994	0	-0
-6.1876	-11.994	0	-0
-4.7213	-11.994	0	-0
-3.255	-11.994	0	-0
-1.7887	-11.994	0	-0
-0.32241	-11.994	0	-0
1.1439	-11.994	0	-0
2.6102	-11.994	0	-0
4.0765	-11.994	0	-0
5.5428	-11.994	0	-0
7.0091	-11.994	0	-0
8.4754	-11.994	0	-0
9.9417	-11.994	0	-0
11.408	-11.994	0	-0
12.874	-11.994	0	-0
14.341	-11.994	0	-0
15.807	-11.994	0	-0
