#DaVis 7.4.0 2D-vector 96 22 22 "" "[mm]" "" "[mm]" "displacement" "[mm]"
-14.985	18.798	0	-0
-13.519	18.798	0	-0
-12.053	18.798	0	-0
-10.587	18.798	0	-0
-9.1202	18.798	0	-0
-7.6539	18.798	0	-0
-6.1876	18.798	0	-0
-4.7213	18.798	0	-0
-3.255	18.798	-0.014885	0.015389
-1.7887	18.798	-0.015579	0.017182
-0.32241	18.798	-0.015201	0.018599
1.1439	18.798	-0.016484	0.021056
2.6102	18.798	-0.015339	0.022164
4.0765	18.798	-0.014726	0.021382
5.5428	18.798	-0.014769	0.023717
7.0091	18.798	-0.0019945	0.019283
8.4754	18.798	0	-0
9.9417	18.798	0	-0
11.408	18.798	0	-0
12.874	18.798	0	-0
14.341	18.798	0	-0
15.807	18.798	0	-0
-14.985	17.332	0	-0
-13.519	17.332	0	-0
-12.053	17.332	0	-0
-10.587	17.332	0	-0
-9.1202	17.332	0	-0
-7.6539	17.332	0	-0
-6.1876	17.332	0	-0
-4.7213	17.332	0	-0
-3.255	17.332	-0.012733	0.015001
-1.7887	17.332	-0.013076	0.015679
-0.32241	17.332	-0.013157	0.017138
1.1439	17.332	-0.013764	0.018893
2.6102	17.332	-0.01322	0.021634
4.0765	17.332	-0.013542	0.022382
5.5428	17.332	-0.012987	0.023818
7.0091	17.332	-0.0018525	0.024611
8.4754	17.332	0	-0
9.9417	17.332	0	-0
11.408	17.332	0	-0
12.874	17.332	0	-0
14.341	17.332	0	-0
15.807	17.332	0	-0
-14.985	15.866	0	-0
-13.519	15.866	0	-0
-12.053	15.866	0	-0
-10.587	15.866	0	-0
-9.1202	15.866	0	-0
-7.6539	15.866	0	-0
-6.1876	15.866	0	-0
-4.7213	15.866	0	-0
-3.255	15.866	-0.010956	0.01181
-1.7887	15.866	-0.011433	0.013691
-0.32241	15.866	-0.011445	0.016139
1.1439	15.866	-0.011662	0.018141
2.6102	15.866	-0.011893	0.019084
4.0765	15.866	-0.01247	0.021158
5.5428	15.866	-0.011427	0.022829
7.0091	15.866	-0.010248	0.023596
8.4754	15.866	0	-0
9.9417	15.866	0	-0
11.408	15.866	0	-0
12.874	15.866	0	-0
14.341	15.866	0	-0
15.807	15.866	0	-0
-14.985	14.399	0	-0
-13.519	14.399	0	-0
-12.053	14.399	0	-0
-10.587	14.399	0	-0
-9.1202	14.399	0	-0
-7.6539	14.399	0	-0
-6.1876	14.399	0	-0
-4.7213	14.399	0	-0
-3.255	14.399	-0.0096913	0.009554
-1.7887	14.399	-0.010113	0.011684
-0.32241	14.399	-0.010068	0.013986
1.1439	14.399	-0.010248	0.016399
2.6102	14.399	-0.0098991	0.017089
4.0765	14.399	-0.010387	0.018966
5.5428	14.399	-0.009813	0.020667
7.0091	14.399	-0.0091227	0.021518
8.4754	14.399	0	-0
9.9417	14.399	0	-0
11.408	14.399	0	-0
12.874	14.399	0	-0
14.341	14.399	0	-0
15.807	14.399	0	-0
-14.985	12.933	0	-0
-13.519	12.933	0	-0
-12.053	12.933	0	-0
-10.587	12.933	0	-0
-9.1202	12.933	0	-0
-7.6539	12.933	0	-0
-6.1876	12.933	0	-0
-4.7213	12.933	0	-0
-3.255	12.933	-0.0085552	0.0075668
-1.7887	12.933	-0.0087691	0.0099822
-0.32241	12.933	-0.0088584	0.012215
1.1439	12.933	-0.0084052	0.013779
2.6102	12.933	-0.008579	0.015112
4.0765	12.933	-0.008344	0.016699
5.5428	12.933	-0.0081514	0.018258
7.0091	12.933	-0.0075523	0.019464
8.4754	12.933	0	-0
9.9417	12.933	0	-0
11.408	12.933	0	-0
12.874	12.933	0	-0
14.341	12.933	0	-0
15.807	12.933	0	-0
-14.985	11.467	0	-0
-13.519	11.467	0	-0
-12.053	11.467	0	-0
-10.587	11.467	0	-0
-9.1202	11.467	0	-0
-7.6539	11.467	0	-0
-6.1876	11.467	0	-0
-4.7213	11.467	0	-0
-3.255	11.467	-0.0069982	0.005164
-1.7887	11.467	-0.0074186	0.0078322
-0.32241	11.467	-0.0075257	0.010033
1.1439	11.467	-0.0069412	0.012085
2.6102	11.467	-0.0066574	0.013578
4.0765	11.467	-0.0067777	0.014902
5.5428	11.467	-0.006623	0.01621
7.0091	11.467	-0.0061753	0.017416
8.4754	11.467	0	-0
9.9417	11.467	0	-0
11.408	11.467	0	-0
12.874	11.467	0	-0
14.341	11.467	0	-0
15.807	11.467	0	-0
-14.985	10	0	-0
-13.519	10	0	-0
-12.053	10	0	-0
-10.587	10	0	-0
-9.1202	10	0	-0
-7.6539	10	0	-0
-6.1876	10	0	-0
-4.7213	10	0	-0
-3.255	10	-0.0053119	0.0033282
-1.7887	10	-0.0054046	0.0059934
-0.32241	10	-0.0054086	0.0082698
1.1439	10	-0.0052607	0.010441
2.6102	10	-0.0051671	0.011811
4.0765	10	-0.0052858	0.012989
5.5428	10	-0.0051493	0.013921
7.0091	10	-0.0049529	0.015237
8.4754	10	0	-0
9.9417	10	0	-0
11.408	10	0	-0
12.874	10	0	-0
14.341	10	0	-0
15.807	10	0	-0
-14.985	8.534	0	-0
-13.519	8.534	0	-0
-12.053	8.534	0	-0
-10.587	8.534	0	-0
-9.1202	8.534	0	-0
-7.6539	8.534	0	-0
-6.1876	8.534	0	-0
-4.7213	8.534	0	-0
-3.255	8.534	-0.003738	0.0017653
-1.7887	8.534	-0.0036497	0.0044882
-0.32241	8.534	-0.003348	0.0067179
1.1439	8.534	-0.0034441	0.0082385
2.6102	8.534	-0.0035415	0.0091319
4.0765	8.534	-0.0035848	0.010453
5.5428	8.534	-0.0037576	0.011521
7.0091	8.534	-0.0037126	0.01299
8.4754	8.534	0	-0
9.9417	8.534	0	-0
11.408	8.534	0	-0
12.874	8.534	0	-0
14.341	8.534	0	-0
15.807	8.534	0	-0
-14.985	7.0677	0	-0
-13.519	7.0677	0	-0
-12.053	7.0677	0	-0
-10.587	7.0677	0	-0
-9.1202	7.0677	0	-0
-7.6539	7.0677	0	-0
-6.1876	7.0677	0	-0
-4.7213	7.0677	0	-0
-3.255	7.0677	-0.0017961	4.4336e-005
-1.7887	7.0677	-0.0020165	0.002455
-0.32241	7.0677	-0.0023402	0.0040744
1.1439	7.0677	-0.0025016	0.005435
2.6102	7.0677	-0.0022679	0.006581
4.0765	7.0677	-0.0022465	0.0078727
5.5428	7.0677	-0.0025595	0.0090285
7.0091	7.0677	-0.0024894	0.010539
8.4754	7.0677	0	-0
9.9417	7.0677	0	-0
11.408	7.0677	0	-0
12.874	7.0677	0	-0
14.341	7.0677	0	-0
15.807	7.0677	0	-0
-14.985	5.6014	0	-0
-13.519	5.6014	0	-0
-12.053	5.6014	0	-0
-10.587	5.6014	0	-0
-9.1202	5.6014	0	-0
-7.6539	5.6014	0	-0
-6.1876	5.6014	0	-0
-4.7213	5.6014	0	-0
-3.255	5.6014	-0.00019777	-0.0019864
-1.7887	5.6014	-0.0006198	-2.6294e-005
-0.32241	5.6014	-0.0010169	0.0016451
1.1439	5.6014	-0.0018482	0.0033098
2.6102	5.6014	-0.002113	0.0042441
4.0765	5.6014	-0.00047215	0.0057967
5.5428	5.6014	-0.0014124	0.0068881
7.0091	5.6014	-0.0015314	0.0087961
8.4754	5.6014	0	-0
9.9417	5.6014	0	-0
11.408	5.6014	0	-0
12.874	5.6014	0	-0
14.341	5.6014	0	-0
15.807	5.6014	0	-0
-14.985	4.1351	0	-0
-13.519	4.1351	0	-0
-12.053	4.1351	0	-0
-10.587	4.1351	0	-0
-9.1202	4.1351	0	-0
-7.6539	4.1351	0	-0
-6.1876	4.1351	0	-0
-4.7213	4.1351	0	-0
-3.255	4.1351	0.00086237	-0.0041462
-1.7887	4.1351	0.00034852	-0.002248
-0.32241	4.1351	5.4072e-005	-0.00085849
1.1439	4.1351	-0.0002195	0.0011309
2.6102	4.1351	-0.00083114	0.002518
4.0765	4.1351	0.00015038	0.0040579
5.5428	4.1351	-0.00044999	0.0049775
7.0091	4.1351	-0.00039756	0.0068587
8.4754	4.1351	0	-0
9.9417	4.1351	0	-0
11.408	4.1351	0	-0
12.874	4.1351	0	-0
14.341	4.1351	0	-0
15.807	4.1351	0	-0
-14.985	2.6688	0	-0
-13.519	2.6688	0	-0
-12.053	2.6688	0	-0
-10.587	2.6688	0	-0
-9.1202	2.6688	0	-0
-7.6539	2.6688	0	-0
-6.1876	2.6688	0	-0
-4.7213	2.6688	0	-0
-3.255	2.6688	0.0016336	-0.0063472
-1.7887	2.6688	0.0014471	-0.0047653
-0.32241	2.6688	0.0015106	-0.0030816
1.1439	2.6688	0.0008377	-0.0012573
2.6102	2.6688	0.00054854	0.00043883
4.0765	2.6688	0.00053819	0.0020332
5.5428	2.6688	0.00024188	0.0028655
7.0091	2.6688	0.00044266	0.0045833
8.4754	2.6688	0	-0
9.9417	2.6688	0	-0
11.408	2.6688	0	-0
12.874	2.6688	0	-0
14.341	2.6688	0	-0
15.807	2.6688	0	-0
-14.985	1.2025	0	-0
-13.519	1.2025	0	-0
-12.053	1.2025	0	-0
-10.587	1.2025	0	-0
-9.1202	1.2025	0	-0
-7.6539	1.2025	0	-0
-6.1876	1.2025	0	-0
-4.7213	1.2025	0	-0
-3.255	1.2025	0.0023709	-0.0083686
-1.7887	1.2025	0.0024155	-0.0067453
-0.32241	1.2025	0.0024286	-0.0052241
1.1439	1.2025	0.0021354	-0.0031871
2.6102	1.2025	0.0023454	-0.0011477
4.0765	1.2025	0.0017996	0.00014544
5.5428	1.2025	0.0016643	0.0013148
7.0091	1.2025	0.0011013	0.0029095
8.4754	1.2025	0	-0
9.9417	1.2025	0	-0
11.408	1.2025	0	-0
12.874	1.2025	0	-0
14.341	1.2025	0	-0
15.807	1.2025	0	-0
-14.985	-0.2638	0	-0
-13.519	-0.2638	0	-0
-12.053	-0.2638	0	-0
-10.587	-0.2638	0	-0
-9.1202	-0.2638	0	-0
-7.6539	-0.2638	0	-0
-6.1876	-0.2638	0	-0
-4.7213	-0.2638	0	-0
-3.255	-0.2638	0.0030319	-0.0098936
-1.7887	-0.2638	0.0033202	-0.0083563
-0.32241	-0.2638	0.0034711	-0.0070273
1.1439	-0.2638	0.003481	-0.0052496
2.6102	-0.2638	0.0037112	-0.0033742
4.0765	-0.2638	0.0028794	-0.0021192
5.5428	-0.2638	0.0021537	-0.0010518
7.0091	-0.2638	0.0016547	0.00042244
8.4754	-0.2638	0	-0
9.9417	-0.2638	0	-0
11.408	-0.2638	0	-0
12.874	-0.2638	0	-0
14.341	-0.2638	0	-0
15.807	-0.2638	0	-0
-14.985	-1.7301	0	-0
-13.519	-1.7301	0	-0
-12.053	-1.7301	0	-0
-10.587	-1.7301	0	-0
-9.1202	-1.7301	0	-0
-7.6539	-1.7301	0	-0
-6.1876	-1.7301	0	-0
-4.7213	-1.7301	0	-0
-3.255	-1.7301	0.0039068	-0.011432
-1.7887	-1.7301	0.004456	-0.0099996
-0.32241	-1.7301	0.0047214	-0.0087306
1.1439	-1.7301	0.0059556	-0.0079711
2.6102	-1.7301	0.0043232	-0.0061941
4.0765	-1.7301	0.0036265	-0.0047998
5.5428	-1.7301	0.0027583	-0.0035511
7.0091	-1.7301	0.0023469	-0.0020853
8.4754	-1.7301	0	-0
9.9417	-1.7301	0	-0
11.408	-1.7301	0	-0
12.874	-1.7301	0	-0
14.341	-1.7301	0	-0
15.807	-1.7301	0	-0
-14.985	-3.1964	0	-0
-13.519	-3.1964	0	-0
-12.053	-3.1964	0	-0
-10.587	-3.1964	0	-0
-9.1202	-3.1964	0	-0
-7.6539	-3.1964	0	-0
-6.1876	-3.1964	0	-0
-4.7213	-3.1964	0	-0
-3.255	-3.1964	0.0054013	-0.013157
-1.7887	-3.1964	0.0057358	-0.011723
-0.32241	-3.1964	0.0059183	-0.010347
1.1439	-3.1964	0.0059681	-0.0095845
2.6102	-3.1964	0.0053353	-0.0088861
4.0765	-3.1964	0.004327	-0.007786
5.5428	-3.1964	0.0037474	-0.0068613
7.0091	-3.1964	0.0025117	-0.005338
8.4754	-3.1964	0	-0
9.9417	-3.1964	0	-0
11.408	-3.1964	0	-0
12.874	-3.1964	0	-0
14.341	-3.1964	0	-0
15.807	-3.1964	0	-0
-14.985	-4.6627	0	-0
-13.519	-4.6627	0	-0
-12.053	-4.6627	0	-0
-10.587	-4.6627	0	-0
-9.1202	-4.6627	0	-0
-7.6539	-4.6627	0	-0
-6.1876	-4.6627	0	-0
-4.7213	-4.6627	0	-0
-3.255	-4.6627	0.0066059	-0.014909
-1.7887	-4.6627	0.0068183	-0.013586
-0.32241	-4.6627	0.0069427	-0.012576
1.1439	-4.6627	0.0069005	-0.012222
2.6102	-4.6627	0.0063248	-0.011537
4.0765	-4.6627	0.0056957	-0.011012
5.5428	-4.6627	0.0049846	-0.0095886
7.0091	-4.6627	0.0020539	-0.0082
8.4754	-4.6627	0	-0
9.9417	-4.6627	0	-0
11.408	-4.6627	0	-0
12.874	-4.6627	0	-0
14.341	-4.6627	0	-0
15.807	-4.6627	0	-0
-14.985	-6.129	0	-0
-13.519	-6.129	0	-0
-12.053	-6.129	0	-0
-10.587	-6.129	0	-0
-9.1202	-6.129	0	-0
-7.6539	-6.129	0	-0
-6.1876	-6.129	0	-0
-4.7213	-6.129	0	-0
-3.255	-6.129	0.007675	-0.016389
-1.7887	-6.129	0.0078355	-0.015545
-0.32241	-6.129	0.0077709	-0.014939
1.1439	-6.129	0.0073316	-0.014448
2.6102	-6.129	0.006844	-0.014214
4.0765	-6.129	0.0064869	-0.013492
5.5428	-6.129	0.0054384	-0.012128
7.0091	-6.129	0.0015459	-0.010945
8.4754	-6.129	0	-0
9.9417	-6.129	0	-0
11.408	-6.129	0	-0
12.874	-6.129	0	-0
14.341	-6.129	0	-0
15.807	-6.129	0	-0
-14.985	-7.5953	0	-0
-13.519	-7.5953	0	-0
-12.053	-7.5953	0	-0
-10.587	-7.5953	0	-0
-9.1202	-7.5953	0	-0
-7.6539	-7.5953	0	-0
-6.1876	-7.5953	0	-0
-4.7213	-7.5953	0	-0
-3.255	-7.5953	0.0082834	-0.01806
-1.7887	-7.5953	0.0080906	-0.017654
-0.32241	-7.5953	0.0080686	-0.017143
1.1439	-7.5953	0.007744	-0.016712
2.6102	-7.5953	0.0074375	-0.01646
4.0765	-7.5953	0.0076057	-0.015387
5.5428	-7.5953	0.0058873	-0.014562
7.0091	-7.5953	0.0022334	-0.013375
8.4754	-7.5953	0	-0
9.9417	-7.5953	0	-0
11.408	-7.5953	0	-0
12.874	-7.5953	0	-0
14.341	-7.5953	0	-0
15.807	-7.5953	0	-0
-14.985	-9.0616	0	-0
-13.519	-9.0616	0	-0
-12.053	-9.0616	0	-0
-10.587	-9.0616	0	-0
-9.1202	-9.0616	0	-0
-7.6539	-9.0616	0	-0
-6.1876	-9.0616	0	-0
-4.7213	-9.0616	0	-0
-3.255	-9.0616	0.0082667	-0.019724
-1.7887	-9.0616	0.0081612	-0.019715
-0.32241	-9.0616	0.0081971	-0.019347
1.1439	-9.0616	0.0080963	-0.018851
2.6102	-9.0616	0.0081778	-0.018551
4.0765	-9.0616	0.0078552	-0.018077
5.5428	-9.0616	0.0065026	-0.016988
7.0091	-9.0616	0.0014116	-0.016865
8.4754	-9.0616	0	-0
9.9417	-9.0616	0	-0
11.408	-9.0616	0	-0
12.874	-9.0616	0	-0
14.341	-9.0616	0	-0
15.807	-9.0616	0	-0
-14.985	-10.528	0	-0
-13.519	-10.528	0	-0
-12.053	-10.528	0	-0
-10.587	-10.528	0	-0
-9.1202	-10.528	0	-0
-7.6539	-10.528	0	-0
-6.1876	-10.528	0	-0
-4.7213	-10.528	0	-0
-3.255	-10.528	0.0082622	-0.02185
-1.7887	-10.528	0.0084067	-0.022256
-0.32241	-10.528	0.0083702	-0.022275
1.1439	-10.528	0.0081047	-0.021932
2.6102	-10.528	0.0083346	-0.021911
4.0765	-10.528	0.0071708	-0.020839
5.5428	-10.528	0.0067698	-0.020042
7.0091	-10.528	0.00014043	-0.02034
8.4754	-10.528	0	-0
9.9417	-10.528	0	-0
11.408	-10.528	0	-0
12.874	-10.528	0	-0
14.341	-10.528	0	-0
15.807	-10.528	0	-0
-14.985	-11.994	0	-0
-13.519	-11.994	0	-0
-12.053	-11.994	0	-0
-10.587	-11.994	0	-0
-9.1202	-11.994	0	-0
-7.6539	-11.994	0	-0
-6.1876	-11.994	0	-0
-4.7213	-11.994	0	-0
-3.255	-11.994	0	-0
-1.7887	-11.994	0	-0
-0.32241	-11.994	0	-0
1.1439	-11.994	0	-0
2.6102	-11.994	0	-0
4.0765	-11.994	0	-0
5.5428	-11.994	0	-0
7.0091	-11.994	0	-0
8.4754	-11.994	0	-0
9.9417	-11.994	0	-0
11.408	-11.994	0	-0
12.874	-11.994	0	-0
14.341	-11.994	0	-0
15.807	-11.994	0	-0
