#DaVis 7.4.0 2D-vector 96 22 22 "" "[mm]" "" "[mm]" "displacement" "[mm]"
-14.985	18.798	0	-0
-13.519	18.798	0	-0
-12.053	18.798	0	-0
-10.587	18.798	0	-0
-9.1202	18.798	0	-0
-7.6539	18.798	0	-0
-6.1876	18.798	0	-0
-4.7213	18.798	0	-0
-3.255	18.798	-0.0064	0.002872
-1.7887	18.798	-0.0071582	0.0041024
-0.32241	18.798	-0.0070092	0.0040989
1.1439	18.798	-0.0074027	0.0050856
2.6102	18.798	-0.0076587	0.0054898
4.0765	18.798	-0.0062769	0.0035019
5.5428	18.798	-0.0051555	0.005406
7.0091	18.798	0.00065373	0.0021823
8.4754	18.798	0	-0
9.9417	18.798	0	-0
11.408	18.798	0	-0
12.874	18.798	0	-0
14.341	18.798	0	-0
15.807	18.798	0	-0
-14.985	17.332	0	-0
-13.519	17.332	0	-0
-12.053	17.332	0	-0
-10.587	17.332	0	-0
-9.1202	17.332	0	-0
-7.6539	17.332	0	-0
-6.1876	17.332	0	-0
-4.7213	17.332	0	-0
-3.255	17.332	-0.0056663	0.0025183
-1.7887	17.332	-0.0063739	0.0032624
-0.32241	17.332	-0.0063846	0.0039758
1.1439	17.332	-0.006466	0.0045243
2.6102	17.332	-0.0063784	0.0058166
4.0765	17.332	-0.0061904	0.005807
5.5428	17.332	-0.0040602	0.0065188
7.0091	17.332	0.00053203	0.007148
8.4754	17.332	0	-0
9.9417	17.332	0	-0
11.408	17.332	0	-0
12.874	17.332	0	-0
14.341	17.332	0	-0
15.807	17.332	0	-0
-14.985	15.866	0	-0
-13.519	15.866	0	-0
-12.053	15.866	0	-0
-10.587	15.866	0	-0
-9.1202	15.866	0	-0
-7.6539	15.866	0	-0
-6.1876	15.866	0	-0
-4.7213	15.866	0	-0
-3.255	15.866	-0.0051411	0.0019843
-1.7887	15.866	-0.0055093	0.002736
-0.32241	15.866	-0.0056978	0.0039255
1.1439	15.866	-0.0056177	0.0049034
2.6102	15.866	-0.0054891	0.0047542
4.0765	15.866	-0.0063467	0.0060002
5.5428	15.866	-0.0041849	0.0068285
7.0091	15.866	-0.00043922	0.00722
8.4754	15.866	0	-0
9.9417	15.866	0	-0
11.408	15.866	0	-0
12.874	15.866	0	-0
14.341	15.866	0	-0
15.807	15.866	0	-0
-14.985	14.399	0	-0
-13.519	14.399	0	-0
-12.053	14.399	0	-0
-10.587	14.399	0	-0
-9.1202	14.399	0	-0
-7.6539	14.399	0	-0
-6.1876	14.399	0	-0
-4.7213	14.399	0	-0
-3.255	14.399	-0.0045968	0.0016128
-1.7887	14.399	-0.0049558	0.0023374
-0.32241	14.399	-0.0049959	0.0033453
1.1439	14.399	-0.0049029	0.0040597
2.6102	14.399	-0.004854	0.0045545
4.0765	14.399	-0.0055949	0.0054752
5.5428	14.399	-0.0040568	0.0062422
7.0091	14.399	0.0001235	0.0069986
8.4754	14.399	0	-0
9.9417	14.399	0	-0
11.408	14.399	0	-0
12.874	14.399	0	-0
14.341	14.399	0	-0
15.807	14.399	0	-0
-14.985	12.933	0	-0
-13.519	12.933	0	-0
-12.053	12.933	0	-0
-10.587	12.933	0	-0
-9.1202	12.933	0	-0
-7.6539	12.933	0	-0
-6.1876	12.933	0	-0
-4.7213	12.933	0	-0
-3.255	12.933	-0.0040019	0.0011714
-1.7887	12.933	-0.004275	0.0021454
-0.32241	12.933	-0.0043301	0.0030759
1.1439	12.933	-0.0041934	0.0036333
2.6102	12.933	-0.004124	0.0041411
4.0765	12.933	-0.004809	0.0050038
5.5428	12.933	-0.0038382	0.0056853
7.0091	12.933	-0.00079506	0.0064537
8.4754	12.933	0	-0
9.9417	12.933	0	-0
11.408	12.933	0	-0
12.874	12.933	0	-0
14.341	12.933	0	-0
15.807	12.933	0	-0
-14.985	11.467	0	-0
-13.519	11.467	0	-0
-12.053	11.467	0	-0
-10.587	11.467	0	-0
-9.1202	11.467	0	-0
-7.6539	11.467	0	-0
-6.1876	11.467	0	-0
-4.7213	11.467	0	-0
-3.255	11.467	-0.0033562	0.00067641
-1.7887	11.467	-0.0035717	0.0017476
-0.32241	11.467	-0.0035717	0.0026539
1.1439	11.467	-0.0035592	0.0032271
2.6102	11.467	-0.0034607	0.0038996
4.0765	11.467	-0.0040009	0.0046017
5.5428	11.467	-0.0034571	0.0052809
7.0091	11.467	-0.0017277	0.0059396
8.4754	11.467	0	-0
9.9417	11.467	0	-0
11.408	11.467	0	-0
12.874	11.467	0	-0
14.341	11.467	0	-0
15.807	11.467	0	-0
-14.985	10	0	-0
-13.519	10	0	-0
-12.053	10	0	-0
-10.587	10	0	-0
-9.1202	10	0	-0
-7.6539	10	0	-0
-6.1876	10	0	-0
-4.7213	10	0	-0
-3.255	10	-0.0024513	0.00041243
-1.7887	10	-0.0027109	0.0013762
-0.32241	10	-0.0027482	0.0021711
1.1439	10	-0.002754	0.002991
2.6102	10	-0.0027764	0.0035512
4.0765	10	-0.0027688	0.0042087
5.5428	10	-0.0029061	0.0048409
7.0091	10	-0.0021582	0.0056437
8.4754	10	0	-0
9.9417	10	0	-0
11.408	10	0	-0
12.874	10	0	-0
14.341	10	0	-0
15.807	10	0	-0
-14.985	8.534	0	-0
-13.519	8.534	0	-0
-12.053	8.534	0	-0
-10.587	8.534	0	-0
-9.1202	8.534	0	-0
-7.6539	8.534	0	-0
-6.1876	8.534	0	-0
-4.7213	8.534	0	-0
-3.255	8.534	-0.0017546	6.4671e-005
-1.7887	8.534	-0.0018482	0.0010097
-0.32241	8.534	-0.0018473	0.0019101
1.1439	8.534	-0.001883	0.0025229
2.6102	8.534	-0.0020266	0.0029255
4.0765	8.534	-0.0018895	0.0033181
5.5428	8.534	-0.0021102	0.0044015
7.0091	8.534	-0.0021917	0.0051333
8.4754	8.534	0	-0
9.9417	8.534	0	-0
11.408	8.534	0	-0
12.874	8.534	0	-0
14.341	8.534	0	-0
15.807	8.534	0	-0
-14.985	7.0677	0	-0
-13.519	7.0677	0	-0
-12.053	7.0677	0	-0
-10.587	7.0677	0	-0
-9.1202	7.0677	0	-0
-7.6539	7.0677	0	-0
-6.1876	7.0677	0	-0
-4.7213	7.0677	0	-0
-3.255	7.0677	-0.00087283	-0.00036408
-1.7887	7.0677	-0.0010826	0.00063759
-0.32241	7.0677	-0.0011284	0.0012492
1.1439	7.0677	-0.0013339	0.0019255
2.6102	7.0677	-0.0013373	0.0024243
4.0765	7.0677	-0.0013786	0.0030685
5.5428	7.0677	-0.0015016	0.0037965
7.0091	7.0677	-0.0015596	0.0044922
8.4754	7.0677	0	-0
9.9417	7.0677	0	-0
11.408	7.0677	0	-0
12.874	7.0677	0	-0
14.341	7.0677	0	-0
15.807	7.0677	0	-0
-14.985	5.6014	0	-0
-13.519	5.6014	0	-0
-12.053	5.6014	0	-0
-10.587	5.6014	0	-0
-9.1202	5.6014	0	-0
-7.6539	5.6014	0	-0
-6.1876	5.6014	0	-0
-4.7213	5.6014	0	-0
-3.255	5.6014	-0.00010219	-0.00083385
-1.7887	5.6014	-0.00046359	5.7338e-005
-0.32241	5.6014	-0.00051816	0.00074109
1.1439	5.6014	-0.00072846	0.0013208
2.6102	5.6014	-0.00079008	0.0018182
4.0765	5.6014	-0.00058569	0.002167
5.5428	5.6014	-0.00092448	0.00322
7.0091	5.6014	-0.001068	0.0040826
8.4754	5.6014	0	-0
9.9417	5.6014	0	-0
11.408	5.6014	0	-0
12.874	5.6014	0	-0
14.341	5.6014	0	-0
15.807	5.6014	0	-0
-14.985	4.1351	0	-0
-13.519	4.1351	0	-0
-12.053	4.1351	0	-0
-10.587	4.1351	0	-0
-9.1202	4.1351	0	-0
-7.6539	4.1351	0	-0
-6.1876	4.1351	0	-0
-4.7213	4.1351	0	-0
-3.255	4.1351	0.00037894	-0.0012442
-1.7887	4.1351	0.000155	-0.00044133
-0.32241	4.1351	9.8754e-005	0.00023713
1.1439	4.1351	-8.7087e-005	0.00085774
2.6102	4.1351	-0.00034777	0.0015627
4.0765	4.1351	-0.00017456	0.0018009
5.5428	4.1351	-0.00042083	0.002856
7.0091	4.1351	-0.00050339	0.0038921
8.4754	4.1351	0	-0
9.9417	4.1351	0	-0
11.408	4.1351	0	-0
12.874	4.1351	0	-0
14.341	4.1351	0	-0
15.807	4.1351	0	-0
-14.985	2.6688	0	-0
-13.519	2.6688	0	-0
-12.053	2.6688	0	-0
-10.587	2.6688	0	-0
-9.1202	2.6688	0	-0
-7.6539	2.6688	0	-0
-6.1876	2.6688	0	-0
-4.7213	2.6688	0	-0
-3.255	2.6688	0.00085727	-0.0015894
-1.7887	2.6688	0.00073865	-0.00089613
-0.32241	2.6688	0.00065098	-0.00022471
1.1439	2.6688	0.000389	0.00047179
2.6102	2.6688	0.00034805	0.0011386
4.0765	2.6688	0.00028746	0.0018813
5.5428	2.6688	-3.0561e-006	0.0024584
7.0091	2.6688	3.9964e-005	0.0032996
8.4754	2.6688	0	-0
9.9417	2.6688	0	-0
11.408	2.6688	0	-0
12.874	2.6688	0	-0
14.341	2.6688	0	-0
15.807	2.6688	0	-0
-14.985	1.2025	0	-0
-13.519	1.2025	0	-0
-12.053	1.2025	0	-0
-10.587	1.2025	0	-0
-9.1202	1.2025	0	-0
-7.6539	1.2025	0	-0
-6.1876	1.2025	0	-0
-4.7213	1.2025	0	-0
-3.255	1.2025	0.0014132	-0.0019209
-1.7887	1.2025	0.0013181	-0.0013085
-0.32241	1.2025	0.001249	-0.00059991
1.1439	1.2025	0.0010568	0.00018216
2.6102	1.2025	0.00098882	0.00081298
4.0765	1.2025	0.00083613	0.001582
5.5428	1.2025	0.00072308	0.0021342
7.0091	1.2025	0.00038369	0.0029931
8.4754	1.2025	0	-0
9.9417	1.2025	0	-0
11.408	1.2025	0	-0
12.874	1.2025	0	-0
14.341	1.2025	0	-0
15.807	1.2025	0	-0
-14.985	-0.2638	0	-0
-13.519	-0.2638	0	-0
-12.053	-0.2638	0	-0
-10.587	-0.2638	0	-0
-9.1202	-0.2638	0	-0
-7.6539	-0.2638	0	-0
-6.1876	-0.2638	0	-0
-4.7213	-0.2638	0	-0
-3.255	-0.2638	0.0019427	-0.0022718
-1.7887	-0.2638	0.00186	-0.0016546
-0.32241	-0.2638	0.0017708	-0.00098666
1.1439	-0.2638	0.0017758	-0.00031274
2.6102	-0.2638	0.0016148	0.00029401
4.0765	-0.2638	0.0013621	0.0010264
5.5428	-0.2638	0.0010897	0.0015685
7.0091	-0.2638	0.00081135	0.0024193
8.4754	-0.2638	0	-0
9.9417	-0.2638	0	-0
11.408	-0.2638	0	-0
12.874	-0.2638	0	-0
14.341	-0.2638	0	-0
15.807	-0.2638	0	-0
-14.985	-1.7301	0	-0
-13.519	-1.7301	0	-0
-12.053	-1.7301	0	-0
-10.587	-1.7301	0	-0
-9.1202	-1.7301	0	-0
-7.6539	-1.7301	0	-0
-6.1876	-1.7301	0	-0
-4.7213	-1.7301	0	-0
-3.255	-1.7301	0.0024043	-0.0025984
-1.7887	-1.7301	0.0024011	-0.0020125
-0.32241	-1.7301	0.002403	-0.0014174
1.1439	-1.7301	0.0027095	-0.0012719
2.6102	-1.7301	0.0020617	-0.00023767
4.0765	-1.7301	0.0018375	0.00041141
5.5428	-1.7301	0.0015263	0.0010084
7.0091	-1.7301	0.0012568	0.0017412
8.4754	-1.7301	0	-0
9.9417	-1.7301	0	-0
11.408	-1.7301	0	-0
12.874	-1.7301	0	-0
14.341	-1.7301	0	-0
15.807	-1.7301	0	-0
-14.985	-3.1964	0	-0
-13.519	-3.1964	0	-0
-12.053	-3.1964	0	-0
-10.587	-3.1964	0	-0
-9.1202	-3.1964	0	-0
-7.6539	-3.1964	0	-0
-6.1876	-3.1964	0	-0
-4.7213	-3.1964	0	-0
-3.255	-3.1964	0.0031598	-0.0030607
-1.7887	-3.1964	0.0030085	-0.0024099
-0.32241	-3.1964	0.0029972	-0.0017806
1.1439	-3.1964	0.0029323	-0.0013279
2.6102	-3.1964	0.0026857	-0.00081002
4.0765	-3.1964	0.0023538	-0.00023212
5.5428	-3.1964	0.0021897	0.00035756
7.0091	-3.1964	0.0017569	0.0011254
8.4754	-3.1964	0	-0
9.9417	-3.1964	0	-0
11.408	-3.1964	0	-0
12.874	-3.1964	0	-0
14.341	-3.1964	0	-0
15.807	-3.1964	0	-0
-14.985	-4.6627	0	-0
-13.519	-4.6627	0	-0
-12.053	-4.6627	0	-0
-10.587	-4.6627	0	-0
-9.1202	-4.6627	0	-0
-7.6539	-4.6627	0	-0
-6.1876	-4.6627	0	-0
-4.7213	-4.6627	0	-0
-3.255	-4.6627	0.0037088	-0.0034211
-1.7887	-4.6627	0.0035428	-0.0026987
-0.32241	-4.6627	0.003633	-0.0022817
1.1439	-4.6627	0.0035273	-0.001839
2.6102	-4.6627	0.0033233	-0.0013783
4.0765	-4.6627	0.0029609	-0.00096903
5.5428	-4.6627	0.002744	-0.00025617
7.0091	-4.6627	0.002234	0.00048098
8.4754	-4.6627	0	-0
9.9417	-4.6627	0	-0
11.408	-4.6627	0	-0
12.874	-4.6627	0	-0
14.341	-4.6627	0	-0
15.807	-4.6627	0	-0
-14.985	-6.129	0	-0
-13.519	-6.129	0	-0
-12.053	-6.129	0	-0
-10.587	-6.129	0	-0
-9.1202	-6.129	0	-0
-7.6539	-6.129	0	-0
-6.1876	-6.129	0	-0
-4.7213	-6.129	0	-0
-3.255	-6.129	0.0042579	-0.0036168
-1.7887	-6.129	0.0041101	-0.0031162
-0.32241	-6.129	0.0040801	-0.0027159
1.1439	-6.129	0.0039424	-0.0022674
2.6102	-6.129	0.0037452	-0.0019955
4.0765	-6.129	0.0033807	-0.0015788
5.5428	-6.129	0.0032196	-0.00087363
7.0091	-6.129	0.0027525	-0.00034356
8.4754	-6.129	0	-0
9.9417	-6.129	0	-0
11.408	-6.129	0	-0
12.874	-6.129	0	-0
14.341	-6.129	0	-0
15.807	-6.129	0	-0
-14.985	-7.5953	0	-0
-13.519	-7.5953	0	-0
-12.053	-7.5953	0	-0
-10.587	-7.5953	0	-0
-9.1202	-7.5953	0	-0
-7.6539	-7.5953	0	-0
-6.1876	-7.5953	0	-0
-4.7213	-7.5953	0	-0
-3.255	-7.5953	0.0046404	-0.0040864
-1.7887	-7.5953	0.0045241	-0.0036574
-0.32241	-7.5953	0.0044557	-0.0031973
1.1439	-7.5953	0.004302	-0.0027991
2.6102	-7.5953	0.0041293	-0.0025214
4.0765	-7.5953	0.0040029	-0.0020549
5.5428	-7.5953	0.0037701	-0.0014933
7.0091	-7.5953	0.0033287	-0.00092802
8.4754	-7.5953	0	-0
9.9417	-7.5953	0	-0
11.408	-7.5953	0	-0
12.874	-7.5953	0	-0
14.341	-7.5953	0	-0
15.807	-7.5953	0	-0
-14.985	-9.0616	0	-0
-13.519	-9.0616	0	-0
-12.053	-9.0616	0	-0
-10.587	-9.0616	0	-0
-9.1202	-9.0616	0	-0
-7.6539	-9.0616	0	-0
-6.1876	-9.0616	0	-0
-4.7213	-9.0616	0	-0
-3.255	-9.0616	0.0049508	-0.0044258
-1.7887	-9.0616	0.0049151	-0.0041522
-0.32241	-9.0616	0.0048706	-0.0037345
1.1439	-9.0616	0.0047607	-0.0033508
2.6102	-9.0616	0.0046072	-0.0029555
4.0765	-9.0616	0.0045023	-0.0025608
5.5428	-9.0616	0.0043227	-0.0019456
7.0091	-9.0616	0.0037233	-0.0016615
8.4754	-9.0616	0	-0
9.9417	-9.0616	0	-0
11.408	-9.0616	0	-0
12.874	-9.0616	0	-0
14.341	-9.0616	0	-0
15.807	-9.0616	0	-0
-14.985	-10.528	0	-0
-13.519	-10.528	0	-0
-12.053	-10.528	0	-0
-10.587	-10.528	0	-0
-9.1202	-10.528	0	-0
-7.6539	-10.528	0	-0
-6.1876	-10.528	0	-0
-4.7213	-10.528	0	-0
-3.255	-10.528	0.0053554	-0.0049744
-1.7887	-10.528	0.0052865	-0.0047019
-0.32241	-10.528	0.0052067	-0.0043119
1.1439	-10.528	0.0051164	-0.0040586
2.6102	-10.528	0.0049453	-0.0036819
4.0765	-10.528	0.0047804	-0.0031057
5.5428	-10.528	0.0046501	-0.0026629
7.0091	-10.528	0.0041192	-0.002353
8.4754	-10.528	0	-0
9.9417	-10.528	0	-0
11.408	-10.528	0	-0
12.874	-10.528	0	-0
14.341	-10.528	0	-0
15.807	-10.528	0	-0
-14.985	-11.994	0	-0
-13.519	-11.994	0	-0
-12.053	-11.994	0	-0
-10.587	-11.994	0	-0
-9.1202	-11.994	0	-0
-7.6539	-11.994	0	-0
-6.1876	-11.994	0	-0
-4.7213	-11.994	0	-0
-3.255	-11.994	0	-0
-1.7887	-11.994	0	-0
-0.32241	-11.994	0	-0
1.1439	-11.994	0	-0
2.6102	-11.994	0	-0
4.0765	-11.994	0	-0
5.5428	-11.994	0	-0
7.0091	-11.994	0	-0
8.4754	-11.994	0	-0
9.9417	-11.994	0	-0
11.408	-11.994	0	-0
12.874	-11.994	0	-0
14.341	-11.994	0	-0
15.807	-11.994	0	-0
