#DaVis 7.4.0 2D-vector 96 22 22 "" "[mm]" "" "[mm]" "displacement" "[mm]"
-14.985	18.798	0	-0
-13.519	18.798	0	-0
-12.053	18.798	0	-0
-10.587	18.798	0	-0
-9.1202	18.798	0	-0
-7.6539	18.798	0	-0
-6.1876	18.798	0	-0
-4.7213	18.798	0	-0
-3.255	18.798	-0.013698	0.015079
-1.7887	18.798	-0.014404	0.016721
-0.32241	18.798	-0.013996	0.01811
1.1439	18.798	-0.015216	0.020552
2.6102	18.798	-0.01443	0.021503
4.0765	18.798	-0.012423	0.020337
5.5428	18.798	-0.011129	0.02277
7.0091	18.798	-0.0051287	0.01837
8.4754	18.798	0	-0
9.9417	18.798	0	-0
11.408	18.798	0	-0
12.874	18.798	0	-0
14.341	18.798	0	-0
15.807	18.798	0	-0
-14.985	17.332	0	-0
-13.519	17.332	0	-0
-12.053	17.332	0	-0
-10.587	17.332	0	-0
-9.1202	17.332	0	-0
-7.6539	17.332	0	-0
-6.1876	17.332	0	-0
-4.7213	17.332	0	-0
-3.255	17.332	-0.011777	0.014827
-1.7887	17.332	-0.012134	0.015397
-0.32241	17.332	-0.012236	0.016748
1.1439	17.332	-0.01283	0.018432
2.6102	17.332	-0.012269	0.021054
4.0765	17.332	-0.01226	0.021685
5.5428	17.332	-0.0098161	0.022898
7.0091	17.332	-0.0054628	0.023565
8.4754	17.332	0	-0
9.9417	17.332	0	-0
11.408	17.332	0	-0
12.874	17.332	0	-0
14.341	17.332	0	-0
15.807	17.332	0	-0
-14.985	15.866	0	-0
-13.519	15.866	0	-0
-12.053	15.866	0	-0
-10.587	15.866	0	-0
-9.1202	15.866	0	-0
-7.6539	15.866	0	-0
-6.1876	15.866	0	-0
-4.7213	15.866	0	-0
-3.255	15.866	-0.010209	0.011762
-1.7887	15.866	-0.010684	0.013503
-0.32241	15.866	-0.010715	0.015763
1.1439	15.866	-0.010939	0.01769
2.6102	15.866	-0.011062	0.018496
4.0765	15.866	-0.01207	0.020563
5.5428	15.866	-0.0095024	0.021998
7.0091	15.866	-0.0059648	0.022543
8.4754	15.866	0	-0
9.9417	15.866	0	-0
11.408	15.866	0	-0
12.874	15.866	0	-0
14.341	15.866	0	-0
15.807	15.866	0	-0
-14.985	14.399	0	-0
-13.519	14.399	0	-0
-12.053	14.399	0	-0
-10.587	14.399	0	-0
-9.1202	14.399	0	-0
-7.6539	14.399	0	-0
-6.1876	14.399	0	-0
-4.7213	14.399	0	-0
-3.255	14.399	-0.0090715	0.0096124
-1.7887	14.399	-0.0094944	0.011662
-0.32241	14.399	-0.0094723	0.01379
1.1439	14.399	-0.0096518	0.016047
2.6102	14.399	-0.0092081	0.016579
4.0765	14.399	-0.010233	0.018328
5.5428	14.399	-0.0085973	0.019887
7.0091	14.399	-0.0050607	0.02058
8.4754	14.399	0	-0
9.9417	14.399	0	-0
11.408	14.399	0	-0
12.874	14.399	0	-0
14.341	14.399	0	-0
15.807	14.399	0	-0
-14.985	12.933	0	-0
-13.519	12.933	0	-0
-12.053	12.933	0	-0
-10.587	12.933	0	-0
-9.1202	12.933	0	-0
-7.6539	12.933	0	-0
-6.1876	12.933	0	-0
-4.7213	12.933	0	-0
-3.255	12.933	-0.0080243	0.0079016
-1.7887	12.933	-0.0082617	0.010194
-0.32241	12.933	-0.0083588	0.012157
1.1439	12.933	-0.0078877	0.013521
2.6102	12.933	-0.0080278	0.01466
4.0765	12.933	-0.0081499	0.016105
5.5428	12.933	-0.0075066	0.017481
7.0091	12.933	-0.0051118	0.018562
8.4754	12.933	0	-0
9.9417	12.933	0	-0
11.408	12.933	0	-0
12.874	12.933	0	-0
14.341	12.933	0	-0
15.807	12.933	0	-0
-14.985	11.467	0	-0
-13.519	11.467	0	-0
-12.053	11.467	0	-0
-10.587	11.467	0	-0
-9.1202	11.467	0	-0
-7.6539	11.467	0	-0
-6.1876	11.467	0	-0
-4.7213	11.467	0	-0
-3.255	11.467	-0.0066128	0.0054418
-1.7887	11.467	-0.0069787	0.0080783
-0.32241	11.467	-0.0070499	0.010123
1.1439	11.467	-0.0064909	0.011907
2.6102	11.467	-0.0061896	0.013222
4.0765	11.467	-0.0062643	0.014414
5.5428	11.467	-0.0062606	0.015624
7.0091	11.467	-0.0051743	0.016747
8.4754	11.467	0	-0
9.9417	11.467	0	-0
11.408	11.467	0	-0
12.874	11.467	0	-0
14.341	11.467	0	-0
15.807	11.467	0	-0
-14.985	10	0	-0
-13.519	10	0	-0
-12.053	10	0	-0
-10.587	10	0	-0
-9.1202	10	0	-0
-7.6539	10	0	-0
-6.1876	10	0	-0
-4.7213	10	0	-0
-3.255	10	-0.0049607	0.0037038
-1.7887	10	-0.0050142	0.0062378
-0.32241	10	-0.0049726	0.00847
1.1439	10	-0.0048039	0.010462
2.6102	10	-0.0048114	0.011632
4.0765	10	-0.0048891	0.012649
5.5428	10	-0.0047881	0.013439
7.0091	10	-0.0046853	0.014758
8.4754	10	0	-0
9.9417	10	0	-0
11.408	10	0	-0
12.874	10	0	-0
14.341	10	0	-0
15.807	10	0	-0
-14.985	8.534	0	-0
-13.519	8.534	0	-0
-12.053	8.534	0	-0
-10.587	8.534	0	-0
-9.1202	8.534	0	-0
-7.6539	8.534	0	-0
-6.1876	8.534	0	-0
-4.7213	8.534	0	-0
-3.255	8.534	-0.0034615	0.0020648
-1.7887	8.534	-0.003359	0.0046563
-0.32241	8.534	-0.0030543	0.0068242
1.1439	8.534	-0.0031098	0.0082618
2.6102	8.534	-0.0032154	0.0091084
4.0765	8.534	-0.0033001	0.010224
5.5428	8.534	-0.0034911	0.011183
7.0091	8.534	-0.0035346	0.012535
8.4754	8.534	0	-0
9.9417	8.534	0	-0
11.408	8.534	0	-0
12.874	8.534	0	-0
14.341	8.534	0	-0
15.807	8.534	0	-0
-14.985	7.0677	0	-0
-13.519	7.0677	0	-0
-12.053	7.0677	0	-0
-10.587	7.0677	0	-0
-9.1202	7.0677	0	-0
-7.6539	7.0677	0	-0
-6.1876	7.0677	0	-0
-4.7213	7.0677	0	-0
-3.255	7.0677	-0.0016286	0.0003399
-1.7887	7.0677	-0.0018779	0.0026367
-0.32241	7.0677	-0.0021731	0.0041441
1.1439	7.0677	-0.002295	0.0054377
2.6102	7.0677	-0.0020289	0.006552
4.0765	7.0677	-0.002067	0.0077697
5.5428	7.0677	-0.0023404	0.0087641
7.0091	7.0677	-0.0023566	0.01031
8.4754	7.0677	0	-0
9.9417	7.0677	0	-0
11.408	7.0677	0	-0
12.874	7.0677	0	-0
14.341	7.0677	0	-0
15.807	7.0677	0	-0
-14.985	5.6014	0	-0
-13.519	5.6014	0	-0
-12.053	5.6014	0	-0
-10.587	5.6014	0	-0
-9.1202	5.6014	0	-0
-7.6539	5.6014	0	-0
-6.1876	5.6014	0	-0
-4.7213	5.6014	0	-0
-3.255	5.6014	-0.00012362	-0.0016265
-1.7887	5.6014	-0.00059384	0.00021309
-0.32241	5.6014	-0.00096385	0.0017354
1.1439	5.6014	-0.0017198	0.0032501
2.6102	5.6014	-0.0019356	0.0041225
4.0765	5.6014	-0.00034094	0.0055883
5.5428	5.6014	-0.0013037	0.0066769
7.0091	5.6014	-0.0014941	0.0085063
8.4754	5.6014	0	-0
9.9417	5.6014	0	-0
11.408	5.6014	0	-0
12.874	5.6014	0	-0
14.341	5.6014	0	-0
15.807	5.6014	0	-0
-14.985	4.1351	0	-0
-13.519	4.1351	0	-0
-12.053	4.1351	0	-0
-10.587	4.1351	0	-0
-9.1202	4.1351	0	-0
-7.6539	4.1351	0	-0
-6.1876	4.1351	0	-0
-4.7213	4.1351	0	-0
-3.255	4.1351	0.00079302	-0.0036866
-1.7887	4.1351	0.0003156	-0.0019341
-0.32241	4.1351	9.061e-007	-0.00077456
1.1439	4.1351	-0.00024331	0.0011
2.6102	4.1351	-0.00080533	0.0024228
4.0765	4.1351	0.00018853	0.0038596
5.5428	4.1351	-0.00046654	0.0047269
7.0091	4.1351	-0.00039899	0.0066077
8.4754	4.1351	0	-0
9.9417	4.1351	0	-0
11.408	4.1351	0	-0
12.874	4.1351	0	-0
14.341	4.1351	0	-0
15.807	4.1351	0	-0
-14.985	2.6688	0	-0
-13.519	2.6688	0	-0
-12.053	2.6688	0	-0
-10.587	2.6688	0	-0
-9.1202	2.6688	0	-0
-7.6539	2.6688	0	-0
-6.1876	2.6688	0	-0
-4.7213	2.6688	0	-0
-3.255	2.6688	0.001452	-0.0057248
-1.7887	2.6688	0.0012961	-0.004282
-0.32241	2.6688	0.0013497	-0.0027829
1.1439	2.6688	0.00069189	-0.0011827
2.6102	2.6688	0.00047355	0.00041557
4.0765	2.6688	0.00045758	0.0019026
5.5428	2.6688	7.422e-005	0.00269
7.0091	2.6688	0.00030477	0.004415
8.4754	2.6688	0	-0
9.9417	2.6688	0	-0
11.408	2.6688	0	-0
12.874	2.6688	0	-0
14.341	2.6688	0	-0
15.807	2.6688	0	-0
-14.985	1.2025	0	-0
-13.519	1.2025	0	-0
-12.053	1.2025	0	-0
-10.587	1.2025	0	-0
-9.1202	1.2025	0	-0
-7.6539	1.2025	0	-0
-6.1876	1.2025	0	-0
-4.7213	1.2025	0	-0
-3.255	1.2025	0.0021228	-0.0075759
-1.7887	1.2025	0.0021647	-0.0060708
-0.32241	1.2025	0.0021663	-0.0047392
1.1439	1.2025	0.0018398	-0.0029153
2.6102	1.2025	0.0020912	-0.0010542
4.0765	1.2025	0.0015366	9.4898e-005
5.5428	1.2025	0.0014145	0.0011596
7.0091	1.2025	0.00077541	0.0026275
8.4754	1.2025	0	-0
9.9417	1.2025	0	-0
11.408	1.2025	0	-0
12.874	1.2025	0	-0
14.341	1.2025	0	-0
15.807	1.2025	0	-0
-14.985	-0.2638	0	-0
-13.519	-0.2638	0	-0
-12.053	-0.2638	0	-0
-10.587	-0.2638	0	-0
-9.1202	-0.2638	0	-0
-7.6539	-0.2638	0	-0
-6.1876	-0.2638	0	-0
-4.7213	-0.2638	0	-0
-3.255	-0.2638	0.0027122	-0.009177
-1.7887	-0.2638	0.0029392	-0.0077148
-0.32241	-0.2638	0.0030259	-0.0064499
1.1439	-0.2638	0.0030733	-0.0047734
2.6102	-0.2638	0.0032601	-0.0031082
4.0765	-0.2638	0.0024249	-0.0020578
5.5428	-0.2638	0.0017247	-0.0010744
7.0091	-0.2638	0.0012468	0.00032025
8.4754	-0.2638	0	-0
9.9417	-0.2638	0	-0
11.408	-0.2638	0	-0
12.874	-0.2638	0	-0
14.341	-0.2638	0	-0
15.807	-0.2638	0	-0
-14.985	-1.7301	0	-0
-13.519	-1.7301	0	-0
-12.053	-1.7301	0	-0
-10.587	-1.7301	0	-0
-9.1202	-1.7301	0	-0
-7.6539	-1.7301	0	-0
-6.1876	-1.7301	0	-0
-4.7213	-1.7301	0	-0
-3.255	-1.7301	0.0035211	-0.010758
-1.7887	-1.7301	0.0039424	-0.0094074
-0.32241	-1.7301	0.0041154	-0.0081665
1.1439	-1.7301	0.0054278	-0.0073944
2.6102	-1.7301	0.0038031	-0.0055007
4.0765	-1.7301	0.0031466	-0.0043752
5.5428	-1.7301	0.002258	-0.0034383
7.0091	-1.7301	0.0018365	-0.0021525
8.4754	-1.7301	0	-0
9.9417	-1.7301	0	-0
11.408	-1.7301	0	-0
12.874	-1.7301	0	-0
14.341	-1.7301	0	-0
15.807	-1.7301	0	-0
-14.985	-3.1964	0	-0
-13.519	-3.1964	0	-0
-12.053	-3.1964	0	-0
-10.587	-3.1964	0	-0
-9.1202	-3.1964	0	-0
-7.6539	-3.1964	0	-0
-6.1876	-3.1964	0	-0
-4.7213	-3.1964	0	-0
-3.255	-3.1964	0.0048925	-0.012497
-1.7887	-3.1964	0.0051305	-0.011129
-0.32241	-3.1964	0.0052844	-0.0098357
1.1439	-3.1964	0.0052741	-0.0090809
2.6102	-3.1964	0.0046109	-0.0084041
4.0765	-3.1964	0.0037813	-0.0072721
5.5428	-3.1964	0.0030856	-0.0065533
7.0091	-3.1964	0.002435	-0.0051863
8.4754	-3.1964	0	-0
9.9417	-3.1964	0	-0
11.408	-3.1964	0	-0
12.874	-3.1964	0	-0
14.341	-3.1964	0	-0
15.807	-3.1964	0	-0
-14.985	-4.6627	0	-0
-13.519	-4.6627	0	-0
-12.053	-4.6627	0	-0
-10.587	-4.6627	0	-0
-9.1202	-4.6627	0	-0
-7.6539	-4.6627	0	-0
-6.1876	-4.6627	0	-0
-4.7213	-4.6627	0	-0
-3.255	-4.6627	0.005944	-0.014195
-1.7887	-4.6627	0.0061656	-0.012982
-0.32241	-4.6627	0.0062017	-0.012052
1.1439	-4.6627	0.0060612	-0.011754
2.6102	-4.6627	0.0055236	-0.011136
4.0765	-4.6627	0.0046014	-0.010623
5.5428	-4.6627	0.0041606	-0.0093434
7.0091	-4.6627	0.0030334	-0.007926
8.4754	-4.6627	0	-0
9.9417	-4.6627	0	-0
11.408	-4.6627	0	-0
12.874	-4.6627	0	-0
14.341	-4.6627	0	-0
15.807	-4.6627	0	-0
-14.985	-6.129	0	-0
-13.519	-6.129	0	-0
-12.053	-6.129	0	-0
-10.587	-6.129	0	-0
-9.1202	-6.129	0	-0
-7.6539	-6.129	0	-0
-6.1876	-6.129	0	-0
-4.7213	-6.129	0	-0
-3.255	-6.129	0.0068904	-0.015638
-1.7887	-6.129	0.0070313	-0.014851
-0.32241	-6.129	0.0068613	-0.014326
1.1439	-6.129	0.0064529	-0.01397
2.6102	-6.129	0.0059473	-0.013821
4.0765	-6.129	0.0051544	-0.013173
5.5428	-6.129	0.0047917	-0.011898
7.0091	-6.129	0.0037968	-0.010878
8.4754	-6.129	0	-0
9.9417	-6.129	0	-0
11.408	-6.129	0	-0
12.874	-6.129	0	-0
14.341	-6.129	0	-0
15.807	-6.129	0	-0
-14.985	-7.5953	0	-0
-13.519	-7.5953	0	-0
-12.053	-7.5953	0	-0
-10.587	-7.5953	0	-0
-9.1202	-7.5953	0	-0
-7.6539	-7.5953	0	-0
-6.1876	-7.5953	0	-0
-4.7213	-7.5953	0	-0
-3.255	-7.5953	0.0072888	-0.017196
-1.7887	-7.5953	0.0072785	-0.016845
-0.32241	-7.5953	0.0070942	-0.016417
1.1439	-7.5953	0.006768	-0.016113
2.6102	-7.5953	0.0064776	-0.015993
4.0765	-7.5953	0.0062592	-0.015002
5.5428	-7.5953	0.005695	-0.014225
7.0091	-7.5953	0.0045979	-0.01324
8.4754	-7.5953	0	-0
9.9417	-7.5953	0	-0
11.408	-7.5953	0	-0
12.874	-7.5953	0	-0
14.341	-7.5953	0	-0
15.807	-7.5953	0	-0
-14.985	-9.0616	0	-0
-13.519	-9.0616	0	-0
-12.053	-9.0616	0	-0
-10.587	-9.0616	0	-0
-9.1202	-9.0616	0	-0
-7.6539	-9.0616	0	-0
-6.1876	-9.0616	0	-0
-4.7213	-9.0616	0	-0
-3.255	-9.0616	0.0071877	-0.018794
-1.7887	-9.0616	0.0072443	-0.018777
-0.32241	-9.0616	0.0070989	-0.018438
1.1439	-9.0616	0.0069676	-0.018072
2.6102	-9.0616	0.0069598	-0.017899
4.0765	-9.0616	0.0067894	-0.017474
5.5428	-9.0616	0.006128	-0.016426
7.0091	-9.0616	0.00495	-0.016514
8.4754	-9.0616	0	-0
9.9417	-9.0616	0	-0
11.408	-9.0616	0	-0
12.874	-9.0616	0	-0
14.341	-9.0616	0	-0
15.807	-9.0616	0	-0
-14.985	-10.528	0	-0
-13.519	-10.528	0	-0
-12.053	-10.528	0	-0
-10.587	-10.528	0	-0
-9.1202	-10.528	0	-0
-7.6539	-10.528	0	-0
-6.1876	-10.528	0	-0
-4.7213	-10.528	0	-0
-3.255	-10.528	0.0070359	-0.020779
-1.7887	-10.528	0.0072083	-0.021204
-0.32241	-10.528	0.0071397	-0.021258
1.1439	-10.528	0.0068338	-0.020966
2.6102	-10.528	0.0067914	-0.021075
4.0765	-10.528	0.0064986	-0.02005
5.5428	-10.528	0.0061256	-0.019303
7.0091	-10.528	0.0051398	-0.020058
8.4754	-10.528	0	-0
9.9417	-10.528	0	-0
11.408	-10.528	0	-0
12.874	-10.528	0	-0
14.341	-10.528	0	-0
15.807	-10.528	0	-0
-14.985	-11.994	0	-0
-13.519	-11.994	0	-0
-12.053	-11.994	0	-0
-10.587	-11.994	0	-0
-9.1202	-11.994	0	-0
-7.6539	-11.994	0	-0
-6.1876	-11.994	0	-0
-4.7213	-11.994	0	-0
-3.255	-11.994	0	-0
-1.7887	-11.994	0	-0
-0.32241	-11.994	0	-0
1.1439	-11.994	0	-0
2.6102	-11.994	0	-0
4.0765	-11.994	0	-0
5.5428	-11.994	0	-0
7.0091	-11.994	0	-0
8.4754	-11.994	0	-0
9.9417	-11.994	0	-0
11.408	-11.994	0	-0
12.874	-11.994	0	-0
14.341	-11.994	0	-0
15.807	-11.994	0	-0
