#DaVis 7.4.0 2D-vector 96 22 22 "" "[mm]" "" "[mm]" "displacement" "[mm]"
-14.985	18.798	0	-0
-13.519	18.798	0	-0
-12.053	18.798	0	-0
-10.587	18.798	0	-0
-9.1202	18.798	0	-0
-7.6539	18.798	0	-0
-6.1876	18.798	0	-0
-4.7213	18.798	0	-0
-3.255	18.798	-0.01977	0.01899
-1.7887	18.798	-0.021234	0.028857
-0.32241	18.798	-0.96151	-0.73387
1.1439	18.798	-0.022505	0.033167
2.6102	18.798	-0.021486	0.027069
4.0765	18.798	-0.019094	-0.79859
5.5428	18.798	-0.018716	0.045145
7.0091	18.798	-0.012256	0.047903
8.4754	18.798	0	-0
9.9417	18.798	0	-0
11.408	18.798	0	-0
12.874	18.798	0	-0
14.341	18.798	0	-0
15.807	18.798	0	-0
-14.985	17.332	0	-0
-13.519	17.332	0	-0
-12.053	17.332	0	-0
-10.587	17.332	0	-0
-9.1202	17.332	0	-0
-7.6539	17.332	0	-0
-6.1876	17.332	0	-0
-4.7213	17.332	0	-0
-3.255	17.332	-0.017588	0.031736
-1.7887	17.332	-0.017302	0.033123
-0.32241	17.332	-0.017265	0.03528
1.1439	17.332	-0.018582	0.037643
2.6102	17.332	-0.018062	0.041155
4.0765	17.332	-0.018603	0.043051
5.5428	17.332	-0.01611	0.045358
7.0091	17.332	-0.011609	0.048954
8.4754	17.332	0	-0
9.9417	17.332	0	-0
11.408	17.332	0	-0
12.874	17.332	0	-0
14.341	17.332	0	-0
15.807	17.332	0	-0
-14.985	15.866	0	-0
-13.519	15.866	0	-0
-12.053	15.866	0	-0
-10.587	15.866	0	-0
-9.1202	15.866	0	-0
-7.6539	15.866	0	-0
-6.1876	15.866	0	-0
-4.7213	15.866	0	-0
-3.255	15.866	-0.013748	0.025642
-1.7887	15.866	-0.014359	0.030054
-0.32241	15.866	-0.01467	0.033191
1.1439	15.866	-0.015229	0.035442
2.6102	15.866	-0.015706	0.037422
4.0765	15.866	-0.016579	0.039895
5.5428	15.866	-0.015192	0.043136
7.0091	15.866	-0.01136	0.045316
8.4754	15.866	0	-0
9.9417	15.866	0	-0
11.408	15.866	0	-0
12.874	15.866	0	-0
14.341	15.866	0	-0
15.807	15.866	0	-0
-14.985	14.399	0	-0
-13.519	14.399	0	-0
-12.053	14.399	0	-0
-10.587	14.399	0	-0
-9.1202	14.399	0	-0
-7.6539	14.399	0	-0
-6.1876	14.399	0	-0
-4.7213	14.399	0	-0
-3.255	14.399	-0.012229	0.021776
-1.7887	14.399	-0.013097	0.026477
-0.32241	14.399	-0.012956	0.028704
1.1439	14.399	-0.012762	0.032187
2.6102	14.399	-0.012683	0.033407
4.0765	14.399	-0.014186	0.036002
5.5428	14.399	-0.012971	0.038681
7.0091	14.399	-0.0095022	0.040649
8.4754	14.399	0	-0
9.9417	14.399	0	-0
11.408	14.399	0	-0
12.874	14.399	0	-0
14.341	14.399	0	-0
15.807	14.399	0	-0
-14.985	12.933	0	-0
-13.519	12.933	0	-0
-12.053	12.933	0	-0
-10.587	12.933	0	-0
-9.1202	12.933	0	-0
-7.6539	12.933	0	-0
-6.1876	12.933	0	-0
-4.7213	12.933	0	-0
-3.255	12.933	-0.010717	0.017652
-1.7887	12.933	-0.011407	0.021345
-0.32241	12.933	-0.011803	0.024822
1.1439	12.933	-0.01091	0.026951
2.6102	12.933	-0.011449	0.029484
4.0765	12.933	-0.011421	0.031478
5.5428	12.933	-0.011198	0.033718
7.0091	12.933	-0.0086577	0.035606
8.4754	12.933	0	-0
9.9417	12.933	0	-0
11.408	12.933	0	-0
12.874	12.933	0	-0
14.341	12.933	0	-0
15.807	12.933	0	-0
-14.985	11.467	0	-0
-13.519	11.467	0	-0
-12.053	11.467	0	-0
-10.587	11.467	0	-0
-9.1202	11.467	0	-0
-7.6539	11.467	0	-0
-6.1876	11.467	0	-0
-4.7213	11.467	0	-0
-3.255	11.467	-0.0085875	0.013042
-1.7887	11.467	-0.0092727	0.017242
-0.32241	11.467	-0.0097743	0.020426
1.1439	11.467	-0.0089034	0.023124
2.6102	11.467	-0.0089763	0.025568
4.0765	11.467	-0.0090463	0.027358
5.5428	11.467	-0.0091768	0.029105
7.0091	11.467	-0.008181	0.030966
8.4754	11.467	0	-0
9.9417	11.467	0	-0
11.408	11.467	0	-0
12.874	11.467	0	-0
14.341	11.467	0	-0
15.807	11.467	0	-0
-14.985	10	0	-0
-13.519	10	0	-0
-12.053	10	0	-0
-10.587	10	0	-0
-9.1202	10	0	-0
-7.6539	10	0	-0
-6.1876	10	0	-0
-4.7213	10	0	-0
-3.255	10	-0.0059474	0.0091827
-1.7887	10	-0.0064737	0.013927
-0.32241	10	-0.0062316	0.017619
1.1439	10	-0.0063982	0.020138
2.6102	10	-0.0064856	0.021661
4.0765	10	-0.0068148	0.023206
5.5428	10	-0.007224	0.024316
7.0091	10	-0.0071626	0.026559
8.4754	10	0	-0
9.9417	10	0	-0
11.408	10	0	-0
12.874	10	0	-0
14.341	10	0	-0
15.807	10	0	-0
-14.985	8.534	0	-0
-13.519	8.534	0	-0
-12.053	8.534	0	-0
-10.587	8.534	0	-0
-9.1202	8.534	0	-0
-7.6539	8.534	0	-0
-6.1876	8.534	0	-0
-4.7213	8.534	0	-0
-3.255	8.534	-0.0035065	0.0060354
-1.7887	8.534	-0.0034749	0.01062
-0.32241	8.534	-0.003308	0.014166
1.1439	8.534	-0.0035505	0.016292
2.6102	8.534	-0.0039778	0.017189
4.0765	8.534	-0.0052766	0.018611
5.5428	8.534	-0.0050761	0.019772
7.0091	8.534	-0.0052921	0.02135
8.4754	8.534	0	-0
9.9417	8.534	0	-0
11.408	8.534	0	-0
12.874	8.534	0	-0
14.341	8.534	0	-0
15.807	8.534	0	-0
-14.985	7.0677	0	-0
-13.519	7.0677	0	-0
-12.053	7.0677	0	-0
-10.587	7.0677	0	-0
-9.1202	7.0677	0	-0
-7.6539	7.0677	0	-0
-6.1876	7.0677	0	-0
-4.7213	7.0677	0	-0
-3.255	7.0677	-0.00055281	0.0025996
-1.7887	7.0677	-0.0010825	0.0065104
-0.32241	7.0677	-0.0018914	0.0092925
1.1439	7.0677	-0.0025347	0.010985
2.6102	7.0677	-0.0024456	0.012568
4.0765	7.0677	-0.0030711	0.013851
5.5428	7.0677	-0.0030553	0.015336
7.0091	7.0677	-0.003555	0.01672
8.4754	7.0677	0	-0
9.9417	7.0677	0	-0
11.408	7.0677	0	-0
12.874	7.0677	0	-0
14.341	7.0677	0	-0
15.807	7.0677	0	-0
-14.985	5.6014	0	-0
-13.519	5.6014	0	-0
-12.053	5.6014	0	-0
-10.587	5.6014	0	-0
-9.1202	5.6014	0	-0
-7.6539	5.6014	0	-0
-6.1876	5.6014	0	-0
-4.7213	5.6014	0	-0
-3.255	5.6014	0.0017663	-0.0014708
-1.7887	5.6014	0.00095224	0.0015849
-0.32241	5.6014	-0.00043624	0.0040278
1.1439	5.6014	-0.0013459	0.0065539
2.6102	5.6014	-0.0022509	0.0079557
4.0765	5.6014	-0.0014159	0.0097153
5.5428	5.6014	-0.0021195	0.010357
7.0091	5.6014	-0.0024057	0.012413
8.4754	5.6014	0	-0
9.9417	5.6014	0	-0
11.408	5.6014	0	-0
12.874	5.6014	0	-0
14.341	5.6014	0	-0
15.807	5.6014	0	-0
-14.985	4.1351	0	-0
-13.519	4.1351	0	-0
-12.053	4.1351	0	-0
-10.587	4.1351	0	-0
-9.1202	4.1351	0	-0
-7.6539	4.1351	0	-0
-6.1876	4.1351	0	-0
-4.7213	4.1351	0	-0
-3.255	4.1351	0.0027766	-0.0060288
-1.7887	4.1351	0.0017937	-0.0028891
-0.32241	4.1351	0.00083164	-0.00046529
1.1439	4.1351	0.00020928	0.0020426
2.6102	4.1351	-0.001171	0.00387
4.0765	4.1351	-0.00095782	0.0059151
5.5428	4.1351	-0.0013103	0.0065513
7.0091	4.1351	-0.0010645	0.0090156
8.4754	4.1351	0	-0
9.9417	4.1351	0	-0
11.408	4.1351	0	-0
12.874	4.1351	0	-0
14.341	4.1351	0	-0
15.807	4.1351	0	-0
-14.985	2.6688	0	-0
-13.519	2.6688	0	-0
-12.053	2.6688	0	-0
-10.587	2.6688	0	-0
-9.1202	2.6688	0	-0
-7.6539	2.6688	0	-0
-6.1876	2.6688	0	-0
-4.7213	2.6688	0	-0
-3.255	2.6688	0.0034466	-0.010054
-1.7887	2.6688	0.0026882	-0.0077034
-0.32241	2.6688	0.0022033	-0.0056978
1.1439	2.6688	0.00085749	-0.0031892
2.6102	2.6688	3.2094e-005	-0.00011613
4.0765	2.6688	-0.00053057	0.0019612
5.5428	2.6688	-0.00036872	0.0032901
7.0091	2.6688	-0.00052597	0.0047629
8.4754	2.6688	0	-0
9.9417	2.6688	0	-0
11.408	2.6688	0	-0
12.874	2.6688	0	-0
14.341	2.6688	0	-0
15.807	2.6688	0	-0
-14.985	1.2025	0	-0
-13.519	1.2025	0	-0
-12.053	1.2025	0	-0
-10.587	1.2025	0	-0
-9.1202	1.2025	0	-0
-7.6539	1.2025	0	-0
-6.1876	1.2025	0	-0
-4.7213	1.2025	0	-0
-3.255	1.2025	0.0035332	-0.013424
-1.7887	1.2025	0.0032837	-0.011342
-0.32241	1.2025	0.0030775	-0.009443
1.1439	1.2025	0.0021935	-0.0067288
2.6102	1.2025	0.0020244	-0.0038568
4.0765	1.2025	0.0015642	-0.0021554
5.5428	1.2025	0.00059564	-0.00059777
7.0091	1.2025	-5.6487e-005	0.0012353
8.4754	1.2025	0	-0
9.9417	1.2025	0	-0
11.408	1.2025	0	-0
12.874	1.2025	0	-0
14.341	1.2025	0	-0
15.807	1.2025	0	-0
-14.985	-0.2638	0	-0
-13.519	-0.2638	0	-0
-12.053	-0.2638	0	-0
-10.587	-0.2638	0	-0
-9.1202	-0.2638	0	-0
-7.6539	-0.2638	0	-0
-6.1876	-0.2638	0	-0
-4.7213	-0.2638	0	-0
-3.255	-0.2638	0.0036242	-0.01661
-1.7887	-0.2638	0.0039511	-0.014603
-0.32241	-0.2638	0.0036051	-0.012714
1.1439	-0.2638	0.0040483	-0.010726
2.6102	-0.2638	0.0035438	-0.0082938
4.0765	-0.2638	0.0020734	-0.0066135
5.5428	-0.2638	0.00047537	-0.0057264
7.0091	-0.2638	0.00012859	-0.0039397
8.4754	-0.2638	0	-0
9.9417	-0.2638	0	-0
11.408	-0.2638	0	-0
12.874	-0.2638	0	-0
14.341	-0.2638	0	-0
15.807	-0.2638	0	-0
-14.985	-1.7301	0	-0
-13.519	-1.7301	0	-0
-12.053	-1.7301	0	-0
-10.587	-1.7301	0	-0
-9.1202	-1.7301	0	-0
-7.6539	-1.7301	0	-0
-6.1876	-1.7301	0	-0
-4.7213	-1.7301	0	-0
-3.255	-1.7301	0.0045482	-0.02002
-1.7887	-1.7301	0.0052533	-0.01801
-0.32241	-1.7301	0.0055278	-0.016276
1.1439	-1.7301	0.0058665	-0.015787
2.6102	-1.7301	0.004494	-0.013239
4.0765	-1.7301	0.002706	-0.012112
5.5428	-1.7301	0.00098542	-0.010905
7.0091	-1.7301	0.00051088	-0.0090956
8.4754	-1.7301	0	-0
9.9417	-1.7301	0	-0
11.408	-1.7301	0	-0
12.874	-1.7301	0	-0
14.341	-1.7301	0	-0
15.807	-1.7301	0	-0
-14.985	-3.1964	0	-0
-13.519	-3.1964	0	-0
-12.053	-3.1964	0	-0
-10.587	-3.1964	0	-0
-9.1202	-3.1964	0	-0
-7.6539	-3.1964	0	-0
-6.1876	-3.1964	0	-0
-4.7213	-3.1964	0	-0
-3.255	-3.1964	0.0064344	-0.023703
-1.7887	-3.1964	0.0069115	-0.022056
-0.32241	-3.1964	0.0070938	-0.020186
1.1439	-3.1964	0.0068531	-0.020266
2.6102	-3.1964	0.0058234	-0.01864
4.0765	-3.1964	0.0034431	-0.017888
5.5428	-3.1964	0.0019253	-0.016753
7.0091	-3.1964	0.00087643	-0.014882
8.4754	-3.1964	0	-0
9.9417	-3.1964	0	-0
11.408	-3.1964	0	-0
12.874	-3.1964	0	-0
14.341	-3.1964	0	-0
15.807	-3.1964	0	-0
-14.985	-4.6627	0	-0
-13.519	-4.6627	0	-0
-12.053	-4.6627	0	-0
-10.587	-4.6627	0	-0
-9.1202	-4.6627	0	-0
-7.6539	-4.6627	0	-0
-6.1876	-4.6627	0	-0
-4.7213	-4.6627	0	-0
-3.255	-4.6627	0.008054	-0.027355
-1.7887	-4.6627	0.0081628	-0.025619
-0.32241	-4.6627	0.0082291	-0.024728
1.1439	-4.6627	0.0075699	-0.024518
2.6102	-4.6627	0.0061865	-0.024501
4.0765	-4.6627	0.0044174	-0.024634
5.5428	-4.6627	0.0031954	-0.022579
7.0091	-4.6627	0.0016701	-0.020762
8.4754	-4.6627	0	-0
9.9417	-4.6627	0	-0
11.408	-4.6627	0	-0
12.874	-4.6627	0	-0
14.341	-4.6627	0	-0
15.807	-4.6627	0	-0
-14.985	-6.129	0	-0
-13.519	-6.129	0	-0
-12.053	-6.129	0	-0
-10.587	-6.129	0	-0
-9.1202	-6.129	0	-0
-7.6539	-6.129	0	-0
-6.1876	-6.129	0	-0
-4.7213	-6.129	0	-0
-3.255	-6.129	0.0091059	-0.030363
-1.7887	-6.129	0.00913	-0.03002
-0.32241	-6.129	0.0089836	-0.029695
1.1439	-6.129	0.0078401	-0.029492
2.6102	-6.129	0.0066271	-0.030255
4.0765	-6.129	0.0048854	-0.029773
5.5428	-6.129	0.0038347	-0.027644
7.0091	-6.129	0.0024047	-0.026311
8.4754	-6.129	0	-0
9.9417	-6.129	0	-0
11.408	-6.129	0	-0
12.874	-6.129	0	-0
14.341	-6.129	0	-0
15.807	-6.129	0	-0
-14.985	-7.5953	0	-0
-13.519	-7.5953	0	-0
-12.053	-7.5953	0	-0
-10.587	-7.5953	0	-0
-9.1202	-7.5953	0	-0
-7.6539	-7.5953	0	-0
-6.1876	-7.5953	0	-0
-4.7213	-7.5953	0	-0
-3.255	-7.5953	0.009041	-0.033703
-1.7887	-7.5953	0.0084606	-0.034196
-0.32241	-7.5953	0.0081513	-0.034019
1.1439	-7.5953	0.0075364	-0.034047
2.6102	-7.5953	0.0065808	-0.034258
4.0765	-7.5953	0.0058372	-0.033287
5.5428	-7.5953	0.0044925	-0.032385
7.0091	-7.5953	0.0027756	-0.031174
8.4754	-7.5953	0	-0
9.9417	-7.5953	0	-0
11.408	-7.5953	0	-0
12.874	-7.5953	0	-0
14.341	-7.5953	0	-0
15.807	-7.5953	0	-0
-14.985	-9.0616	0	-0
-13.519	-9.0616	0	-0
-12.053	-9.0616	0	-0
-10.587	-9.0616	0	-0
-9.1202	-9.0616	0	-0
-7.6539	-9.0616	0	-0
-6.1876	-9.0616	0	-0
-4.7213	-9.0616	0	-0
-3.255	-9.0616	0.0080604	-0.036603
-1.7887	-9.0616	0.0075785	-0.037724
-0.32241	-9.0616	0.0071827	-0.038033
1.1439	-9.0616	0.0068574	-0.038084
2.6102	-9.0616	0.0064761	-0.038132
4.0765	-9.0616	0.0055542	-0.037837
5.5428	-9.0616	0.0042663	-0.036861
7.0091	-9.0616	0.0026358	-0.037253
8.4754	-9.0616	0	-0
9.9417	-9.0616	0	-0
11.408	-9.0616	0	-0
12.874	-9.0616	0	-0
14.341	-9.0616	0	-0
15.807	-9.0616	0	-0
-14.985	-10.528	0	-0
-13.519	-10.528	0	-0
-12.053	-10.528	0	-0
-10.587	-10.528	0	-0
-9.1202	-10.528	0	-0
-7.6539	-10.528	0	-0
-6.1876	-10.528	0	-0
-4.7213	-10.528	0	-0
-3.255	-10.528	0.0065999	-0.040588
-1.7887	-10.528	0.0066043	-0.042315
-0.32241	-10.528	0.0065523	-0.043004
1.1439	-10.528	0.0058696	-0.043571
2.6102	-10.528	0.0051932	-0.043561
4.0765	-10.528	0.0044687	-0.043025
5.5428	-10.528	0.0033242	-0.042631
7.0091	-10.528	0.0020708	-0.044219
8.4754	-10.528	0	-0
9.9417	-10.528	0	-0
11.408	-10.528	0	-0
12.874	-10.528	0	-0
14.341	-10.528	0	-0
15.807	-10.528	0	-0
-14.985	-11.994	0	-0
-13.519	-11.994	0	-0
-12.053	-11.994	0	-0
-10.587	-11.994	0	-0
-9.1202	-11.994	0	-0
-7.6539	-11.994	0	-0
-6.1876	-11.994	0	-0
-4.7213	-11.994	0	-0
-3.255	-11.994	0	-0
-1.7887	-11.994	0	-0
-0.32241	-11.994	0	-0
1.1439	-11.994	0	-0
2.6102	-11.994	0	-0
4.0765	-11.994	0	-0
5.5428	-11.994	0	-0
7.0091	-11.994	0	-0
8.4754	-11.994	0	-0
9.9417	-11.994	0	-0
11.408	-11.994	0	-0
12.874	-11.994	0	-0
14.341	-11.994	0	-0
15.807	-11.994	0	-0
