#DaVis 7.4.0 2D-vector 96 22 22 "" "[mm]" "" "[mm]" "displacement" "[mm]"
-14.985	18.798	0	-0
-13.519	18.798	0	-0
-12.053	18.798	0	-0
-10.587	18.798	0	-0
-9.1202	18.798	0	-0
-7.6539	18.798	0	-0
-6.1876	18.798	0	-0
-4.7213	18.798	0	-0
-3.255	18.798	-0.0050239	0.0021055
-1.7887	18.798	-0.0057193	0.0032618
-0.32241	18.798	-0.0055638	0.0036709
1.1439	18.798	-0.0060176	0.0046478
2.6102	18.798	-0.0057705	0.0055152
4.0765	18.798	-0.0057102	0.0050121
5.5428	18.798	-0.0059364	0.0059221
7.0091	18.798	-0.0060592	0.0062275
8.4754	18.798	0	-0
9.9417	18.798	0	-0
11.408	18.798	0	-0
12.874	18.798	0	-0
14.341	18.798	0	-0
15.807	18.798	0	-0
-14.985	17.332	0	-0
-13.519	17.332	0	-0
-12.053	17.332	0	-0
-10.587	17.332	0	-0
-9.1202	17.332	0	-0
-7.6539	17.332	0	-0
-6.1876	17.332	0	-0
-4.7213	17.332	0	-0
-3.255	17.332	-0.0044837	0.0016757
-1.7887	17.332	-0.0051425	0.00227
-0.32241	17.332	-0.0051244	0.0027685
1.1439	17.332	-0.0052255	0.0032114
2.6102	17.332	-0.0050594	0.0043333
4.0765	17.332	-0.0052362	0.0042041
5.5428	17.332	-0.0053255	0.0050329
7.0091	17.332	-0.005336	0.0056638
8.4754	17.332	0	-0
9.9417	17.332	0	-0
11.408	17.332	0	-0
12.874	17.332	0	-0
14.341	17.332	0	-0
15.807	17.332	0	-0
-14.985	15.866	0	-0
-13.519	15.866	0	-0
-12.053	15.866	0	-0
-10.587	15.866	0	-0
-9.1202	15.866	0	-0
-7.6539	15.866	0	-0
-6.1876	15.866	0	-0
-4.7213	15.866	0	-0
-3.255	15.866	-0.0041019	0.0012789
-1.7887	15.866	-0.0044546	0.0019061
-0.32241	15.866	-0.0045635	0.0028744
1.1439	15.866	-0.0045577	0.0035039
2.6102	15.866	-0.0042753	0.0034353
4.0765	15.866	-0.0047958	0.0042852
5.5428	15.866	-0.0047082	0.005127
7.0091	15.866	-0.0047541	0.0055802
8.4754	15.866	0	-0
9.9417	15.866	0	-0
11.408	15.866	0	-0
12.874	15.866	0	-0
14.341	15.866	0	-0
15.807	15.866	0	-0
-14.985	14.399	0	-0
-13.519	14.399	0	-0
-12.053	14.399	0	-0
-10.587	14.399	0	-0
-9.1202	14.399	0	-0
-7.6539	14.399	0	-0
-6.1876	14.399	0	-0
-4.7213	14.399	0	-0
-3.255	14.399	-0.0037232	0.00099627
-1.7887	14.399	-0.0039854	0.0016142
-0.32241	14.399	-0.0040176	0.0024402
1.1439	14.399	-0.0039053	0.0030157
2.6102	14.399	-0.0039061	0.0034341
4.0765	14.399	-0.0042102	0.0041902
5.5428	14.399	-0.0041663	0.0046948
7.0091	14.399	-0.0040733	0.005247
8.4754	14.399	0	-0
9.9417	14.399	0	-0
11.408	14.399	0	-0
12.874	14.399	0	-0
14.341	14.399	0	-0
15.807	14.399	0	-0
-14.985	12.933	0	-0
-13.519	12.933	0	-0
-12.053	12.933	0	-0
-10.587	12.933	0	-0
-9.1202	12.933	0	-0
-7.6539	12.933	0	-0
-6.1876	12.933	0	-0
-4.7213	12.933	0	-0
-3.255	12.933	-0.0032576	0.00083022
-1.7887	12.933	-0.0034453	0.0015813
-0.32241	12.933	-0.00347	0.0023234
1.1439	12.933	-0.0033776	0.0027536
2.6102	12.933	-0.0033243	0.0031145
4.0765	12.933	-0.0035479	0.0038372
5.5428	12.933	-0.0035928	0.0044433
7.0091	12.933	-0.0034764	0.0049981
8.4754	12.933	0	-0
9.9417	12.933	0	-0
11.408	12.933	0	-0
12.874	12.933	0	-0
14.341	12.933	0	-0
15.807	12.933	0	-0
-14.985	11.467	0	-0
-13.519	11.467	0	-0
-12.053	11.467	0	-0
-10.587	11.467	0	-0
-9.1202	11.467	0	-0
-7.6539	11.467	0	-0
-6.1876	11.467	0	-0
-4.7213	11.467	0	-0
-3.255	11.467	-0.0027011	0.00045432
-1.7887	11.467	-0.0028906	0.0012844
-0.32241	11.467	-0.0029087	0.0020211
1.1439	11.467	-0.0028831	0.0024533
2.6102	11.467	-0.0028714	0.0030193
4.0765	11.467	-0.0030032	0.0035923
5.5428	11.467	-0.0030094	0.0041098
7.0091	11.467	-0.0029315	0.0045829
8.4754	11.467	0	-0
9.9417	11.467	0	-0
11.408	11.467	0	-0
12.874	11.467	0	-0
14.341	11.467	0	-0
15.807	11.467	0	-0
-14.985	10	0	-0
-13.519	10	0	-0
-12.053	10	0	-0
-10.587	10	0	-0
-9.1202	10	0	-0
-7.6539	10	0	-0
-6.1876	10	0	-0
-4.7213	10	0	-0
-3.255	10	-0.0019915	0.00017931
-1.7887	10	-0.0022448	0.0010117
-0.32241	10	-0.0022126	0.0016829
1.1439	10	-0.0022919	0.0022982
2.6102	10	-0.0022678	0.0027275
4.0765	10	-0.0023377	0.003321
5.5428	10	-0.0024423	0.0037517
7.0091	10	-0.0023845	0.0043026
8.4754	10	0	-0
9.9417	10	0	-0
11.408	10	0	-0
12.874	10	0	-0
14.341	10	0	-0
15.807	10	0	-0
-14.985	8.534	0	-0
-13.519	8.534	0	-0
-12.053	8.534	0	-0
-10.587	8.534	0	-0
-9.1202	8.534	0	-0
-7.6539	8.534	0	-0
-6.1876	8.534	0	-0
-4.7213	8.534	0	-0
-3.255	8.534	-0.0014632	-1.1184e-005
-1.7887	8.534	-0.0015334	0.00075725
-0.32241	8.534	-0.0015134	0.0014296
1.1439	8.534	-0.0015387	0.0019268
2.6102	8.534	-0.0016346	0.0023503
4.0765	8.534	-0.0016221	0.0026905
5.5428	8.534	-0.0018107	0.0034729
7.0091	8.534	-0.0018513	0.0040208
8.4754	8.534	0	-0
9.9417	8.534	0	-0
11.408	8.534	0	-0
12.874	8.534	0	-0
14.341	8.534	0	-0
15.807	8.534	0	-0
-14.985	7.0677	0	-0
-13.519	7.0677	0	-0
-12.053	7.0677	0	-0
-10.587	7.0677	0	-0
-9.1202	7.0677	0	-0
-7.6539	7.0677	0	-0
-6.1876	7.0677	0	-0
-4.7213	7.0677	0	-0
-3.255	7.0677	-0.00075452	-0.00033844
-1.7887	7.0677	-0.00088148	0.00047091
-0.32241	7.0677	-0.00089876	0.0010024
1.1439	7.0677	-0.0010713	0.001587
2.6102	7.0677	-0.0010915	0.001986
4.0765	7.0677	-0.0011303	0.0025307
5.5428	7.0677	-0.0012549	0.0030524
7.0091	7.0677	-0.0013253	0.0035668
8.4754	7.0677	0	-0
9.9417	7.0677	0	-0
11.408	7.0677	0	-0
12.874	7.0677	0	-0
14.341	7.0677	0	-0
15.807	7.0677	0	-0
-14.985	5.6014	0	-0
-13.519	5.6014	0	-0
-12.053	5.6014	0	-0
-10.587	5.6014	0	-0
-9.1202	5.6014	0	-0
-7.6539	5.6014	0	-0
-6.1876	5.6014	0	-0
-4.7213	5.6014	0	-0
-3.255	5.6014	-0.00011206	-0.00066616
-1.7887	5.6014	-0.00034853	4.5675e-005
-0.32241	5.6014	-0.00039125	0.0006134
1.1439	5.6014	-0.00054621	0.0011508
2.6102	5.6014	-0.00062968	0.0015764
4.0765	5.6014	-0.00046514	0.0018547
5.5428	5.6014	-0.00079597	0.0026589
7.0091	5.6014	-0.00087776	0.0032169
8.4754	5.6014	0	-0
9.9417	5.6014	0	-0
11.408	5.6014	0	-0
12.874	5.6014	0	-0
14.341	5.6014	0	-0
15.807	5.6014	0	-0
-14.985	4.1351	0	-0
-13.519	4.1351	0	-0
-12.053	4.1351	0	-0
-10.587	4.1351	0	-0
-9.1202	4.1351	0	-0
-7.6539	4.1351	0	-0
-6.1876	4.1351	0	-0
-4.7213	4.1351	0	-0
-3.255	4.1351	0.00030783	-0.00097331
-1.7887	4.1351	0.000126	-0.00031742
-0.32241	4.1351	0.0001683	0.00030698
1.1439	4.1351	-1.712e-005	0.00083412
2.6102	4.1351	-0.00024617	0.0013855
4.0765	4.1351	-0.00013164	0.0015416
5.5428	4.1351	-0.00036077	0.0024335
7.0091	4.1351	-0.00043022	0.0032189
8.4754	4.1351	0	-0
9.9417	4.1351	0	-0
11.408	4.1351	0	-0
12.874	4.1351	0	-0
14.341	4.1351	0	-0
15.807	4.1351	0	-0
-14.985	2.6688	0	-0
-13.519	2.6688	0	-0
-12.053	2.6688	0	-0
-10.587	2.6688	0	-0
-9.1202	2.6688	0	-0
-7.6539	2.6688	0	-0
-6.1876	2.6688	0	-0
-4.7213	2.6688	0	-0
-3.255	2.6688	0.00075496	-0.0013088
-1.7887	2.6688	0.00065604	-0.00068198
-0.32241	2.6688	0.00061721	-7.6343e-005
1.1439	2.6688	0.00039847	0.00053165
2.6102	2.6688	0.00032095	0.0010323
4.0765	2.6688	0.0002633	0.0016329
5.5428	2.6688	4.1788e-005	0.0020739
7.0091	2.6688	4.0955e-005	0.0026485
8.4754	2.6688	0	-0
9.9417	2.6688	0	-0
11.408	2.6688	0	-0
12.874	2.6688	0	-0
14.341	2.6688	0	-0
15.807	2.6688	0	-0
-14.985	1.2025	0	-0
-13.519	1.2025	0	-0
-12.053	1.2025	0	-0
-10.587	1.2025	0	-0
-9.1202	1.2025	0	-0
-7.6539	1.2025	0	-0
-6.1876	1.2025	0	-0
-4.7213	1.2025	0	-0
-3.255	1.2025	0.0012304	-0.0015418
-1.7887	1.2025	0.0011735	-0.001006
-0.32241	1.2025	0.0011145	-0.00041689
1.1439	1.2025	0.00095772	0.00028125
2.6102	1.2025	0.00089588	0.00079251
4.0765	1.2025	0.00074413	0.0014059
5.5428	1.2025	0.00065542	0.0018698
7.0091	1.2025	0.00040378	0.0025312
8.4754	1.2025	0	-0
9.9417	1.2025	0	-0
11.408	1.2025	0	-0
12.874	1.2025	0	-0
14.341	1.2025	0	-0
15.807	1.2025	0	-0
-14.985	-0.2638	0	-0
-13.519	-0.2638	0	-0
-12.053	-0.2638	0	-0
-10.587	-0.2638	0	-0
-9.1202	-0.2638	0	-0
-7.6539	-0.2638	0	-0
-6.1876	-0.2638	0	-0
-4.7213	-0.2638	0	-0
-3.255	-0.2638	0.0017086	-0.0018012
-1.7887	-0.2638	0.0016788	-0.0012552
-0.32241	-0.2638	0.0015805	-0.0006939
1.1439	-0.2638	0.0015882	-9.7191e-005
2.6102	-0.2638	0.0014972	0.00039682
4.0765	-0.2638	0.0012757	0.0010643
5.5428	-0.2638	0.0010865	0.0015347
7.0091	-0.2638	0.00080334	0.0022125
8.4754	-0.2638	0	-0
9.9417	-0.2638	0	-0
11.408	-0.2638	0	-0
12.874	-0.2638	0	-0
14.341	-0.2638	0	-0
15.807	-0.2638	0	-0
-14.985	-1.7301	0	-0
-13.519	-1.7301	0	-0
-12.053	-1.7301	0	-0
-10.587	-1.7301	0	-0
-9.1202	-1.7301	0	-0
-7.6539	-1.7301	0	-0
-6.1876	-1.7301	0	-0
-4.7213	-1.7301	0	-0
-3.255	-1.7301	0.0021041	-0.0021022
-1.7887	-1.7301	0.002163	-0.0015591
-0.32241	-1.7301	0.002152	-0.0010249
1.1439	-1.7301	0.0024479	-0.00081855
2.6102	-1.7301	0.0019442	6.5938e-005
4.0765	-1.7301	0.0017611	0.00058683
5.5428	-1.7301	0.00147	0.0010982
7.0091	-1.7301	0.0011968	0.0017057
8.4754	-1.7301	0	-0
9.9417	-1.7301	0	-0
11.408	-1.7301	0	-0
12.874	-1.7301	0	-0
14.341	-1.7301	0	-0
15.807	-1.7301	0	-0
-14.985	-3.1964	0	-0
-13.519	-3.1964	0	-0
-12.053	-3.1964	0	-0
-10.587	-3.1964	0	-0
-9.1202	-3.1964	0	-0
-7.6539	-3.1964	0	-0
-6.1876	-3.1964	0	-0
-4.7213	-3.1964	0	-0
-3.255	-3.1964	0.0027362	-0.0025038
-1.7887	-3.1964	0.0026967	-0.0018814
-0.32241	-3.1964	0.0027365	-0.0012678
1.1439	-3.1964	0.0026681	-0.00081483
2.6102	-3.1964	0.0024176	-0.00041548
4.0765	-3.1964	0.002217	7.6636e-005
5.5428	-3.1964	0.0019528	0.00060535
7.0091	-3.1964	0.0016675	0.0012106
8.4754	-3.1964	0	-0
9.9417	-3.1964	0	-0
11.408	-3.1964	0	-0
12.874	-3.1964	0	-0
14.341	-3.1964	0	-0
15.807	-3.1964	0	-0
-14.985	-4.6627	0	-0
-13.519	-4.6627	0	-0
-12.053	-4.6627	0	-0
-10.587	-4.6627	0	-0
-9.1202	-4.6627	0	-0
-7.6539	-4.6627	0	-0
-6.1876	-4.6627	0	-0
-4.7213	-4.6627	0	-0
-3.255	-4.6627	0.0031938	-0.0027524
-1.7887	-4.6627	0.0032499	-0.0021167
-0.32241	-4.6627	0.0032819	-0.001623
1.1439	-4.6627	0.0031715	-0.0012513
2.6102	-4.6627	0.002993	-0.00092291
4.0765	-4.6627	0.0027166	-0.00051444
5.5428	-4.6627	0.002513	0.00014379
7.0091	-4.6627	0.002095	0.00080288
8.4754	-4.6627	0	-0
9.9417	-4.6627	0	-0
11.408	-4.6627	0	-0
12.874	-4.6627	0	-0
14.341	-4.6627	0	-0
15.807	-4.6627	0	-0
-14.985	-6.129	0	-0
-13.519	-6.129	0	-0
-12.053	-6.129	0	-0
-10.587	-6.129	0	-0
-9.1202	-6.129	0	-0
-7.6539	-6.129	0	-0
-6.1876	-6.129	0	-0
-4.7213	-6.129	0	-0
-3.255	-6.129	0.0037445	-0.0029554
-1.7887	-6.129	0.0037644	-0.0024861
-0.32241	-6.129	0.0037083	-0.002035
1.1439	-6.129	0.0036006	-0.0016331
2.6102	-6.129	0.0033944	-0.0014069
4.0765	-6.129	0.0031177	-0.0010166
5.5428	-6.129	0.0030523	-0.00035809
7.0091	-6.129	0.0022963	0.0001228
8.4754	-6.129	0	-0
9.9417	-6.129	0	-0
11.408	-6.129	0	-0
12.874	-6.129	0	-0
14.341	-6.129	0	-0
15.807	-6.129	0	-0
-14.985	-7.5953	0	-0
-13.519	-7.5953	0	-0
-12.053	-7.5953	0	-0
-10.587	-7.5953	0	-0
-9.1202	-7.5953	0	-0
-7.6539	-7.5953	0	-0
-6.1876	-7.5953	0	-0
-4.7213	-7.5953	0	-0
-3.255	-7.5953	0.0041824	-0.003351
-1.7887	-7.5953	0.0041553	-0.0028776
-0.32241	-7.5953	0.0040804	-0.0024333
1.1439	-7.5953	0.0039617	-0.0020926
2.6102	-7.5953	0.0038019	-0.0018223
4.0765	-7.5953	0.0038403	-0.0014251
5.5428	-7.5953	0.0034519	-0.00086574
7.0091	-7.5953	0.0027284	-0.00044364
8.4754	-7.5953	0	-0
9.9417	-7.5953	0	-0
11.408	-7.5953	0	-0
12.874	-7.5953	0	-0
14.341	-7.5953	0	-0
15.807	-7.5953	0	-0
-14.985	-9.0616	0	-0
-13.519	-9.0616	0	-0
-12.053	-9.0616	0	-0
-10.587	-9.0616	0	-0
-9.1202	-9.0616	0	-0
-7.6539	-9.0616	0	-0
-6.1876	-9.0616	0	-0
-4.7213	-9.0616	0	-0
-3.255	-9.0616	0.004461	-0.0035449
-1.7887	-9.0616	0.0045275	-0.0033145
-0.32241	-9.0616	0.0044787	-0.002895
1.1439	-9.0616	0.0043839	-0.0025421
2.6102	-9.0616	0.0043113	-0.0021793
4.0765	-9.0616	0.0041637	-0.0018529
5.5428	-9.0616	0.0038904	-0.0012814
7.0091	-9.0616	0.0028977	-0.00096851
8.4754	-9.0616	0	-0
9.9417	-9.0616	0	-0
11.408	-9.0616	0	-0
12.874	-9.0616	0	-0
14.341	-9.0616	0	-0
15.807	-9.0616	0	-0
-14.985	-10.528	0	-0
-13.519	-10.528	0	-0
-12.053	-10.528	0	-0
-10.587	-10.528	0	-0
-9.1202	-10.528	0	-0
-7.6539	-10.528	0	-0
-6.1876	-10.528	0	-0
-4.7213	-10.528	0	-0
-3.255	-10.528	0.0048695	-0.0040088
-1.7887	-10.528	0.0048684	-0.0037206
-0.32241	-10.528	0.0048319	-0.0033535
1.1439	-10.528	0.0047498	-0.0031518
2.6102	-10.528	0.004512	-0.0027585
4.0765	-10.528	0.0042264	-0.0023124
5.5428	-10.528	0.004102	-0.0018884
7.0091	-10.528	0.0027682	-0.0014753
8.4754	-10.528	0	-0
9.9417	-10.528	0	-0
11.408	-10.528	0	-0
12.874	-10.528	0	-0
14.341	-10.528	0	-0
15.807	-10.528	0	-0
-14.985	-11.994	0	-0
-13.519	-11.994	0	-0
-12.053	-11.994	0	-0
-10.587	-11.994	0	-0
-9.1202	-11.994	0	-0
-7.6539	-11.994	0	-0
-6.1876	-11.994	0	-0
-4.7213	-11.994	0	-0
-3.255	-11.994	0	-0
-1.7887	-11.994	0	-0
-0.32241	-11.994	0	-0
1.1439	-11.994	0	-0
2.6102	-11.994	0	-0
4.0765	-11.994	0	-0
5.5428	-11.994	0	-0
7.0091	-11.994	0	-0
8.4754	-11.994	0	-0
9.9417	-11.994	0	-0
11.408	-11.994	0	-0
12.874	-11.994	0	-0
14.341	-11.994	0	-0
15.807	-11.994	0	-0
