#DaVis 7.4.0 2D-vector 96 22 22 "" "[mm]" "" "[mm]" "displacement" "[mm]"
-14.985	18.798	0	-0
-13.519	18.798	0	-0
-12.053	18.798	0	-0
-10.587	18.798	0	-0
-9.1202	18.798	0	-0
-7.6539	18.798	0	-0
-6.1876	18.798	0	-0
-4.7213	18.798	0	-0
-3.255	18.798	-0.015304	0.016391
-1.7887	18.798	-0.015921	0.018458
-0.32241	18.798	-0.015618	0.019839
1.1439	18.798	-0.016949	0.022029
2.6102	18.798	-0.015906	0.022844
4.0765	18.798	-0.015459	0.022851
5.5428	18.798	-0.015592	0.024508
7.0091	18.798	-0.013333	0.020483
8.4754	18.798	0	-0
9.9417	18.798	0	-0
11.408	18.798	0	-0
12.874	18.798	0	-0
14.341	18.798	0	-0
15.807	18.798	0	-0
-14.985	17.332	0	-0
-13.519	17.332	0	-0
-12.053	17.332	0	-0
-10.587	17.332	0	-0
-9.1202	17.332	0	-0
-7.6539	17.332	0	-0
-6.1876	17.332	0	-0
-4.7213	17.332	0	-0
-3.255	17.332	-0.012888	0.015782
-1.7887	17.332	-0.013215	0.016658
-0.32241	17.332	-0.01327	0.018105
1.1439	17.332	-0.013957	0.01993
2.6102	17.332	-0.013509	0.022641
4.0765	17.332	-0.013952	0.023554
5.5428	17.332	-0.013554	0.025024
7.0091	17.332	-0.013007	0.025983
8.4754	17.332	0	-0
9.9417	17.332	0	-0
11.408	17.332	0	-0
12.874	17.332	0	-0
14.341	17.332	0	-0
15.807	17.332	0	-0
-14.985	15.866	0	-0
-13.519	15.866	0	-0
-12.053	15.866	0	-0
-10.587	15.866	0	-0
-9.1202	15.866	0	-0
-7.6539	15.866	0	-0
-6.1876	15.866	0	-0
-4.7213	15.866	0	-0
-3.255	15.866	-0.010962	0.012561
-1.7887	15.866	-0.011494	0.01445
-0.32241	15.866	-0.011458	0.016926
1.1439	15.866	-0.011714	0.018833
2.6102	15.866	-0.012029	0.020102
4.0765	15.866	-0.01274	0.022251
5.5428	15.866	-0.011838	0.023885
7.0091	15.866	-0.01142	0.024681
8.4754	15.866	0	-0
9.9417	15.866	0	-0
11.408	15.866	0	-0
12.874	15.866	0	-0
14.341	15.866	0	-0
15.807	15.866	0	-0
-14.985	14.399	0	-0
-13.519	14.399	0	-0
-12.053	14.399	0	-0
-10.587	14.399	0	-0
-9.1202	14.399	0	-0
-7.6539	14.399	0	-0
-6.1876	14.399	0	-0
-4.7213	14.399	0	-0
-3.255	14.399	-0.0097562	0.010063
-1.7887	14.399	-0.010174	0.012286
-0.32241	14.399	-0.010204	0.014584
1.1439	14.399	-0.0103	0.017078
2.6102	14.399	-0.010032	0.017928
4.0765	14.399	-0.010619	0.019904
5.5428	14.399	-0.010195	0.021713
7.0091	14.399	-0.0097089	0.022533
8.4754	14.399	0	-0
9.9417	14.399	0	-0
11.408	14.399	0	-0
12.874	14.399	0	-0
14.341	14.399	0	-0
15.807	14.399	0	-0
-14.985	12.933	0	-0
-13.519	12.933	0	-0
-12.053	12.933	0	-0
-10.587	12.933	0	-0
-9.1202	12.933	0	-0
-7.6539	12.933	0	-0
-6.1876	12.933	0	-0
-4.7213	12.933	0	-0
-3.255	12.933	-0.0086886	0.0080004
-1.7887	12.933	-0.0088585	0.010471
-0.32241	12.933	-0.0090973	0.012688
1.1439	12.933	-0.0086418	0.014315
2.6102	12.933	-0.008774	0.015762
4.0765	12.933	-0.0085787	0.017478
5.5428	12.933	-0.0084917	0.019104
7.0091	12.933	-0.0080291	0.02032
8.4754	12.933	0	-0
9.9417	12.933	0	-0
11.408	12.933	0	-0
12.874	12.933	0	-0
14.341	12.933	0	-0
15.807	12.933	0	-0
-14.985	11.467	0	-0
-13.519	11.467	0	-0
-12.053	11.467	0	-0
-10.587	11.467	0	-0
-9.1202	11.467	0	-0
-7.6539	11.467	0	-0
-6.1876	11.467	0	-0
-4.7213	11.467	0	-0
-3.255	11.467	-0.0071221	0.0055989
-1.7887	11.467	-0.0075712	0.0082191
-0.32241	11.467	-0.0077621	0.010405
1.1439	11.467	-0.0072347	0.012487
2.6102	11.467	-0.0068596	0.014065
4.0765	11.467	-0.0070552	0.015414
5.5428	11.467	-0.0069464	0.016754
7.0091	11.467	-0.0066543	0.017962
8.4754	11.467	0	-0
9.9417	11.467	0	-0
11.408	11.467	0	-0
12.874	11.467	0	-0
14.341	11.467	0	-0
15.807	11.467	0	-0
-14.985	10	0	-0
-13.519	10	0	-0
-12.053	10	0	-0
-10.587	10	0	-0
-9.1202	10	0	-0
-7.6539	10	0	-0
-6.1876	10	0	-0
-4.7213	10	0	-0
-3.255	10	-0.0054165	0.0035359
-1.7887	10	-0.0055959	0.0063074
-0.32241	10	-0.0055471	0.0086797
1.1439	10	-0.0054527	0.010735
2.6102	10	-0.0053018	0.012046
4.0765	10	-0.0055067	0.013287
5.5428	10	-0.005491	0.01427
7.0091	10	-0.0054697	0.015452
8.4754	10	0	-0
9.9417	10	0	-0
11.408	10	0	-0
12.874	10	0	-0
14.341	10	0	-0
15.807	10	0	-0
-14.985	8.534	0	-0
-13.519	8.534	0	-0
-12.053	8.534	0	-0
-10.587	8.534	0	-0
-9.1202	8.534	0	-0
-7.6539	8.534	0	-0
-6.1876	8.534	0	-0
-4.7213	8.534	0	-0
-3.255	8.534	-0.0038215	0.0019395
-1.7887	8.534	-0.0037507	0.0047722
-0.32241	8.534	-0.0034351	0.0069843
1.1439	8.534	-0.0035426	0.0084708
2.6102	8.534	-0.0036861	0.009427
4.0765	8.534	-0.0037382	0.010764
5.5428	8.534	-0.0040957	0.011601
7.0091	8.534	-0.0042521	0.013142
8.4754	8.534	0	-0
9.9417	8.534	0	-0
11.408	8.534	0	-0
12.874	8.534	0	-0
14.341	8.534	0	-0
15.807	8.534	0	-0
-14.985	7.0677	0	-0
-13.519	7.0677	0	-0
-12.053	7.0677	0	-0
-10.587	7.0677	0	-0
-9.1202	7.0677	0	-0
-7.6539	7.0677	0	-0
-6.1876	7.0677	0	-0
-4.7213	7.0677	0	-0
-3.255	7.0677	-0.0017754	9.0574e-005
-1.7887	7.0677	-0.0019934	0.0025795
-0.32241	7.0677	-0.0023744	0.0043114
1.1439	7.0677	-0.0025688	0.005668
2.6102	7.0677	-0.0023546	0.0068271
4.0765	7.0677	-0.0023853	0.0080788
5.5428	7.0677	-0.0028146	0.0091855
7.0091	7.0677	-0.0030393	0.010591
8.4754	7.0677	0	-0
9.9417	7.0677	0	-0
11.408	7.0677	0	-0
12.874	7.0677	0	-0
14.341	7.0677	0	-0
15.807	7.0677	0	-0
-14.985	5.6014	0	-0
-13.519	5.6014	0	-0
-12.053	5.6014	0	-0
-10.587	5.6014	0	-0
-9.1202	5.6014	0	-0
-7.6539	5.6014	0	-0
-6.1876	5.6014	0	-0
-4.7213	5.6014	0	-0
-3.255	5.6014	-6.0593e-005	-0.0022155
-1.7887	5.6014	-0.00056887	-9.1764e-005
-0.32241	5.6014	-0.00098888	0.0016565
1.1439	5.6014	-0.0019103	0.0034765
2.6102	5.6014	-0.0022271	0.0045094
4.0765	5.6014	-0.00063884	0.0060874
5.5428	5.6014	-0.0016261	0.0069878
7.0091	5.6014	-0.002236	0.0087818
8.4754	5.6014	0	-0
9.9417	5.6014	0	-0
11.408	5.6014	0	-0
12.874	5.6014	0	-0
14.341	5.6014	0	-0
15.807	5.6014	0	-0
-14.985	4.1351	0	-0
-13.519	4.1351	0	-0
-12.053	4.1351	0	-0
-10.587	4.1351	0	-0
-9.1202	4.1351	0	-0
-7.6539	4.1351	0	-0
-6.1876	4.1351	0	-0
-4.7213	4.1351	0	-0
-3.255	4.1351	0.00097162	-0.0045456
-1.7887	4.1351	0.00054238	-0.0025563
-0.32241	4.1351	0.00013545	-0.001013
1.1439	4.1351	-0.00019262	0.0011446
2.6102	4.1351	-0.00088783	0.0026267
4.0765	4.1351	7.1308e-005	0.0043118
5.5428	4.1351	-0.00065666	0.005137
7.0091	4.1351	-0.00081106	0.0073984
8.4754	4.1351	0	-0
9.9417	4.1351	0	-0
11.408	4.1351	0	-0
12.874	4.1351	0	-0
14.341	4.1351	0	-0
15.807	4.1351	0	-0
-14.985	2.6688	0	-0
-13.519	2.6688	0	-0
-12.053	2.6688	0	-0
-10.587	2.6688	0	-0
-9.1202	2.6688	0	-0
-7.6539	2.6688	0	-0
-6.1876	2.6688	0	-0
-4.7213	2.6688	0	-0
-3.255	2.6688	0.0017666	-0.006595
-1.7887	2.6688	0.0016136	-0.005036
-0.32241	2.6688	0.0016134	-0.0034374
1.1439	2.6688	0.00084648	-0.0015386
2.6102	2.6688	0.00049705	0.00045785
4.0765	2.6688	0.00055133	0.0021721
5.5428	2.6688	-9.5028e-005	0.0030168
7.0091	2.6688	-0.00053284	0.0047334
8.4754	2.6688	0	-0
9.9417	2.6688	0	-0
11.408	2.6688	0	-0
12.874	2.6688	0	-0
14.341	2.6688	0	-0
15.807	2.6688	0	-0
-14.985	1.2025	0	-0
-13.519	1.2025	0	-0
-12.053	1.2025	0	-0
-10.587	1.2025	0	-0
-9.1202	1.2025	0	-0
-7.6539	1.2025	0	-0
-6.1876	1.2025	0	-0
-4.7213	1.2025	0	-0
-3.255	1.2025	0.0024586	-0.0085741
-1.7887	1.2025	0.0025489	-0.0070121
-0.32241	1.2025	0.0026008	-0.0054966
1.1439	1.2025	0.0022066	-0.0034621
2.6102	1.2025	0.0023704	-0.0012846
4.0765	1.2025	0.0018376	4.3365e-005
5.5428	1.2025	0.0012709	0.0013191
7.0091	1.2025	-0.00074314	0.0029263
8.4754	1.2025	0	-0
9.9417	1.2025	0	-0
11.408	1.2025	0	-0
12.874	1.2025	0	-0
14.341	1.2025	0	-0
15.807	1.2025	0	-0
-14.985	-0.2638	0	-0
-13.519	-0.2638	0	-0
-12.053	-0.2638	0	-0
-10.587	-0.2638	0	-0
-9.1202	-0.2638	0	-0
-7.6539	-0.2638	0	-0
-6.1876	-0.2638	0	-0
-4.7213	-0.2638	0	-0
-3.255	-0.2638	0.0030545	-0.010135
-1.7887	-0.2638	0.0033662	-0.0085631
-0.32241	-0.2638	0.0036437	-0.0072562
1.1439	-0.2638	0.0036085	-0.0055542
2.6102	-0.2638	0.0036996	-0.0037075
4.0765	-0.2638	0.0025638	-0.0027043
5.5428	-0.2638	0.0014938	-0.0014754
7.0091	-0.2638	-0.0010687	0.00013866
8.4754	-0.2638	0	-0
9.9417	-0.2638	0	-0
11.408	-0.2638	0	-0
12.874	-0.2638	0	-0
14.341	-0.2638	0	-0
15.807	-0.2638	0	-0
-14.985	-1.7301	0	-0
-13.519	-1.7301	0	-0
-12.053	-1.7301	0	-0
-10.587	-1.7301	0	-0
-9.1202	-1.7301	0	-0
-7.6539	-1.7301	0	-0
-6.1876	-1.7301	0	-0
-4.7213	-1.7301	0	-0
-3.255	-1.7301	0.0039265	-0.011672
-1.7887	-1.7301	0.0045105	-0.010231
-0.32241	-1.7301	0.0048704	-0.0089726
1.1439	-1.7301	0.0059797	-0.0081271
2.6102	-1.7301	0.00411	-0.0065215
4.0765	-1.7301	0.0032391	-0.0052608
5.5428	-1.7301	0.002188	-0.0040881
7.0091	-1.7301	-0.0010322	-0.0027196
8.4754	-1.7301	0	-0
9.9417	-1.7301	0	-0
11.408	-1.7301	0	-0
12.874	-1.7301	0	-0
14.341	-1.7301	0	-0
15.807	-1.7301	0	-0
-14.985	-3.1964	0	-0
-13.519	-3.1964	0	-0
-12.053	-3.1964	0	-0
-10.587	-3.1964	0	-0
-9.1202	-3.1964	0	-0
-7.6539	-3.1964	0	-0
-6.1876	-3.1964	0	-0
-4.7213	-3.1964	0	-0
-3.255	-3.1964	0.0054877	-0.013622
-1.7887	-3.1964	0.0057732	-0.012028
-0.32241	-3.1964	0.0059189	-0.01055
1.1439	-3.1964	0.0060847	-0.0097572
2.6102	-3.1964	0.005314	-0.0091483
4.0765	-3.1964	0.0041735	-0.0080536
5.5428	-3.1964	0.0026046	-0.0070284
7.0091	-3.1964	-0.00039791	-0.0055236
8.4754	-3.1964	0	-0
9.9417	-3.1964	0	-0
11.408	-3.1964	0	-0
12.874	-3.1964	0	-0
14.341	-3.1964	0	-0
15.807	-3.1964	0	-0
-14.985	-4.6627	0	-0
-13.519	-4.6627	0	-0
-12.053	-4.6627	0	-0
-10.587	-4.6627	0	-0
-9.1202	-4.6627	0	-0
-7.6539	-4.6627	0	-0
-6.1876	-4.6627	0	-0
-4.7213	-4.6627	0	-0
-3.255	-4.6627	0.0067483	-0.015497
-1.7887	-4.6627	0.0067586	-0.01408
-0.32241	-4.6627	0.0070115	-0.01296
1.1439	-4.6627	0.0069975	-0.012654
2.6102	-4.6627	0.0063151	-0.011963
4.0765	-4.6627	0.005444	-0.011302
5.5428	-4.6627	0.0045495	-0.0098339
7.0091	-4.6627	0.00013713	-0.0082563
8.4754	-4.6627	0	-0
9.9417	-4.6627	0	-0
11.408	-4.6627	0	-0
12.874	-4.6627	0	-0
14.341	-4.6627	0	-0
15.807	-4.6627	0	-0
-14.985	-6.129	0	-0
-13.519	-6.129	0	-0
-12.053	-6.129	0	-0
-10.587	-6.129	0	-0
-9.1202	-6.129	0	-0
-7.6539	-6.129	0	-0
-6.1876	-6.129	0	-0
-4.7213	-6.129	0	-0
-3.255	-6.129	0.0077886	-0.017267
-1.7887	-6.129	0.0078314	-0.016324
-0.32241	-6.129	0.0078115	-0.015691
1.1439	-6.129	0.007323	-0.015079
2.6102	-6.129	0.0068615	-0.014889
4.0765	-6.129	0.0059839	-0.014055
5.5428	-6.129	0.0049232	-0.012566
7.0091	-6.129	0.0010671	-0.011346
8.4754	-6.129	0	-0
9.9417	-6.129	0	-0
11.408	-6.129	0	-0
12.874	-6.129	0	-0
14.341	-6.129	0	-0
15.807	-6.129	0	-0
-14.985	-7.5953	0	-0
-13.519	-7.5953	0	-0
-12.053	-7.5953	0	-0
-10.587	-7.5953	0	-0
-9.1202	-7.5953	0	-0
-7.6539	-7.5953	0	-0
-6.1876	-7.5953	0	-0
-4.7213	-7.5953	0	-0
-3.255	-7.5953	0.008308	-0.01929
-1.7887	-7.5953	0.0080676	-0.018772
-0.32241	-7.5953	0.0080408	-0.018168
1.1439	-7.5953	0.0076763	-0.017691
2.6102	-7.5953	0.0072137	-0.017361
4.0765	-7.5953	0.0072001	-0.016241
5.5428	-7.5953	0.0058345	-0.015328
7.0091	-7.5953	0.0014814	-0.014163
8.4754	-7.5953	0	-0
9.9417	-7.5953	0	-0
11.408	-7.5953	0	-0
12.874	-7.5953	0	-0
14.341	-7.5953	0	-0
15.807	-7.5953	0	-0
-14.985	-9.0616	0	-0
-13.519	-9.0616	0	-0
-12.053	-9.0616	0	-0
-10.587	-9.0616	0	-0
-9.1202	-9.0616	0	-0
-7.6539	-9.0616	0	-0
-6.1876	-9.0616	0	-0
-4.7213	-9.0616	0	-0
-3.255	-9.0616	0.0083493	-0.02078
-1.7887	-9.0616	0.0081497	-0.020795
-0.32241	-9.0616	0.0081153	-0.020519
1.1439	-9.0616	0.0079582	-0.020024
2.6102	-9.0616	0.0080668	-0.019711
4.0765	-9.0616	0.0076941	-0.019164
5.5428	-9.0616	0.0066371	-0.018068
7.0091	-9.0616	-0.0077191	-0.018041
8.4754	-9.0616	0	-0
9.9417	-9.0616	0	-0
11.408	-9.0616	0	-0
12.874	-9.0616	0	-0
14.341	-9.0616	0	-0
15.807	-9.0616	0	-0
-14.985	-10.528	0	-0
-13.519	-10.528	0	-0
-12.053	-10.528	0	-0
-10.587	-10.528	0	-0
-9.1202	-10.528	0	-0
-7.6539	-10.528	0	-0
-6.1876	-10.528	0	-0
-4.7213	-10.528	0	-0
-3.255	-10.528	0.0083114	-0.022945
-1.7887	-10.528	0.0084034	-0.023351
-0.32241	-10.528	0.0082969	-0.023431
1.1439	-10.528	0.0079812	-0.023029
2.6102	-10.528	0.0080111	-0.023072
4.0765	-10.528	0.0074221	-0.022033
5.5428	-10.528	0.0068638	-0.021233
7.0091	-10.528	-0.0075879	-0.021436
8.4754	-10.528	0	-0
9.9417	-10.528	0	-0
11.408	-10.528	0	-0
12.874	-10.528	0	-0
14.341	-10.528	0	-0
15.807	-10.528	0	-0
-14.985	-11.994	0	-0
-13.519	-11.994	0	-0
-12.053	-11.994	0	-0
-10.587	-11.994	0	-0
-9.1202	-11.994	0	-0
-7.6539	-11.994	0	-0
-6.1876	-11.994	0	-0
-4.7213	-11.994	0	-0
-3.255	-11.994	0	-0
-1.7887	-11.994	0	-0
-0.32241	-11.994	0	-0
1.1439	-11.994	0	-0
2.6102	-11.994	0	-0
4.0765	-11.994	0	-0
5.5428	-11.994	0	-0
7.0091	-11.994	0	-0
8.4754	-11.994	0	-0
9.9417	-11.994	0	-0
11.408	-11.994	0	-0
12.874	-11.994	0	-0
14.341	-11.994	0	-0
15.807	-11.994	0	-0
