#DaVis 7.4.0 2D-vector 96 22 22 "" "[mm]" "" "[mm]" "displacement" "[mm]"
-14.985	18.798	0	-0
-13.519	18.798	0	-0
-12.053	18.798	0	-0
-10.587	18.798	0	-0
-9.1202	18.798	0	-0
-7.6539	18.798	0	-0
-6.1876	18.798	0	-0
-4.7213	18.798	0	-0
-3.255	18.798	-0.11695	-0.1909
-1.7887	18.798	0.024539	0.93842
-0.32241	18.798	-0.27891	0.69404
1.1439	18.798	0.41252	0.73311
2.6102	18.798	-0.85172	0.44058
4.0765	18.798	-0.053362	0.073125
5.5428	18.798	-0.04878	-0.26491
7.0091	18.798	0.87349	0.39443
8.4754	18.798	0	-0
9.9417	18.798	0	-0
11.408	18.798	0	-0
12.874	18.798	0	-0
14.341	18.798	0	-0
15.807	18.798	0	-0
-14.985	17.332	0	-0
-13.519	17.332	0	-0
-12.053	17.332	0	-0
-10.587	17.332	0	-0
-9.1202	17.332	0	-0
-7.6539	17.332	0	-0
-6.1876	17.332	0	-0
-4.7213	17.332	0	-0
-3.255	17.332	-0.037275	0.070197
-1.7887	17.332	-0.36329	0.73439
-0.32241	17.332	-0.053293	0.10679
1.1439	17.332	-0.057779	0.12145
2.6102	17.332	-0.1756	-0.42659
4.0765	17.332	-0.066019	0.12046
5.5428	17.332	-0.050744	0.48917
7.0091	17.332	-0.0074252	0.58494
8.4754	17.332	0	-0
9.9417	17.332	0	-0
11.408	17.332	0	-0
12.874	17.332	0	-0
14.341	17.332	0	-0
15.807	17.332	0	-0
-14.985	15.866	0	-0
-13.519	15.866	0	-0
-12.053	15.866	0	-0
-10.587	15.866	0	-0
-9.1202	15.866	0	-0
-7.6539	15.866	0	-0
-6.1876	15.866	0	-0
-4.7213	15.866	0	-0
-3.255	15.866	-0.033537	0.05181
-1.7887	15.866	-0.037923	0.059652
-0.32241	15.866	-0.041132	0.070057
1.1439	15.866	-0.048044	0.081247
2.6102	15.866	-0.053835	0.090845
4.0765	15.866	-0.062767	0.10029
5.5428	15.866	-0.058555	0.10758
7.0091	15.866	-0.041794	0.11411
8.4754	15.866	0	-0
9.9417	15.866	0	-0
11.408	15.866	0	-0
12.874	15.866	0	-0
14.341	15.866	0	-0
15.807	15.866	0	-0
-14.985	14.399	0	-0
-13.519	14.399	0	-0
-12.053	14.399	0	-0
-10.587	14.399	0	-0
-9.1202	14.399	0	-0
-7.6539	14.399	0	-0
-6.1876	14.399	0	-0
-4.7213	14.399	0	-0
-3.255	14.399	-0.032688	0.038354
-1.7887	14.399	-0.03557	0.046035
-0.32241	14.399	-0.035564	0.053747
1.1439	14.399	-0.037768	0.062387
2.6102	14.399	-0.041586	0.070308
4.0765	14.399	-0.050653	0.083925
5.5428	14.399	-0.049173	0.093422
7.0091	14.399	-0.033889	0.10013
8.4754	14.399	0	-0
9.9417	14.399	0	-0
11.408	14.399	0	-0
12.874	14.399	0	-0
14.341	14.399	0	-0
15.807	14.399	0	-0
-14.985	12.933	0	-0
-13.519	12.933	0	-0
-12.053	12.933	0	-0
-10.587	12.933	0	-0
-9.1202	12.933	0	-0
-7.6539	12.933	0	-0
-6.1876	12.933	0	-0
-4.7213	12.933	0	-0
-3.255	12.933	-0.029487	0.027474
-1.7887	12.933	-0.032557	0.03736
-0.32241	12.933	-0.033659	0.044824
1.1439	12.933	-0.032111	0.050515
2.6102	12.933	-0.03298	0.056306
4.0765	12.933	-0.037997	0.065689
5.5428	12.933	-0.04025	0.07757
7.0091	12.933	-0.021959	0.088991
8.4754	12.933	0	-0
9.9417	12.933	0	-0
11.408	12.933	0	-0
12.874	12.933	0	-0
14.341	12.933	0	-0
15.807	12.933	0	-0
-14.985	11.467	0	-0
-13.519	11.467	0	-0
-12.053	11.467	0	-0
-10.587	11.467	0	-0
-9.1202	11.467	0	-0
-7.6539	11.467	0	-0
-6.1876	11.467	0	-0
-4.7213	11.467	0	-0
-3.255	11.467	-0.024448	0.017959
-1.7887	11.467	-0.026618	0.027127
-0.32241	11.467	-0.028959	0.035916
1.1439	11.467	-0.028092	0.042033
2.6102	11.467	-0.027625	0.046751
4.0765	11.467	-0.030381	0.052584
5.5428	11.467	-0.02991	0.059959
7.0091	11.467	-0.011643	0.070192
8.4754	11.467	0	-0
9.9417	11.467	0	-0
11.408	11.467	0	-0
12.874	11.467	0	-0
14.341	11.467	0	-0
15.807	11.467	0	-0
-14.985	10	0	-0
-13.519	10	0	-0
-12.053	10	0	-0
-10.587	10	0	-0
-9.1202	10	0	-0
-7.6539	10	0	-0
-6.1876	10	0	-0
-4.7213	10	0	-0
-3.255	10	-0.017819	0.0084833
-1.7887	10	-0.019764	0.019736
-0.32241	10	-0.020694	0.02907
1.1439	10	-0.022188	0.035768
2.6102	10	-0.022288	0.039624
4.0765	10	-0.024231	0.043219
5.5428	10	-0.022159	0.048722
7.0091	10	0.002964	0.056572
8.4754	10	0	-0
9.9417	10	0	-0
11.408	10	0	-0
12.874	10	0	-0
14.341	10	0	-0
15.807	10	0	-0
-14.985	8.534	0	-0
-13.519	8.534	0	-0
-12.053	8.534	0	-0
-10.587	8.534	0	-0
-9.1202	8.534	0	-0
-7.6539	8.534	0	-0
-6.1876	8.534	0	-0
-4.7213	8.534	0	-0
-3.255	8.534	-0.011385	0.0026447
-1.7887	8.534	-0.012363	0.0137
-0.32241	8.534	-0.013241	0.022371
1.1439	8.534	-0.015091	0.028453
2.6102	8.534	-0.016292	0.031681
4.0765	8.534	-0.018891	0.035976
5.5428	8.534	-0.016644	0.040108
7.0091	8.534	-0.00061036	0.045866
8.4754	8.534	0	-0
9.9417	8.534	0	-0
11.408	8.534	0	-0
12.874	8.534	0	-0
14.341	8.534	0	-0
15.807	8.534	0	-0
-14.985	7.0677	0	-0
-13.519	7.0677	0	-0
-12.053	7.0677	0	-0
-10.587	7.0677	0	-0
-9.1202	7.0677	0	-0
-7.6539	7.0677	0	-0
-6.1876	7.0677	0	-0
-4.7213	7.0677	0	-0
-3.255	7.0677	-0.0042083	-0.003858
-1.7887	7.0677	-0.0057682	0.0058183
-0.32241	7.0677	-0.0080166	0.013257
1.1439	7.0677	-0.010293	0.018635
2.6102	7.0677	-0.011077	0.023629
4.0765	7.0677	-0.013046	0.027424
5.5428	7.0677	-0.011892	0.031987
7.0091	7.0677	-0.0028005	0.037098
8.4754	7.0677	0	-0
9.9417	7.0677	0	-0
11.408	7.0677	0	-0
12.874	7.0677	0	-0
14.341	7.0677	0	-0
15.807	7.0677	0	-0
-14.985	5.6014	0	-0
-13.519	5.6014	0	-0
-12.053	5.6014	0	-0
-10.587	5.6014	0	-0
-9.1202	5.6014	0	-0
-7.6539	5.6014	0	-0
-6.1876	5.6014	0	-0
-4.7213	5.6014	0	-0
-3.255	5.6014	0.0018777	-0.01147
-1.7887	5.6014	-0.0004171	-0.003957
-0.32241	5.6014	-0.0036458	0.0022949
1.1439	5.6014	-0.0066645	0.0089399
2.6102	5.6014	-0.0084581	0.014485
4.0765	5.6014	-0.0089846	0.019704
5.5428	5.6014	-0.0091688	0.023454
7.0091	5.6014	-0.0008978	0.029854
8.4754	5.6014	0	-0
9.9417	5.6014	0	-0
11.408	5.6014	0	-0
12.874	5.6014	0	-0
14.341	5.6014	0	-0
15.807	5.6014	0	-0
-14.985	4.1351	0	-0
-13.519	4.1351	0	-0
-12.053	4.1351	0	-0
-10.587	4.1351	0	-0
-9.1202	4.1351	0	-0
-7.6539	4.1351	0	-0
-6.1876	4.1351	0	-0
-4.7213	4.1351	0	-0
-3.255	4.1351	0.0054749	-0.020669
-1.7887	4.1351	0.0028067	-0.013234
-0.32241	4.1351	-0.00032033	-0.0069072
1.1439	4.1351	-0.002749	9.4558e-005
2.6102	4.1351	-0.0052421	0.0058177
4.0765	4.1351	-0.0071759	0.011663
5.5428	4.1351	-0.0062691	0.016609
7.0091	4.1351	-0.0030508	0.022162
8.4754	4.1351	0	-0
9.9417	4.1351	0	-0
11.408	4.1351	0	-0
12.874	4.1351	0	-0
14.341	4.1351	0	-0
15.807	4.1351	0	-0
-14.985	2.6688	0	-0
-13.519	2.6688	0	-0
-12.053	2.6688	0	-0
-10.587	2.6688	0	-0
-9.1202	2.6688	0	-0
-7.6539	2.6688	0	-0
-6.1876	2.6688	0	-0
-4.7213	2.6688	0	-0
-3.255	2.6688	0.0081941	-0.029041
-1.7887	2.6688	0.0057369	-0.022015
-0.32241	2.6688	0.0037524	-0.016384
1.1439	2.6688	0.0014965	-0.0096108
2.6102	2.6688	-0.00086612	-0.0013141
4.0765	2.6688	-0.0028911	0.0055407
5.5428	2.6688	-0.0023472	0.010769
7.0091	2.6688	-0.0011638	0.016328
8.4754	2.6688	0	-0
9.9417	2.6688	0	-0
11.408	2.6688	0	-0
12.874	2.6688	0	-0
14.341	2.6688	0	-0
15.807	2.6688	0	-0
-14.985	1.2025	0	-0
-13.519	1.2025	0	-0
-12.053	1.2025	0	-0
-10.587	1.2025	0	-0
-9.1202	1.2025	0	-0
-7.6539	1.2025	0	-0
-6.1876	1.2025	0	-0
-4.7213	1.2025	0	-0
-3.255	1.2025	0.010007	-0.035847
-1.7887	1.2025	0.0087334	-0.028949
-0.32241	1.2025	0.0075922	-0.023209
1.1439	1.2025	0.0056641	-0.015441
2.6102	1.2025	0.0044002	-0.0074634
4.0765	1.2025	0.0034214	-0.0014661
5.5428	1.2025	0.0014781	0.0044419
7.0091	1.2025	0.0026262	0.011118
8.4754	1.2025	0	-0
9.9417	1.2025	0	-0
11.408	1.2025	0	-0
12.874	1.2025	0	-0
14.341	1.2025	0	-0
15.807	1.2025	0	-0
-14.985	-0.2638	0	-0
-13.519	-0.2638	0	-0
-12.053	-0.2638	0	-0
-10.587	-0.2638	0	-0
-9.1202	-0.2638	0	-0
-7.6539	-0.2638	0	-0
-6.1876	-0.2638	0	-0
-4.7213	-0.2638	0	-0
-3.255	-0.2638	0.012566	-0.042619
-1.7887	-0.2638	0.012215	-0.035648
-0.32241	-0.2638	0.010836	-0.028709
1.1439	-0.2638	0.010847	-0.021451
2.6102	-0.2638	0.009848	-0.015187
4.0765	-0.2638	0.0069674	-0.0088658
5.5428	-0.2638	0.0035726	-0.0032629
7.0091	-0.2638	0.0025496	0.0030427
8.4754	-0.2638	0	-0
9.9417	-0.2638	0	-0
11.408	-0.2638	0	-0
12.874	-0.2638	0	-0
14.341	-0.2638	0	-0
15.807	-0.2638	0	-0
-14.985	-1.7301	0	-0
-13.519	-1.7301	0	-0
-12.053	-1.7301	0	-0
-10.587	-1.7301	0	-0
-9.1202	-1.7301	0	-0
-7.6539	-1.7301	0	-0
-6.1876	-1.7301	0	-0
-4.7213	-1.7301	0	-0
-3.255	-1.7301	0.017375	-0.049929
-1.7887	-1.7301	0.017347	-0.041903
-0.32241	-1.7301	0.017176	-0.035788
1.1439	-1.7301	0.016802	-0.028733
2.6102	-1.7301	0.014151	-0.023843
4.0765	-1.7301	0.0096569	-0.018116
5.5428	-1.7301	0.0063175	-0.011719
7.0091	-1.7301	0.003043	-0.0058695
8.4754	-1.7301	0	-0
9.9417	-1.7301	0	-0
11.408	-1.7301	0	-0
12.874	-1.7301	0	-0
14.341	-1.7301	0	-0
15.807	-1.7301	0	-0
-14.985	-3.1964	0	-0
-13.519	-3.1964	0	-0
-12.053	-3.1964	0	-0
-10.587	-3.1964	0	-0
-9.1202	-3.1964	0	-0
-7.6539	-3.1964	0	-0
-6.1876	-3.1964	0	-0
-4.7213	-3.1964	0	-0
-3.255	-3.1964	0.025546	-0.060874
-1.7887	-3.1964	0.024771	-0.050145
-0.32241	-3.1964	0.023968	-0.042047
1.1439	-3.1964	0.0226	-0.036709
2.6102	-3.1964	0.019843	-0.03386
4.0765	-3.1964	0.014516	-0.029379
5.5428	-3.1964	0.0095679	-0.022273
7.0091	-3.1964	0.0045818	-0.015465
8.4754	-3.1964	0	-0
9.9417	-3.1964	0	-0
11.408	-3.1964	0	-0
12.874	-3.1964	0	-0
14.341	-3.1964	0	-0
15.807	-3.1964	0	-0
-14.985	-4.6627	0	-0
-13.519	-4.6627	0	-0
-12.053	-4.6627	0	-0
-10.587	-4.6627	0	-0
-9.1202	-4.6627	0	-0
-7.6539	-4.6627	0	-0
-6.1876	-4.6627	0	-0
-4.7213	-4.6627	0	-0
-3.255	-4.6627	0.035635	-0.073841
-1.7887	-4.6627	0.033435	-0.06119
-0.32241	-4.6627	0.031092	-0.053168
1.1439	-4.6627	0.028113	-0.048254
2.6102	-4.6627	0.023994	-0.045212
4.0765	-4.6627	0.020234	-0.041991
5.5428	-4.6627	0.016517	-0.032829
7.0091	-4.6627	0.0050819	-0.026397
8.4754	-4.6627	0	-0
9.9417	-4.6627	0	-0
11.408	-4.6627	0	-0
12.874	-4.6627	0	-0
14.341	-4.6627	0	-0
15.807	-4.6627	0	-0
-14.985	-6.129	0	-0
-13.519	-6.129	0	-0
-12.053	-6.129	0	-0
-10.587	-6.129	0	-0
-9.1202	-6.129	0	-0
-7.6539	-6.129	0	-0
-6.1876	-6.129	0	-0
-4.7213	-6.129	0	-0
-3.255	-6.129	0.048586	-0.087481
-1.7887	-6.129	0.044746	-0.079305
-0.32241	-6.129	0.039282	-0.070421
1.1439	-6.129	0.033916	-0.063621
2.6102	-6.129	0.029261	-0.05787
4.0765	-6.129	0.027007	-0.051626
5.5428	-6.129	0.022757	-0.04379
7.0091	-6.129	0.0065801	-0.036861
8.4754	-6.129	0	-0
9.9417	-6.129	0	-0
11.408	-6.129	0	-0
12.874	-6.129	0	-0
14.341	-6.129	0	-0
15.807	-6.129	0	-0
-14.985	-7.5953	0	-0
-13.519	-7.5953	0	-0
-12.053	-7.5953	0	-0
-10.587	-7.5953	0	-0
-9.1202	-7.5953	0	-0
-7.6539	-7.5953	0	-0
-6.1876	-7.5953	0	-0
-4.7213	-7.5953	0	-0
-3.255	-7.5953	0.057053	-0.10514
-1.7887	-7.5953	0.052264	-0.1014
-0.32241	-7.5953	0.049692	-0.095084
1.1439	-7.5953	0.042059	-0.083969
2.6102	-7.5953	0.03757	-0.07363
4.0765	-7.5953	0.036035	-0.06429
5.5428	-7.5953	0.027518	-0.057761
7.0091	-7.5953	0.0097766	-0.049636
8.4754	-7.5953	0	-0
9.9417	-7.5953	0	-0
11.408	-7.5953	0	-0
12.874	-7.5953	0	-0
14.341	-7.5953	0	-0
15.807	-7.5953	0	-0
-14.985	-9.0616	0	-0
-13.519	-9.0616	0	-0
-12.053	-9.0616	0	-0
-10.587	-9.0616	0	-0
-9.1202	-9.0616	0	-0
-7.6539	-9.0616	0	-0
-6.1876	-9.0616	0	-0
-4.7213	-9.0616	0	-0
-3.255	-9.0616	0.061787	-0.11858
-1.7887	-9.0616	0.057537	-0.11726
-0.32241	-9.0616	0.054734	-0.11446
1.1439	-9.0616	0.051567	-0.10675
2.6102	-9.0616	0.048153	-0.095843
4.0765	-9.0616	0.043417	-0.086837
5.5428	-9.0616	0.03002	-0.076494
7.0091	-9.0616	0.007244	-0.07651
8.4754	-9.0616	0	-0
9.9417	-9.0616	0	-0
11.408	-9.0616	0	-0
12.874	-9.0616	0	-0
14.341	-9.0616	0	-0
15.807	-9.0616	0	-0
-14.985	-10.528	0	-0
-13.519	-10.528	0	-0
-12.053	-10.528	0	-0
-10.587	-10.528	0	-0
-9.1202	-10.528	0	-0
-7.6539	-10.528	0	-0
-6.1876	-10.528	0	-0
-4.7213	-10.528	0	-0
-3.255	-10.528	0.063051	-0.13328
-1.7887	-10.528	0.060541	-0.13569
-0.32241	-10.528	0.058763	-0.13394
1.1439	-10.528	0.056198	-0.12971
2.6102	-10.528	0.054132	-0.12476
4.0765	-10.528	0.046443	-0.11757
5.5428	-10.528	0.030747	-0.11367
7.0091	-10.528	0.004004	-0.1173
8.4754	-10.528	0	-0
9.9417	-10.528	0	-0
11.408	-10.528	0	-0
12.874	-10.528	0	-0
14.341	-10.528	0	-0
15.807	-10.528	0	-0
-14.985	-11.994	0	-0
-13.519	-11.994	0	-0
-12.053	-11.994	0	-0
-10.587	-11.994	0	-0
-9.1202	-11.994	0	-0
-7.6539	-11.994	0	-0
-6.1876	-11.994	0	-0
-4.7213	-11.994	0	-0
-3.255	-11.994	0	-0
-1.7887	-11.994	0	-0
-0.32241	-11.994	0	-0
1.1439	-11.994	0	-0
2.6102	-11.994	0	-0
4.0765	-11.994	0	-0
5.5428	-11.994	0	-0
7.0091	-11.994	0	-0
8.4754	-11.994	0	-0
9.9417	-11.994	0	-0
11.408	-11.994	0	-0
12.874	-11.994	0	-0
14.341	-11.994	0	-0
15.807	-11.994	0	-0
