#DaVis 7.4.0 2D-vector 96 22 22 "" "[mm]" "" "[mm]" "displacement" "[mm]"
-14.985	18.798	0	-0
-13.519	18.798	0	-0
-12.053	18.798	0	-0
-10.587	18.798	0	-0
-9.1202	18.798	0	-0
-7.6539	18.798	0	-0
-6.1876	18.798	0	-0
-4.7213	18.798	0	-0
-3.255	18.798	-0.02712	0.044166
-1.7887	18.798	-0.026801	0.033355
-0.32241	18.798	0.15888	0.99262
1.1439	18.798	-0.88496	-0.84394
2.6102	18.798	-0.032816	-0.57535
4.0765	18.798	-0.028493	0.98091
5.5428	18.798	-0.023754	-0.22145
7.0091	18.798	-0.0068507	-0.078727
8.4754	18.798	0	-0
9.9417	18.798	0	-0
11.408	18.798	0	-0
12.874	18.798	0	-0
14.341	18.798	0	-0
15.807	18.798	0	-0
-14.985	17.332	0	-0
-13.519	17.332	0	-0
-12.053	17.332	0	-0
-10.587	17.332	0	-0
-9.1202	17.332	0	-0
-7.6539	17.332	0	-0
-6.1876	17.332	0	-0
-4.7213	17.332	0	-0
-3.255	17.332	-0.022656	0.051375
-1.7887	17.332	-0.023108	0.052914
-0.32241	17.332	-0.023731	0.055093
1.1439	17.332	-0.025705	0.058221
2.6102	17.332	-0.026241	0.062541
4.0765	17.332	-0.027435	0.066938
5.5428	17.332	-0.024695	0.067498
7.0091	17.332	-0.0065068	0.073741
8.4754	17.332	0	-0
9.9417	17.332	0	-0
11.408	17.332	0	-0
12.874	17.332	0	-0
14.341	17.332	0	-0
15.807	17.332	0	-0
-14.985	15.866	0	-0
-13.519	15.866	0	-0
-12.053	15.866	0	-0
-10.587	15.866	0	-0
-9.1202	15.866	0	-0
-7.6539	15.866	0	-0
-6.1876	15.866	0	-0
-4.7213	15.866	0	-0
-3.255	15.866	-0.018657	0.042039
-1.7887	15.866	-0.019429	0.047409
-0.32241	15.866	-0.019979	0.051515
1.1439	15.866	-0.021363	0.054908
2.6102	15.866	-0.022624	0.058403
4.0765	15.866	-0.024342	0.061651
5.5428	15.866	-0.022902	0.066081
7.0091	15.866	-0.012239	0.069146
8.4754	15.866	0	-0
9.9417	15.866	0	-0
11.408	15.866	0	-0
12.874	15.866	0	-0
14.341	15.866	0	-0
15.807	15.866	0	-0
-14.985	14.399	0	-0
-13.519	14.399	0	-0
-12.053	14.399	0	-0
-10.587	14.399	0	-0
-9.1202	14.399	0	-0
-7.6539	14.399	0	-0
-6.1876	14.399	0	-0
-4.7213	14.399	0	-0
-3.255	14.399	-0.016302	0.035842
-1.7887	14.399	-0.018324	0.041338
-0.32241	14.399	-0.018334	0.045731
1.1439	14.399	-0.018065	0.049952
2.6102	14.399	-0.018879	0.05175
4.0765	14.399	-0.020936	0.055494
5.5428	14.399	-0.019336	0.059056
7.0091	14.399	-0.012788	0.062152
8.4754	14.399	0	-0
9.9417	14.399	0	-0
11.408	14.399	0	-0
12.874	14.399	0	-0
14.341	14.399	0	-0
15.807	14.399	0	-0
-14.985	12.933	0	-0
-13.519	12.933	0	-0
-12.053	12.933	0	-0
-10.587	12.933	0	-0
-9.1202	12.933	0	-0
-7.6539	12.933	0	-0
-6.1876	12.933	0	-0
-4.7213	12.933	0	-0
-3.255	12.933	-0.014283	0.028475
-1.7887	12.933	-0.015796	0.034536
-0.32241	12.933	-0.016991	0.039449
1.1439	12.933	-0.016229	0.042388
2.6102	12.933	-0.016101	0.045315
4.0765	12.933	-0.016674	0.048424
5.5428	12.933	-0.016876	0.051839
7.0091	12.933	-0.011002	0.05427
8.4754	12.933	0	-0
9.9417	12.933	0	-0
11.408	12.933	0	-0
12.874	12.933	0	-0
14.341	12.933	0	-0
15.807	12.933	0	-0
-14.985	11.467	0	-0
-13.519	11.467	0	-0
-12.053	11.467	0	-0
-10.587	11.467	0	-0
-9.1202	11.467	0	-0
-7.6539	11.467	0	-0
-6.1876	11.467	0	-0
-4.7213	11.467	0	-0
-3.255	11.467	-0.011306	0.020899
-1.7887	11.467	-0.012658	0.027747
-0.32241	11.467	-0.013963	0.032692
1.1439	11.467	-0.013499	0.036485
2.6102	11.467	-0.013184	0.039137
4.0765	11.467	-0.014076	0.041886
5.5428	11.467	-0.01375	0.044313
7.0091	11.467	-0.010263	0.046717
8.4754	11.467	0	-0
9.9417	11.467	0	-0
11.408	11.467	0	-0
12.874	11.467	0	-0
14.341	11.467	0	-0
15.807	11.467	0	-0
-14.985	10	0	-0
-13.519	10	0	-0
-12.053	10	0	-0
-10.587	10	0	-0
-9.1202	10	0	-0
-7.6539	10	0	-0
-6.1876	10	0	-0
-4.7213	10	0	-0
-3.255	10	-0.0073686	0.014692
-1.7887	10	-0.0086787	0.022076
-0.32241	10	-0.0088479	0.027826
1.1439	10	-0.009559	0.031612
2.6102	10	-0.0098173	0.03353
4.0765	10	-0.011222	0.035435
5.5428	10	-0.011207	0.036808
7.0091	10	-0.0091459	0.039948
8.4754	10	0	-0
9.9417	10	0	-0
11.408	10	0	-0
12.874	10	0	-0
14.341	10	0	-0
15.807	10	0	-0
-14.985	8.534	0	-0
-13.519	8.534	0	-0
-12.053	8.534	0	-0
-10.587	8.534	0	-0
-9.1202	8.534	0	-0
-7.6539	8.534	0	-0
-6.1876	8.534	0	-0
-4.7213	8.534	0	-0
-3.255	8.534	-0.0038108	0.010088
-1.7887	8.534	-0.0041934	0.017352
-0.32241	8.534	-0.0043978	0.022724
1.1439	8.534	-0.0054143	0.025664
2.6102	8.534	-0.0062614	0.026373
4.0765	8.534	-0.0076319	0.028494
5.5428	8.534	-0.0085521	0.0302
7.0091	8.534	-0.0079595	0.032163
8.4754	8.534	0	-0
9.9417	8.534	0	-0
11.408	8.534	0	-0
12.874	8.534	0	-0
14.341	8.534	0	-0
15.807	8.534	0	-0
-14.985	7.0677	0	-0
-13.519	7.0677	0	-0
-12.053	7.0677	0	-0
-10.587	7.0677	0	-0
-9.1202	7.0677	0	-0
-7.6539	7.0677	0	-0
-6.1876	7.0677	0	-0
-4.7213	7.0677	0	-0
-3.255	7.0677	0.000598	0.0046483
-1.7887	7.0677	-0.00052949	0.010785
-0.32241	7.0677	-0.0020024	0.015027
1.1439	7.0677	-0.0035915	0.017226
2.6102	7.0677	-0.0039798	0.01929
4.0765	7.0677	-0.0041062	0.020546
5.5428	7.0677	-0.0056671	0.022952
7.0091	7.0677	-0.0066482	0.0247
8.4754	7.0677	0	-0
9.9417	7.0677	0	-0
11.408	7.0677	0	-0
12.874	7.0677	0	-0
14.341	7.0677	0	-0
15.807	7.0677	0	-0
-14.985	5.6014	0	-0
-13.519	5.6014	0	-0
-12.053	5.6014	0	-0
-10.587	5.6014	0	-0
-9.1202	5.6014	0	-0
-7.6539	5.6014	0	-0
-6.1876	5.6014	0	-0
-4.7213	5.6014	0	-0
-3.255	5.6014	0.0040858	-0.00198
-1.7887	5.6014	0.0023158	0.0025609
-0.32241	5.6014	-0.00019731	0.0062317
1.1439	5.6014	-0.0024682	0.0095498
2.6102	5.6014	-0.0037921	0.011935
4.0765	5.6014	-0.0030926	0.014043
5.5428	5.6014	-0.0041756	0.015285
7.0091	5.6014	-0.0054252	0.018394
8.4754	5.6014	0	-0
9.9417	5.6014	0	-0
11.408	5.6014	0	-0
12.874	5.6014	0	-0
14.341	5.6014	0	-0
15.807	5.6014	0	-0
-14.985	4.1351	0	-0
-13.519	4.1351	0	-0
-12.053	4.1351	0	-0
-10.587	4.1351	0	-0
-9.1202	4.1351	0	-0
-7.6539	4.1351	0	-0
-6.1876	4.1351	0	-0
-4.7213	4.1351	0	-0
-3.255	4.1351	0.0054747	-0.0095673
-1.7887	4.1351	0.0032407	-0.0052645
-0.32241	4.1351	0.0010415	-0.0012484
1.1439	4.1351	-0.00074434	0.0024327
2.6102	4.1351	-0.002883	0.0048964
4.0765	4.1351	-0.0027676	0.0073211
5.5428	4.1351	-0.0032429	0.0091385
7.0091	4.1351	-0.003649	0.012705
8.4754	4.1351	0	-0
9.9417	4.1351	0	-0
11.408	4.1351	0	-0
12.874	4.1351	0	-0
14.341	4.1351	0	-0
15.807	4.1351	0	-0
-14.985	2.6688	0	-0
-13.519	2.6688	0	-0
-12.053	2.6688	0	-0
-10.587	2.6688	0	-0
-9.1202	2.6688	0	-0
-7.6539	2.6688	0	-0
-6.1876	2.6688	0	-0
-4.7213	2.6688	0	-0
-3.255	2.6688	0.0060514	-0.016117
-1.7887	2.6688	0.0044074	-0.01246
-0.32241	2.6688	0.0029046	-0.0099129
1.1439	2.6688	0.00056113	-0.0062236
2.6102	2.6688	-0.0010356	-0.0013098
4.0765	2.6688	-0.0017243	0.0019128
5.5428	2.6688	-0.0020745	0.0038968
7.0091	2.6688	-0.0029594	0.0065307
8.4754	2.6688	0	-0
9.9417	2.6688	0	-0
11.408	2.6688	0	-0
12.874	2.6688	0	-0
14.341	2.6688	0	-0
15.807	2.6688	0	-0
-14.985	1.2025	0	-0
-13.519	1.2025	0	-0
-12.053	1.2025	0	-0
-10.587	1.2025	0	-0
-9.1202	1.2025	0	-0
-7.6539	1.2025	0	-0
-6.1876	1.2025	0	-0
-4.7213	1.2025	0	-0
-3.255	1.2025	0.0058037	-0.021572
-1.7887	1.2025	0.0050396	-0.018246
-0.32241	1.2025	0.0042277	-0.015475
1.1439	1.2025	0.0027715	-0.011311
2.6102	1.2025	0.001812	-0.0071092
4.0765	1.2025	0.0010275	-0.0046195
5.5428	1.2025	-0.00062239	-0.0018209
7.0091	1.2025	-0.0024588	0.0015304
8.4754	1.2025	0	-0
9.9417	1.2025	0	-0
11.408	1.2025	0	-0
12.874	1.2025	0	-0
14.341	1.2025	0	-0
15.807	1.2025	0	-0
-14.985	-0.2638	0	-0
-13.519	-0.2638	0	-0
-12.053	-0.2638	0	-0
-10.587	-0.2638	0	-0
-9.1202	-0.2638	0	-0
-7.6539	-0.2638	0	-0
-6.1876	-0.2638	0	-0
-4.7213	-0.2638	0	-0
-3.255	-0.2638	0.0058157	-0.02672
-1.7887	-0.2638	0.0058327	-0.023723
-0.32241	-0.2638	0.0050709	-0.020655
1.1439	-0.2638	0.0053317	-0.017028
2.6102	-0.2638	0.0045071	-0.01377
4.0765	-0.2638	0.0021593	-0.011064
5.5428	-0.2638	-0.00088417	-0.009341
7.0091	-0.2638	-0.0023725	-0.0063221
8.4754	-0.2638	0	-0
9.9417	-0.2638	0	-0
11.408	-0.2638	0	-0
12.874	-0.2638	0	-0
14.341	-0.2638	0	-0
15.807	-0.2638	0	-0
-14.985	-1.7301	0	-0
-13.519	-1.7301	0	-0
-12.053	-1.7301	0	-0
-10.587	-1.7301	0	-0
-9.1202	-1.7301	0	-0
-7.6539	-1.7301	0	-0
-6.1876	-1.7301	0	-0
-4.7213	-1.7301	0	-0
-3.255	-1.7301	0.0073881	-0.03168
-1.7887	-1.7301	0.0079822	-0.028519
-0.32241	-1.7301	0.0079537	-0.026215
1.1439	-1.7301	0.0079784	-0.022188
2.6102	-1.7301	0.0056827	-0.021925
4.0765	-1.7301	0.0026273	-0.020108
5.5428	-1.7301	-0.00045315	-0.017409
7.0091	-1.7301	-0.0021342	-0.014333
8.4754	-1.7301	0	-0
9.9417	-1.7301	0	-0
11.408	-1.7301	0	-0
12.874	-1.7301	0	-0
14.341	-1.7301	0	-0
15.807	-1.7301	0	-0
-14.985	-3.1964	0	-0
-13.519	-3.1964	0	-0
-12.053	-3.1964	0	-0
-10.587	-3.1964	0	-0
-9.1202	-3.1964	0	-0
-7.6539	-3.1964	0	-0
-6.1876	-3.1964	0	-0
-4.7213	-3.1964	0	-0
-3.255	-3.1964	0.010397	-0.03769
-1.7887	-3.1964	0.010836	-0.034547
-0.32241	-3.1964	0.010726	-0.031238
1.1439	-3.1964	0.0094063	-0.030191
2.6102	-3.1964	0.0077778	-0.029914
4.0765	-3.1964	0.0036855	-0.029382
5.5428	-3.1964	0.00079374	-0.026951
7.0091	-3.1964	-0.0018364	-0.02344
8.4754	-3.1964	0	-0
9.9417	-3.1964	0	-0
11.408	-3.1964	0	-0
12.874	-3.1964	0	-0
14.341	-3.1964	0	-0
15.807	-3.1964	0	-0
-14.985	-4.6627	0	-0
-13.519	-4.6627	0	-0
-12.053	-4.6627	0	-0
-10.587	-4.6627	0	-0
-9.1202	-4.6627	0	-0
-7.6539	-4.6627	0	-0
-6.1876	-4.6627	0	-0
-4.7213	-4.6627	0	-0
-3.255	-4.6627	0.013548	-0.043808
-1.7887	-4.6627	0.013262	-0.040383
-0.32241	-4.6627	0.013015	-0.038722
1.1439	-4.6627	0.011383	-0.038753
2.6102	-4.6627	0.0084593	-0.03943
4.0765	-4.6627	0.0049019	-0.040059
5.5428	-4.6627	0.0024777	-0.036252
7.0091	-4.6627	-0.00086046	-0.032594
8.4754	-4.6627	0	-0
9.9417	-4.6627	0	-0
11.408	-4.6627	0	-0
12.874	-4.6627	0	-0
14.341	-4.6627	0	-0
15.807	-4.6627	0	-0
-14.985	-6.129	0	-0
-13.519	-6.129	0	-0
-12.053	-6.129	0	-0
-10.587	-6.129	0	-0
-9.1202	-6.129	0	-0
-7.6539	-6.129	0	-0
-6.1876	-6.129	0	-0
-4.7213	-6.129	0	-0
-3.255	-6.129	0.01606	-0.049861
-1.7887	-6.129	0.015472	-0.048421
-0.32241	-6.129	0.014524	-0.047588
1.1439	-6.129	0.011833	-0.047781
2.6102	-6.129	0.0092688	-0.049297
4.0765	-6.129	0.006244	-0.048438
5.5428	-6.129	0.0042076	-0.04456
7.0091	-6.129	0.00044326	-0.041291
8.4754	-6.129	0	-0
9.9417	-6.129	0	-0
11.408	-6.129	0	-0
12.874	-6.129	0	-0
14.341	-6.129	0	-0
15.807	-6.129	0	-0
-14.985	-7.5953	0	-0
-13.519	-7.5953	0	-0
-12.053	-7.5953	0	-0
-10.587	-7.5953	0	-0
-9.1202	-7.5953	0	-0
-7.6539	-7.5953	0	-0
-6.1876	-7.5953	0	-0
-4.7213	-7.5953	0	-0
-3.255	-7.5953	0.015863	-0.055789
-1.7887	-7.5953	0.01452	-0.056263
-0.32241	-7.5953	0.013512	-0.056185
1.1439	-7.5953	0.011713	-0.05606
2.6102	-7.5953	0.009758	-0.056467
4.0765	-7.5953	0.008233	-0.054379
5.5428	-7.5953	0.0054278	-0.051829
7.0091	-7.5953	0.0013361	-0.048611
8.4754	-7.5953	0	-0
9.9417	-7.5953	0	-0
11.408	-7.5953	0	-0
12.874	-7.5953	0	-0
14.341	-7.5953	0	-0
15.807	-7.5953	0	-0
-14.985	-9.0616	0	-0
-13.519	-9.0616	0	-0
-12.053	-9.0616	0	-0
-10.587	-9.0616	0	-0
-9.1202	-9.0616	0	-0
-7.6539	-9.0616	0	-0
-6.1876	-9.0616	0	-0
-4.7213	-9.0616	0	-0
-3.255	-9.0616	0.014218	-0.060349
-1.7887	-9.0616	0.012982	-0.061798
-0.32241	-9.0616	0.011934	-0.062716
1.1439	-9.0616	0.011104	-0.062633
2.6102	-9.0616	0.0098912	-0.062191
4.0765	-9.0616	0.0085863	-0.061267
5.5428	-9.0616	0.0055613	-0.058685
7.0091	-9.0616	0.0011193	-0.057951
8.4754	-9.0616	0	-0
9.9417	-9.0616	0	-0
11.408	-9.0616	0	-0
12.874	-9.0616	0	-0
14.341	-9.0616	0	-0
15.807	-9.0616	0	-0
-14.985	-10.528	0	-0
-13.519	-10.528	0	-0
-12.053	-10.528	0	-0
-10.587	-10.528	0	-0
-9.1202	-10.528	0	-0
-7.6539	-10.528	0	-0
-6.1876	-10.528	0	-0
-4.7213	-10.528	0	-0
-3.255	-10.528	0.012133	-0.066283
-1.7887	-10.528	0.011233	-0.069221
-0.32241	-10.528	0.010691	-0.070753
1.1439	-10.528	0.0095764	-0.071206
2.6102	-10.528	0.0084485	-0.071258
4.0765	-10.528	0.0070461	-0.069766
5.5428	-10.528	0.0043695	-0.068883
7.0091	-10.528	0.00015794	-0.070332
8.4754	-10.528	0	-0
9.9417	-10.528	0	-0
11.408	-10.528	0	-0
12.874	-10.528	0	-0
14.341	-10.528	0	-0
15.807	-10.528	0	-0
-14.985	-11.994	0	-0
-13.519	-11.994	0	-0
-12.053	-11.994	0	-0
-10.587	-11.994	0	-0
-9.1202	-11.994	0	-0
-7.6539	-11.994	0	-0
-6.1876	-11.994	0	-0
-4.7213	-11.994	0	-0
-3.255	-11.994	0	-0
-1.7887	-11.994	0	-0
-0.32241	-11.994	0	-0
1.1439	-11.994	0	-0
2.6102	-11.994	0	-0
4.0765	-11.994	0	-0
5.5428	-11.994	0	-0
7.0091	-11.994	0	-0
8.4754	-11.994	0	-0
9.9417	-11.994	0	-0
11.408	-11.994	0	-0
12.874	-11.994	0	-0
14.341	-11.994	0	-0
15.807	-11.994	0	-0
