#DaVis 7.4.0 2D-vector 96 22 22 "" "[mm]" "" "[mm]" "displacement" "[mm]"
-14.985	18.798	0	-0
-13.519	18.798	0	-0
-12.053	18.798	0	-0
-10.587	18.798	0	-0
-9.1202	18.798	0	-0
-7.6539	18.798	0	-0
-6.1876	18.798	0	-0
-4.7213	18.798	0	-0
-3.255	18.798	-0.032075	0.048523
-1.7887	18.798	-0.032376	-0.71975
-0.32241	18.798	-0.36395	0.96826
1.1439	18.798	-0.23314	-0.33325
2.6102	18.798	-0.034565	-0.58823
4.0765	18.798	-0.029466	0.88498
5.5428	18.798	-0.024086	-0.24213
7.0091	18.798	-0.0012795	-0.1195
8.4754	18.798	0	-0
9.9417	18.798	0	-0
11.408	18.798	0	-0
12.874	18.798	0	-0
14.341	18.798	0	-0
15.807	18.798	0	-0
-14.985	17.332	0	-0
-13.519	17.332	0	-0
-12.053	17.332	0	-0
-10.587	17.332	0	-0
-9.1202	17.332	0	-0
-7.6539	17.332	0	-0
-6.1876	17.332	0	-0
-4.7213	17.332	0	-0
-3.255	17.332	-0.027708	0.053323
-1.7887	17.332	-0.02806	0.055152
-0.32241	17.332	-0.028807	0.05768
1.1439	17.332	-0.030757	0.061128
2.6102	17.332	-0.030288	0.062817
4.0765	17.332	-0.03099	0.070234
5.5428	17.332	-0.025603	0.066052
7.0091	17.332	-0.0013829	0.077598
8.4754	17.332	0	-0
9.9417	17.332	0	-0
11.408	17.332	0	-0
12.874	17.332	0	-0
14.341	17.332	0	-0
15.807	17.332	0	-0
-14.985	15.866	0	-0
-13.519	15.866	0	-0
-12.053	15.866	0	-0
-10.587	15.866	0	-0
-9.1202	15.866	0	-0
-7.6539	15.866	0	-0
-6.1876	15.866	0	-0
-4.7213	15.866	0	-0
-3.255	15.866	-0.023271	0.04368
-1.7887	15.866	-0.024164	0.049513
-0.32241	15.866	-0.024543	0.053694
1.1439	15.866	-0.026068	0.05727
2.6102	15.866	-0.027536	0.06071
4.0765	15.866	-0.029141	0.064879
5.5428	15.866	-0.025394	0.069726
7.0091	15.866	-0.0066204	0.073492
8.4754	15.866	0	-0
9.9417	15.866	0	-0
11.408	15.866	0	-0
12.874	15.866	0	-0
14.341	15.866	0	-0
15.807	15.866	0	-0
-14.985	14.399	0	-0
-13.519	14.399	0	-0
-12.053	14.399	0	-0
-10.587	14.399	0	-0
-9.1202	14.399	0	-0
-7.6539	14.399	0	-0
-6.1876	14.399	0	-0
-4.7213	14.399	0	-0
-3.255	14.399	-0.020307	0.035135
-1.7887	14.399	-0.022587	0.04255
-0.32241	14.399	-0.022693	0.04736
1.1439	14.399	-0.022221	0.051905
2.6102	14.399	-0.022818	0.05434
4.0765	14.399	-0.026068	0.058538
5.5428	14.399	-0.021717	0.062391
7.0091	14.399	-0.0018654	0.066287
8.4754	14.399	0	-0
9.9417	14.399	0	-0
11.408	14.399	0	-0
12.874	14.399	0	-0
14.341	14.399	0	-0
15.807	14.399	0	-0
-14.985	12.933	0	-0
-13.519	12.933	0	-0
-12.053	12.933	0	-0
-10.587	12.933	0	-0
-9.1202	12.933	0	-0
-7.6539	12.933	0	-0
-6.1876	12.933	0	-0
-4.7213	12.933	0	-0
-3.255	12.933	-0.017784	0.028589
-1.7887	12.933	-0.019699	0.035378
-0.32241	12.933	-0.020914	0.040662
1.1439	12.933	-0.020181	0.044037
2.6102	12.933	-0.019896	0.047381
4.0765	12.933	-0.021097	0.050922
5.5428	12.933	-0.018992	0.054457
7.0091	12.933	0.0026761	0.057559
8.4754	12.933	0	-0
9.9417	12.933	0	-0
11.408	12.933	0	-0
12.874	12.933	0	-0
14.341	12.933	0	-0
15.807	12.933	0	-0
-14.985	11.467	0	-0
-13.519	11.467	0	-0
-12.053	11.467	0	-0
-10.587	11.467	0	-0
-9.1202	11.467	0	-0
-7.6539	11.467	0	-0
-6.1876	11.467	0	-0
-4.7213	11.467	0	-0
-3.255	11.467	-0.014297	0.020572
-1.7887	11.467	-0.01608	0.027866
-0.32241	11.467	-0.017533	0.033518
1.1439	11.467	-0.016893	0.037811
2.6102	11.467	-0.016599	0.040845
4.0765	11.467	-0.017914	0.044079
5.5428	11.467	-0.014953	0.046734
7.0091	11.467	-0.0031268	0.049971
8.4754	11.467	0	-0
9.9417	11.467	0	-0
11.408	11.467	0	-0
12.874	11.467	0	-0
14.341	11.467	0	-0
15.807	11.467	0	-0
-14.985	10	0	-0
-13.519	10	0	-0
-12.053	10	0	-0
-10.587	10	0	-0
-9.1202	10	0	-0
-7.6539	10	0	-0
-6.1876	10	0	-0
-4.7213	10	0	-0
-3.255	10	-0.0098947	0.013914
-1.7887	10	-0.011586	0.022054
-0.32241	10	-0.011764	0.028261
1.1439	10	-0.012602	0.032562
2.6102	10	-0.01272	0.035073
4.0765	10	-0.014221	0.037634
5.5428	10	-0.011655	0.039509
7.0091	10	-0.00048016	0.043811
8.4754	10	0	-0
9.9417	10	0	-0
11.408	10	0	-0
12.874	10	0	-0
14.341	10	0	-0
15.807	10	0	-0
-14.985	8.534	0	-0
-13.519	8.534	0	-0
-12.053	8.534	0	-0
-10.587	8.534	0	-0
-9.1202	8.534	0	-0
-7.6539	8.534	0	-0
-6.1876	8.534	0	-0
-4.7213	8.534	0	-0
-3.255	8.534	-0.005839	0.0089513
-1.7887	8.534	-0.0065287	0.01696
-0.32241	8.534	-0.0067183	0.022924
1.1439	8.534	-0.0078853	0.026364
2.6102	8.534	-0.0088377	0.027696
4.0765	8.534	-0.010629	0.030442
5.5428	8.534	-0.0081301	0.032689
7.0091	8.534	0.0016547	0.035134
8.4754	8.534	0	-0
9.9417	8.534	0	-0
11.408	8.534	0	-0
12.874	8.534	0	-0
14.341	8.534	0	-0
15.807	8.534	0	-0
-14.985	7.0677	0	-0
-13.519	7.0677	0	-0
-12.053	7.0677	0	-0
-10.587	7.0677	0	-0
-9.1202	7.0677	0	-0
-7.6539	7.0677	0	-0
-6.1876	7.0677	0	-0
-4.7213	7.0677	0	-0
-3.255	7.0677	-0.0007855	0.0032337
-1.7887	7.0677	-0.0020916	0.010117
-0.32241	7.0677	-0.0038653	0.01502
1.1439	7.0677	-0.0056509	0.017942
2.6102	7.0677	-0.0060262	0.020412
4.0765	7.0677	-0.006222	0.022371
5.5428	7.0677	-0.005316	0.024971
7.0091	7.0677	0.002434	0.02702
8.4754	7.0677	0	-0
9.9417	7.0677	0	-0
11.408	7.0677	0	-0
12.874	7.0677	0	-0
14.341	7.0677	0	-0
15.807	7.0677	0	-0
-14.985	5.6014	0	-0
-13.519	5.6014	0	-0
-12.053	5.6014	0	-0
-10.587	5.6014	0	-0
-9.1202	5.6014	0	-0
-7.6539	5.6014	0	-0
-6.1876	5.6014	0	-0
-4.7213	5.6014	0	-0
-3.255	5.6014	0.0034366	-0.0038859
-1.7887	5.6014	0.0011275	0.0014421
-0.32241	5.6014	-0.0013969	0.0056759
1.1439	5.6014	-0.0039892	0.009828
2.6102	5.6014	-0.0053454	0.012629
4.0765	5.6014	-0.004749	0.015476
5.5428	5.6014	-0.004334	0.017377
7.0091	5.6014	0.0022178	0.020556
8.4754	5.6014	0	-0
9.9417	5.6014	0	-0
11.408	5.6014	0	-0
12.874	5.6014	0	-0
14.341	5.6014	0	-0
15.807	5.6014	0	-0
-14.985	4.1351	0	-0
-13.519	4.1351	0	-0
-12.053	4.1351	0	-0
-10.587	4.1351	0	-0
-9.1202	4.1351	0	-0
-7.6539	4.1351	0	-0
-6.1876	4.1351	0	-0
-4.7213	4.1351	0	-0
-3.255	4.1351	0.0052567	-0.011635
-1.7887	4.1351	0.0027846	-0.0069113
-0.32241	4.1351	0.00040313	-0.0023723
1.1439	4.1351	-0.0016361	0.0020925
2.6102	4.1351	-0.003686	0.0053749
4.0765	4.1351	-0.0045374	0.0083394
5.5428	4.1351	-0.0035871	0.010816
7.0091	4.1351	-0.0012805	0.0128
8.4754	4.1351	0	-0
9.9417	4.1351	0	-0
11.408	4.1351	0	-0
12.874	4.1351	0	-0
14.341	4.1351	0	-0
15.807	4.1351	0	-0
-14.985	2.6688	0	-0
-13.519	2.6688	0	-0
-12.053	2.6688	0	-0
-10.587	2.6688	0	-0
-9.1202	2.6688	0	-0
-7.6539	2.6688	0	-0
-6.1876	2.6688	0	-0
-4.7213	2.6688	0	-0
-3.255	2.6688	0.0063247	-0.018726
-1.7887	2.6688	0.0044901	-0.014282
-0.32241	2.6688	0.0028998	-0.01121
1.1439	2.6688	0.0004234	-0.0068987
2.6102	2.6688	-0.0011587	-0.0012766
4.0765	2.6688	-0.0025281	0.0026717
5.5428	2.6688	-0.0017159	0.005486
7.0091	2.6688	-0.0013299	0.0076452
8.4754	2.6688	0	-0
9.9417	2.6688	0	-0
11.408	2.6688	0	-0
12.874	2.6688	0	-0
14.341	2.6688	0	-0
15.807	2.6688	0	-0
-14.985	1.2025	0	-0
-13.519	1.2025	0	-0
-12.053	1.2025	0	-0
-10.587	1.2025	0	-0
-9.1202	1.2025	0	-0
-7.6539	1.2025	0	-0
-6.1876	1.2025	0	-0
-4.7213	1.2025	0	-0
-3.255	1.2025	0.00659	-0.024715
-1.7887	1.2025	0.005655	-0.020615
-0.32241	1.2025	0.0047541	-0.017027
1.1439	1.2025	0.0032457	-0.012003
2.6102	1.2025	0.0022393	-0.0070751
4.0765	1.2025	0.0015553	-0.0037005
5.5428	1.2025	4.2763e-005	-0.00050172
7.0091	1.2025	0.00088809	0.003523
8.4754	1.2025	0	-0
9.9417	1.2025	0	-0
11.408	1.2025	0	-0
12.874	1.2025	0	-0
14.341	1.2025	0	-0
15.807	1.2025	0	-0
-14.985	-0.2638	0	-0
-13.519	-0.2638	0	-0
-12.053	-0.2638	0	-0
-10.587	-0.2638	0	-0
-9.1202	-0.2638	0	-0
-7.6539	-0.2638	0	-0
-6.1876	-0.2638	0	-0
-4.7213	-0.2638	0	-0
-3.255	-0.2638	0.0071964	-0.029944
-1.7887	-0.2638	0.0070119	-0.026005
-0.32241	-0.2638	0.0061457	-0.022296
1.1439	-0.2638	0.0063745	-0.018071
2.6102	-0.2638	0.0053572	-0.01409
4.0765	-0.2638	0.0031427	-0.010649
5.5428	-0.2638	0.00045131	-0.0080908
7.0091	-0.2638	0.00086459	-0.0045709
8.4754	-0.2638	0	-0
9.9417	-0.2638	0	-0
11.408	-0.2638	0	-0
12.874	-0.2638	0	-0
14.341	-0.2638	0	-0
15.807	-0.2638	0	-0
-14.985	-1.7301	0	-0
-13.519	-1.7301	0	-0
-12.053	-1.7301	0	-0
-10.587	-1.7301	0	-0
-9.1202	-1.7301	0	-0
-7.6539	-1.7301	0	-0
-6.1876	-1.7301	0	-0
-4.7213	-1.7301	0	-0
-3.255	-1.7301	0.00951	-0.035513
-1.7887	-1.7301	0.009817	-0.031403
-0.32241	-1.7301	0.0098641	-0.028137
1.1439	-1.7301	0.0097822	-0.023638
2.6102	-1.7301	0.0074459	-0.022237
4.0765	-1.7301	0.004292	-0.02
5.5428	-1.7301	0.0013413	-0.016641
7.0091	-1.7301	0.0018129	-0.012646
8.4754	-1.7301	0	-0
9.9417	-1.7301	0	-0
11.408	-1.7301	0	-0
12.874	-1.7301	0	-0
14.341	-1.7301	0	-0
15.807	-1.7301	0	-0
-14.985	-3.1964	0	-0
-13.519	-3.1964	0	-0
-12.053	-3.1964	0	-0
-10.587	-3.1964	0	-0
-9.1202	-3.1964	0	-0
-7.6539	-3.1964	0	-0
-6.1876	-3.1964	0	-0
-4.7213	-3.1964	0	-0
-3.255	-3.1964	0.013482	-0.042217
-1.7887	-3.1964	0.013748	-0.037544
-0.32241	-3.1964	0.013561	-0.033517
1.1439	-3.1964	0.012309	-0.031873
2.6102	-3.1964	0.010329	-0.031148
4.0765	-3.1964	0.0061782	-0.029786
5.5428	-3.1964	0.0039833	-0.026532
7.0091	-3.1964	0.0025459	-0.022021
8.4754	-3.1964	0	-0
9.9417	-3.1964	0	-0
11.408	-3.1964	0	-0
12.874	-3.1964	0	-0
14.341	-3.1964	0	-0
15.807	-3.1964	0	-0
-14.985	-4.6627	0	-0
-13.519	-4.6627	0	-0
-12.053	-4.6627	0	-0
-10.587	-4.6627	0	-0
-9.1202	-4.6627	0	-0
-7.6539	-4.6627	0	-0
-6.1876	-4.6627	0	-0
-4.7213	-4.6627	0	-0
-3.255	-4.6627	0.017775	-0.048419
-1.7887	-4.6627	0.017309	-0.043875
-0.32241	-4.6627	0.01684	-0.041031
1.1439	-4.6627	0.014796	-0.040601
2.6102	-4.6627	0.01171	-0.040972
4.0765	-4.6627	0.0079297	-0.040719
5.5428	-4.6627	0.0057616	-0.036106
7.0091	-4.6627	0.0039928	-0.031669
8.4754	-4.6627	0	-0
9.9417	-4.6627	0	-0
11.408	-4.6627	0	-0
12.874	-4.6627	0	-0
14.341	-4.6627	0	-0
15.807	-4.6627	0	-0
-14.985	-6.129	0	-0
-13.519	-6.129	0	-0
-12.053	-6.129	0	-0
-10.587	-6.129	0	-0
-9.1202	-6.129	0	-0
-7.6539	-6.129	0	-0
-6.1876	-6.129	0	-0
-4.7213	-6.129	0	-0
-3.255	-6.129	0.021671	-0.05481
-1.7887	-6.129	0.020596	-0.052754
-0.32241	-6.129	0.01924	-0.050881
1.1439	-6.129	0.016101	-0.050716
2.6102	-6.129	0.013206	-0.051394
4.0765	-6.129	0.01021	-0.049497
5.5428	-6.129	0.008414	-0.044755
7.0091	-6.129	0.0057554	-0.040433
8.4754	-6.129	0	-0
9.9417	-6.129	0	-0
11.408	-6.129	0	-0
12.874	-6.129	0	-0
14.341	-6.129	0	-0
15.807	-6.129	0	-0
-14.985	-7.5953	0	-0
-13.519	-7.5953	0	-0
-12.053	-7.5953	0	-0
-10.587	-7.5953	0	-0
-9.1202	-7.5953	0	-0
-7.6539	-7.5953	0	-0
-6.1876	-7.5953	0	-0
-4.7213	-7.5953	0	-0
-3.255	-7.5953	0.022416	-0.061946
-1.7887	-7.5953	0.020628	-0.061902
-0.32241	-7.5953	0.019356	-0.060913
1.1439	-7.5953	0.01692	-0.059594
2.6102	-7.5953	0.014968	-0.058637
4.0765	-7.5953	0.013355	-0.055537
5.5428	-7.5953	0.010524	-0.052491
7.0091	-7.5953	0.0069267	-0.047914
8.4754	-7.5953	0	-0
9.9417	-7.5953	0	-0
11.408	-7.5953	0	-0
12.874	-7.5953	0	-0
14.341	-7.5953	0	-0
15.807	-7.5953	0	-0
-14.985	-9.0616	0	-0
-13.519	-9.0616	0	-0
-12.053	-9.0616	0	-0
-10.587	-9.0616	0	-0
-9.1202	-9.0616	0	-0
-7.6539	-9.0616	0	-0
-6.1876	-9.0616	0	-0
-4.7213	-9.0616	0	-0
-3.255	-9.0616	0.021465	-0.067246
-1.7887	-9.0616	0.019896	-0.068217
-0.32241	-9.0616	0.018486	-0.068397
1.1439	-9.0616	0.017519	-0.067233
2.6102	-9.0616	0.015953	-0.06562
4.0765	-9.0616	0.014489	-0.063438
5.5428	-9.0616	0.011263	-0.059639
7.0091	-9.0616	0.0070511	-0.0584
8.4754	-9.0616	0	-0
9.9417	-9.0616	0	-0
11.408	-9.0616	0	-0
12.874	-9.0616	0	-0
14.341	-9.0616	0	-0
15.807	-9.0616	0	-0
-14.985	-10.528	0	-0
-13.519	-10.528	0	-0
-12.053	-10.528	0	-0
-10.587	-10.528	0	-0
-9.1202	-10.528	0	-0
-7.6539	-10.528	0	-0
-6.1876	-10.528	0	-0
-4.7213	-10.528	0	-0
-3.255	-10.528	0.019809	-0.074005
-1.7887	-10.528	0.018802	-0.076208
-0.32241	-10.528	0.017904	-0.076988
1.1439	-10.528	0.01671	-0.076321
2.6102	-10.528	0.015423	-0.075424
4.0765	-10.528	0.013557	-0.073058
5.5428	-10.528	0.010573	-0.071353
7.0091	-10.528	0.0064401	-0.072413
8.4754	-10.528	0	-0
9.9417	-10.528	0	-0
11.408	-10.528	0	-0
12.874	-10.528	0	-0
14.341	-10.528	0	-0
15.807	-10.528	0	-0
-14.985	-11.994	0	-0
-13.519	-11.994	0	-0
-12.053	-11.994	0	-0
-10.587	-11.994	0	-0
-9.1202	-11.994	0	-0
-7.6539	-11.994	0	-0
-6.1876	-11.994	0	-0
-4.7213	-11.994	0	-0
-3.255	-11.994	0	-0
-1.7887	-11.994	0	-0
-0.32241	-11.994	0	-0
1.1439	-11.994	0	-0
2.6102	-11.994	0	-0
4.0765	-11.994	0	-0
5.5428	-11.994	0	-0
7.0091	-11.994	0	-0
8.4754	-11.994	0	-0
9.9417	-11.994	0	-0
11.408	-11.994	0	-0
12.874	-11.994	0	-0
14.341	-11.994	0	-0
15.807	-11.994	0	-0
