#DaVis 7.4.0 2D-vector 96 22 22 "" "[mm]" "" "[mm]" "displacement" "[mm]"
-14.985	18.798	0	-0
-13.519	18.798	0	-0
-12.053	18.798	0	-0
-10.587	18.798	0	-0
-9.1202	18.798	0	-0
-7.6539	18.798	0	-0
-6.1876	18.798	0	-0
-4.7213	18.798	0	-0
-3.255	18.798	-0.049047	0.044191
-1.7887	18.798	0.14098	0.96179
-0.32241	18.798	-0.42744	0.92555
1.1439	18.798	-0.23884	-0.35685
2.6102	18.798	-0.039067	-0.60414
4.0765	18.798	-0.03129	0.79289
5.5428	18.798	-0.024348	-0.25315
7.0091	18.798	0.00073156	-0.30928
8.4754	18.798	0	-0
9.9417	18.798	0	-0
11.408	18.798	0	-0
12.874	18.798	0	-0
14.341	18.798	0	-0
15.807	18.798	0	-0
-14.985	17.332	0	-0
-13.519	17.332	0	-0
-12.053	17.332	0	-0
-10.587	17.332	0	-0
-9.1202	17.332	0	-0
-7.6539	17.332	0	-0
-6.1876	17.332	0	-0
-4.7213	17.332	0	-0
-3.255	17.332	-0.036597	0.055706
-1.7887	17.332	-0.03835	0.062033
-0.32241	17.332	-0.042065	0.079332
1.1439	17.332	-0.04371	0.078938
2.6102	17.332	-0.042834	0.061631
4.0765	17.332	-0.046726	0.089953
5.5428	17.332	-0.036902	0.084732
7.0091	17.332	-0.014597	0.092887
8.4754	17.332	0	-0
9.9417	17.332	0	-0
11.408	17.332	0	-0
12.874	17.332	0	-0
14.341	17.332	0	-0
15.807	17.332	0	-0
-14.985	15.866	0	-0
-13.519	15.866	0	-0
-12.053	15.866	0	-0
-10.587	15.866	0	-0
-9.1202	15.866	0	-0
-7.6539	15.866	0	-0
-6.1876	15.866	0	-0
-4.7213	15.866	0	-0
-3.255	15.866	-0.031208	0.044095
-1.7887	15.866	-0.032811	0.053226
-0.32241	15.866	-0.033805	0.059722
1.1439	15.866	-0.036549	0.066553
2.6102	15.866	-0.039632	0.072085
4.0765	15.866	-0.042465	0.076769
5.5428	15.866	-0.037489	0.08216
7.0091	15.866	-0.017755	0.08362
8.4754	15.866	0	-0
9.9417	15.866	0	-0
11.408	15.866	0	-0
12.874	15.866	0	-0
14.341	15.866	0	-0
15.807	15.866	0	-0
-14.985	14.399	0	-0
-13.519	14.399	0	-0
-12.053	14.399	0	-0
-10.587	14.399	0	-0
-9.1202	14.399	0	-0
-7.6539	14.399	0	-0
-6.1876	14.399	0	-0
-4.7213	14.399	0	-0
-3.255	14.399	-0.028058	0.035291
-1.7887	14.399	-0.030372	0.043934
-0.32241	14.399	-0.030642	0.050684
1.1439	14.399	-0.030475	0.055637
2.6102	14.399	-0.031776	0.059918
4.0765	14.399	-0.037824	0.068261
5.5428	14.399	-0.032079	0.074112
7.0091	14.399	-0.010872	0.076387
8.4754	14.399	0	-0
9.9417	14.399	0	-0
11.408	14.399	0	-0
12.874	14.399	0	-0
14.341	14.399	0	-0
15.807	14.399	0	-0
-14.985	12.933	0	-0
-13.519	12.933	0	-0
-12.053	12.933	0	-0
-10.587	12.933	0	-0
-9.1202	12.933	0	-0
-7.6539	12.933	0	-0
-6.1876	12.933	0	-0
-4.7213	12.933	0	-0
-3.255	12.933	-0.025044	0.027064
-1.7887	12.933	-0.027317	0.03603
-0.32241	12.933	-0.028383	0.042299
1.1439	12.933	-0.02714	0.04696
2.6102	12.933	-0.02748	0.051663
4.0765	12.933	-0.029647	0.057111
5.5428	12.933	-0.027969	0.063068
7.0091	12.933	-0.0050958	0.067879
8.4754	12.933	0	-0
9.9417	12.933	0	-0
11.408	12.933	0	-0
12.874	12.933	0	-0
14.341	12.933	0	-0
15.807	12.933	0	-0
-14.985	11.467	0	-0
-13.519	11.467	0	-0
-12.053	11.467	0	-0
-10.587	11.467	0	-0
-9.1202	11.467	0	-0
-7.6539	11.467	0	-0
-6.1876	11.467	0	-0
-4.7213	11.467	0	-0
-3.255	11.467	-0.020548	0.0188
-1.7887	11.467	-0.022444	0.027251
-0.32241	11.467	-0.024061	0.034548
1.1439	11.467	-0.023404	0.039807
2.6102	11.467	-0.022979	0.043817
4.0765	11.467	-0.025163	0.048337
5.5428	11.467	-0.022109	0.052656
7.0091	11.467	-0.0012702	0.057372
8.4754	11.467	0	-0
9.9417	11.467	0	-0
11.408	11.467	0	-0
12.874	11.467	0	-0
14.341	11.467	0	-0
15.807	11.467	0	-0
-14.985	10	0	-0
-13.519	10	0	-0
-12.053	10	0	-0
-10.587	10	0	-0
-9.1202	10	0	-0
-7.6539	10	0	-0
-6.1876	10	0	-0
-4.7213	10	0	-0
-3.255	10	-0.014805	0.010808
-1.7887	10	-0.016623	0.020827
-0.32241	10	-0.016985	0.02864
1.1439	10	-0.018184	0.033833
2.6102	10	-0.018279	0.037383
4.0765	10	-0.020016	0.040903
5.5428	10	-0.017541	0.044088
7.0091	10	-0.0052518	0.049097
8.4754	10	0	-0
9.9417	10	0	-0
11.408	10	0	-0
12.874	10	0	-0
14.341	10	0	-0
15.807	10	0	-0
-14.985	8.534	0	-0
-13.519	8.534	0	-0
-12.053	8.534	0	-0
-10.587	8.534	0	-0
-9.1202	8.534	0	-0
-7.6539	8.534	0	-0
-6.1876	8.534	0	-0
-4.7213	8.534	0	-0
-3.255	8.534	-0.0095412	0.0053827
-1.7887	8.534	-0.010391	0.015194
-0.32241	8.534	-0.010833	0.022515
1.1439	8.534	-0.012213	0.027241
2.6102	8.534	-0.013269	0.029574
4.0765	8.534	-0.014939	0.033433
5.5428	8.534	-0.013147	0.036919
7.0091	8.534	-0.0040168	0.040342
8.4754	8.534	0	-0
9.9417	8.534	0	-0
11.408	8.534	0	-0
12.874	8.534	0	-0
14.341	8.534	0	-0
15.807	8.534	0	-0
-14.985	7.0677	0	-0
-13.519	7.0677	0	-0
-12.053	7.0677	0	-0
-10.587	7.0677	0	-0
-9.1202	7.0677	0	-0
-7.6539	7.0677	0	-0
-6.1876	7.0677	0	-0
-4.7213	7.0677	0	-0
-3.255	7.0677	-0.0032462	-0.00087892
-1.7887	7.0677	-0.0047383	0.0075684
-0.32241	7.0677	-0.0068697	0.013833
1.1439	7.0677	-0.0088768	0.018047
2.6102	7.0677	-0.0091684	0.021871
4.0765	7.0677	-0.0092099	0.02531
5.5428	7.0677	-0.0091257	0.029004
7.0091	7.0677	-0.0023113	0.032176
8.4754	7.0677	0	-0
9.9417	7.0677	0	-0
11.408	7.0677	0	-0
12.874	7.0677	0	-0
14.341	7.0677	0	-0
15.807	7.0677	0	-0
-14.985	5.6014	0	-0
-13.519	5.6014	0	-0
-12.053	5.6014	0	-0
-10.587	5.6014	0	-0
-9.1202	5.6014	0	-0
-7.6539	5.6014	0	-0
-6.1876	5.6014	0	-0
-4.7213	5.6014	0	-0
-3.255	5.6014	0.0020009	-0.008228
-1.7887	5.6014	-0.0001962	-0.0017557
-0.32241	5.6014	-0.0031858	0.0038008
1.1439	5.6014	-0.0059332	0.0092983
2.6102	5.6014	-0.0074347	0.01349
4.0765	5.6014	-0.007161	0.017668
5.5428	5.6014	-0.0067882	0.020992
7.0091	5.6014	-0.0013571	0.025283
8.4754	5.6014	0	-0
9.9417	5.6014	0	-0
11.408	5.6014	0	-0
12.874	5.6014	0	-0
14.341	5.6014	0	-0
15.807	5.6014	0	-0
-14.985	4.1351	0	-0
-13.519	4.1351	0	-0
-12.053	4.1351	0	-0
-10.587	4.1351	0	-0
-9.1202	4.1351	0	-0
-7.6539	4.1351	0	-0
-6.1876	4.1351	0	-0
-4.7213	4.1351	0	-0
-3.255	4.1351	0.0048959	-0.016981
-1.7887	4.1351	0.0024858	-0.010566
-0.32241	4.1351	-0.0003671	-0.0050921
1.1439	4.1351	-0.0026642	0.00040664
2.6102	4.1351	-0.0046511	0.005581
4.0765	4.1351	-0.0058431	0.0098239
5.5428	4.1351	-0.0050823	0.013916
7.0091	4.1351	-0.0031289	0.017628
8.4754	4.1351	0	-0
9.9417	4.1351	0	-0
11.408	4.1351	0	-0
12.874	4.1351	0	-0
14.341	4.1351	0	-0
15.807	4.1351	0	-0
-14.985	2.6688	0	-0
-13.519	2.6688	0	-0
-12.053	2.6688	0	-0
-10.587	2.6688	0	-0
-9.1202	2.6688	0	-0
-7.6539	2.6688	0	-0
-6.1876	2.6688	0	-0
-4.7213	2.6688	0	-0
-3.255	2.6688	0.0070607	-0.024962
-1.7887	2.6688	0.005092	-0.019047
-0.32241	2.6688	0.0031731	-0.014337
1.1439	2.6688	0.00069716	-0.0085949
2.6102	2.6688	-0.0012005	-0.0016251
4.0765	2.6688	-0.0025397	0.0037618
5.5428	2.6688	-0.0021894	0.0083153
7.0091	2.6688	-0.0024642	0.012229
8.4754	2.6688	0	-0
9.9417	2.6688	0	-0
11.408	2.6688	0	-0
12.874	2.6688	0	-0
14.341	2.6688	0	-0
15.807	2.6688	0	-0
-14.985	1.2025	0	-0
-13.519	1.2025	0	-0
-12.053	1.2025	0	-0
-10.587	1.2025	0	-0
-9.1202	1.2025	0	-0
-7.6539	1.2025	0	-0
-6.1876	1.2025	0	-0
-4.7213	1.2025	0	-0
-3.255	1.2025	0.0081416	-0.031432
-1.7887	1.2025	0.0071769	-0.025756
-0.32241	1.2025	0.0061752	-0.020825
1.1439	1.2025	0.0043535	-0.014216
2.6102	1.2025	0.0033524	-0.0073285
4.0765	1.2025	0.002665	-0.0021445
5.5428	1.2025	0.00081564	0.002115
7.0091	1.2025	0.00029266	0.0075738
8.4754	1.2025	0	-0
9.9417	1.2025	0	-0
11.408	1.2025	0	-0
12.874	1.2025	0	-0
14.341	1.2025	0	-0
15.807	1.2025	0	-0
-14.985	-0.2638	0	-0
-13.519	-0.2638	0	-0
-12.053	-0.2638	0	-0
-10.587	-0.2638	0	-0
-9.1202	-0.2638	0	-0
-7.6539	-0.2638	0	-0
-6.1876	-0.2638	0	-0
-4.7213	-0.2638	0	-0
-3.255	-0.2638	0.010158	-0.037622
-1.7887	-0.2638	0.0097768	-0.032074
-0.32241	-0.2638	0.0086047	-0.026473
1.1439	-0.2638	0.0089309	-0.020412
2.6102	-0.2638	0.0079529	-0.015109
4.0765	-0.2638	0.0054056	-0.0099531
5.5428	-0.2638	0.0024734	-0.0053632
7.0091	-0.2638	0.0013681	-0.00013078
8.4754	-0.2638	0	-0
9.9417	-0.2638	0	-0
11.408	-0.2638	0	-0
12.874	-0.2638	0	-0
14.341	-0.2638	0	-0
15.807	-0.2638	0	-0
-14.985	-1.7301	0	-0
-13.519	-1.7301	0	-0
-12.053	-1.7301	0	-0
-10.587	-1.7301	0	-0
-9.1202	-1.7301	0	-0
-7.6539	-1.7301	0	-0
-6.1876	-1.7301	0	-0
-4.7213	-1.7301	0	-0
-3.255	-1.7301	0.013831	-0.043941
-1.7887	-1.7301	0.014164	-0.037713
-0.32241	-1.7301	0.014083	-0.033077
1.1439	-1.7301	0.013965	-0.027483
2.6102	-1.7301	0.011818	-0.023622
4.0765	-1.7301	0.0081888	-0.019349
5.5428	-1.7301	0.0046197	-0.01414
7.0091	-1.7301	0.0026004	-0.0083851
8.4754	-1.7301	0	-0
9.9417	-1.7301	0	-0
11.408	-1.7301	0	-0
12.874	-1.7301	0	-0
14.341	-1.7301	0	-0
15.807	-1.7301	0	-0
-14.985	-3.1964	0	-0
-13.519	-3.1964	0	-0
-12.053	-3.1964	0	-0
-10.587	-3.1964	0	-0
-9.1202	-3.1964	0	-0
-7.6539	-3.1964	0	-0
-6.1876	-3.1964	0	-0
-4.7213	-3.1964	0	-0
-3.255	-3.1964	0.019803	-0.05266
-1.7887	-3.1964	0.01978	-0.045029
-0.32241	-3.1964	0.019543	-0.038642
1.1439	-3.1964	0.018804	-0.034956
2.6102	-3.1964	0.016308	-0.033094
4.0765	-3.1964	0.011853	-0.029962
5.5428	-3.1964	0.0079206	-0.024367
7.0091	-3.1964	0.003754	-0.01809
8.4754	-3.1964	0	-0
9.9417	-3.1964	0	-0
11.408	-3.1964	0	-0
12.874	-3.1964	0	-0
14.341	-3.1964	0	-0
15.807	-3.1964	0	-0
-14.985	-4.6627	0	-0
-13.519	-4.6627	0	-0
-12.053	-4.6627	0	-0
-10.587	-4.6627	0	-0
-9.1202	-4.6627	0	-0
-7.6539	-4.6627	0	-0
-6.1876	-4.6627	0	-0
-4.7213	-4.6627	0	-0
-3.255	-4.6627	0.026806	-0.061095
-1.7887	-4.6627	0.025777	-0.052876
-0.32241	-4.6627	0.024709	-0.047675
1.1439	-4.6627	0.02246	-0.045219
2.6102	-4.6627	0.018959	-0.04369
4.0765	-4.6627	0.015601	-0.041711
5.5428	-4.6627	0.012328	-0.034096
7.0091	-4.6627	0.0047445	-0.027903
8.4754	-4.6627	0	-0
9.9417	-4.6627	0	-0
11.408	-4.6627	0	-0
12.874	-4.6627	0	-0
14.341	-4.6627	0	-0
15.807	-4.6627	0	-0
-14.985	-6.129	0	-0
-13.519	-6.129	0	-0
-12.053	-6.129	0	-0
-10.587	-6.129	0	-0
-9.1202	-6.129	0	-0
-7.6539	-6.129	0	-0
-6.1876	-6.129	0	-0
-4.7213	-6.129	0	-0
-3.255	-6.129	0.034726	-0.070429
-1.7887	-6.129	0.032712	-0.06537
-0.32241	-6.129	0.029908	-0.06022
1.1439	-6.129	0.026061	-0.056857
2.6102	-6.129	0.022409	-0.054932
4.0765	-6.129	0.020018	-0.050593
5.5428	-6.129	0.016616	-0.043509
7.0091	-6.129	0.0064465	-0.037003
8.4754	-6.129	0	-0
9.9417	-6.129	0	-0
11.408	-6.129	0	-0
12.874	-6.129	0	-0
14.341	-6.129	0	-0
15.807	-6.129	0	-0
-14.985	-7.5953	0	-0
-13.519	-7.5953	0	-0
-12.053	-7.5953	0	-0
-10.587	-7.5953	0	-0
-9.1202	-7.5953	0	-0
-7.6539	-7.5953	0	-0
-6.1876	-7.5953	0	-0
-4.7213	-7.5953	0	-0
-3.255	-7.5953	0.03922	-0.081426
-1.7887	-7.5953	0.035979	-0.079483
-0.32241	-7.5953	0.034392	-0.075617
1.1439	-7.5953	0.030023	-0.070155
2.6102	-7.5953	0.027262	-0.065093
4.0765	-7.5953	0.026136	-0.058052
5.5428	-7.5953	0.020188	-0.05307
7.0091	-7.5953	0.0096905	-0.046492
8.4754	-7.5953	0	-0
9.9417	-7.5953	0	-0
11.408	-7.5953	0	-0
12.874	-7.5953	0	-0
14.341	-7.5953	0	-0
15.807	-7.5953	0	-0
-14.985	-9.0616	0	-0
-13.519	-9.0616	0	-0
-12.053	-9.0616	0	-0
-10.587	-9.0616	0	-0
-9.1202	-9.0616	0	-0
-7.6539	-9.0616	0	-0
-6.1876	-9.0616	0	-0
-4.7213	-9.0616	0	-0
-3.255	-9.0616	0.041134	-0.089768
-1.7887	-9.0616	0.038478	-0.089299
-0.32241	-9.0616	0.036921	-0.087598
1.1439	-9.0616	0.03493	-0.082887
2.6102	-9.0616	0.032852	-0.07694
4.0765	-9.0616	0.030242	-0.071234
5.5428	-9.0616	0.0232	-0.064431
7.0091	-9.0616	0.0093144	-0.061679
8.4754	-9.0616	0	-0
9.9417	-9.0616	0	-0
11.408	-9.0616	0	-0
12.874	-9.0616	0	-0
14.341	-9.0616	0	-0
15.807	-9.0616	0	-0
-14.985	-10.528	0	-0
-13.519	-10.528	0	-0
-12.053	-10.528	0	-0
-10.587	-10.528	0	-0
-9.1202	-10.528	0	-0
-7.6539	-10.528	0	-0
-6.1876	-10.528	0	-0
-4.7213	-10.528	0	-0
-3.255	-10.528	0.041727	-0.099698
-1.7887	-10.528	0.040193	-0.10088
-0.32241	-10.528	0.039041	-0.099715
1.1439	-10.528	0.037303	-0.096669
2.6102	-10.528	0.036458	-0.093364
4.0765	-10.528	0.031572	-0.088029
5.5428	-10.528	0.02477	-0.08433
7.0091	-10.528	0.0091635	-0.084199
8.4754	-10.528	0	-0
9.9417	-10.528	0	-0
11.408	-10.528	0	-0
12.874	-10.528	0	-0
14.341	-10.528	0	-0
15.807	-10.528	0	-0
-14.985	-11.994	0	-0
-13.519	-11.994	0	-0
-12.053	-11.994	0	-0
-10.587	-11.994	0	-0
-9.1202	-11.994	0	-0
-7.6539	-11.994	0	-0
-6.1876	-11.994	0	-0
-4.7213	-11.994	0	-0
-3.255	-11.994	0	-0
-1.7887	-11.994	0	-0
-0.32241	-11.994	0	-0
1.1439	-11.994	0	-0
2.6102	-11.994	0	-0
4.0765	-11.994	0	-0
5.5428	-11.994	0	-0
7.0091	-11.994	0	-0
8.4754	-11.994	0	-0
9.9417	-11.994	0	-0
11.408	-11.994	0	-0
12.874	-11.994	0	-0
14.341	-11.994	0	-0
15.807	-11.994	0	-0
