#DaVis 7.4.0 2D-vector 96 22 22 "" "[mm]" "" "[mm]" "displacement" "[mm]"
-14.985	18.798	0	-0
-13.519	18.798	0	-0
-12.053	18.798	0	-0
-10.587	18.798	0	-0
-9.1202	18.798	0	-0
-7.6539	18.798	0	-0
-6.1876	18.798	0	-0
-4.7213	18.798	0	-0
-3.255	18.798	-0.1932	-0.86797
-1.7887	18.798	-0.034661	0.7456
-0.32241	18.798	-0.050575	0.099025
1.1439	18.798	0.35595	0.40718
2.6102	18.798	-0.84522	0.27738
4.0765	18.798	-0.060567	0.0038715
5.5428	18.798	-0.056166	0.83658
7.0091	18.798	0.85686	-0.45207
8.4754	18.798	0	-0
9.9417	18.798	0	-0
11.408	18.798	0	-0
12.874	18.798	0	-0
14.341	18.798	0	-0
15.807	18.798	0	-0
-14.985	17.332	0	-0
-13.519	17.332	0	-0
-12.053	17.332	0	-0
-10.587	17.332	0	-0
-9.1202	17.332	0	-0
-7.6539	17.332	0	-0
-6.1876	17.332	0	-0
-4.7213	17.332	0	-0
-3.255	17.332	-0.032672	0.079172
-1.7887	17.332	-0.0060338	0.38662
-0.32241	17.332	-0.05179	0.11278
1.1439	17.332	-0.056923	0.13652
2.6102	17.332	-0.20923	-0.58977
4.0765	17.332	-0.0784	0.13713
5.5428	17.332	-0.063606	0.15397
7.0091	17.332	-0.051037	0.14283
8.4754	17.332	0	-0
9.9417	17.332	0	-0
11.408	17.332	0	-0
12.874	17.332	0	-0
14.341	17.332	0	-0
15.807	17.332	0	-0
-14.985	15.866	0	-0
-13.519	15.866	0	-0
-12.053	15.866	0	-0
-10.587	15.866	0	-0
-9.1202	15.866	0	-0
-7.6539	15.866	0	-0
-6.1876	15.866	0	-0
-4.7213	15.866	0	-0
-3.255	15.866	-0.030637	0.059666
-1.7887	15.866	-0.036621	0.066713
-0.32241	15.866	-0.039977	0.07744
1.1439	15.866	-0.049754	0.090887
2.6102	15.866	-0.057493	0.10495
4.0765	15.866	-0.072335	0.11573
5.5428	15.866	-0.066498	0.12317
7.0091	15.866	-0.055167	0.13034
8.4754	15.866	0	-0
9.9417	15.866	0	-0
11.408	15.866	0	-0
12.874	15.866	0	-0
14.341	15.866	0	-0
15.807	15.866	0	-0
-14.985	14.399	0	-0
-13.519	14.399	0	-0
-12.053	14.399	0	-0
-10.587	14.399	0	-0
-9.1202	14.399	0	-0
-7.6539	14.399	0	-0
-6.1876	14.399	0	-0
-4.7213	14.399	0	-0
-3.255	14.399	-0.031301	0.045315
-1.7887	14.399	-0.034793	0.050077
-0.32241	14.399	-0.035081	0.056308
1.1439	14.399	-0.035684	0.06491
2.6102	14.399	-0.04389	0.077315
4.0765	14.399	-0.057811	0.097934
5.5428	14.399	-0.057044	0.10913
7.0091	14.399	-0.045861	0.11413
8.4754	14.399	0	-0
9.9417	14.399	0	-0
11.408	14.399	0	-0
12.874	14.399	0	-0
14.341	14.399	0	-0
15.807	14.399	0	-0
-14.985	12.933	0	-0
-13.519	12.933	0	-0
-12.053	12.933	0	-0
-10.587	12.933	0	-0
-9.1202	12.933	0	-0
-7.6539	12.933	0	-0
-6.1876	12.933	0	-0
-4.7213	12.933	0	-0
-3.255	12.933	-0.028837	0.029679
-1.7887	12.933	-0.032767	0.038954
-0.32241	12.933	-0.033335	0.046995
1.1439	12.933	-0.031428	0.051771
2.6102	12.933	-0.032837	0.058
4.0765	12.933	-0.038706	0.06964
5.5428	12.933	-0.045642	0.089385
7.0091	12.933	-0.032594	0.10247
8.4754	12.933	0	-0
9.9417	12.933	0	-0
11.408	12.933	0	-0
12.874	12.933	0	-0
14.341	12.933	0	-0
15.807	12.933	0	-0
-14.985	11.467	0	-0
-13.519	11.467	0	-0
-12.053	11.467	0	-0
-10.587	11.467	0	-0
-9.1202	11.467	0	-0
-7.6539	11.467	0	-0
-6.1876	11.467	0	-0
-4.7213	11.467	0	-0
-3.255	11.467	-0.023987	0.018542
-1.7887	11.467	-0.026319	0.027813
-0.32241	11.467	-0.029116	0.037624
1.1439	11.467	-0.027787	0.042836
2.6102	11.467	-0.028197	0.046766
4.0765	11.467	-0.029831	0.05322
5.5428	11.467	-0.031297	0.062882
7.0091	11.467	-0.016186	0.073868
8.4754	11.467	0	-0
9.9417	11.467	0	-0
11.408	11.467	0	-0
12.874	11.467	0	-0
14.341	11.467	0	-0
15.807	11.467	0	-0
-14.985	10	0	-0
-13.519	10	0	-0
-12.053	10	0	-0
-10.587	10	0	-0
-9.1202	10	0	-0
-7.6539	10	0	-0
-6.1876	10	0	-0
-4.7213	10	0	-0
-3.255	10	-0.017569	0.0078887
-1.7887	10	-0.019363	0.019608
-0.32241	10	-0.020432	0.029439
1.1439	10	-0.02231	0.036234
2.6102	10	-0.023054	0.039303
4.0765	10	-0.023495	0.042719
5.5428	10	-0.023255	0.048964
7.0091	10	-0.0090885	0.055314
8.4754	10	0	-0
9.9417	10	0	-0
11.408	10	0	-0
12.874	10	0	-0
14.341	10	0	-0
15.807	10	0	-0
-14.985	8.534	0	-0
-13.519	8.534	0	-0
-12.053	8.534	0	-0
-10.587	8.534	0	-0
-9.1202	8.534	0	-0
-7.6539	8.534	0	-0
-6.1876	8.534	0	-0
-4.7213	8.534	0	-0
-3.255	8.534	-0.010908	0.0021042
-1.7887	8.534	-0.011977	0.013678
-0.32241	8.534	-0.012619	0.02242
1.1439	8.534	-0.015256	0.028774
2.6102	8.534	-0.016737	0.032463
4.0765	8.534	-0.018302	0.036547
5.5428	8.534	-0.017791	0.040044
7.0091	8.534	-0.012225	0.045863
8.4754	8.534	0	-0
9.9417	8.534	0	-0
11.408	8.534	0	-0
12.874	8.534	0	-0
14.341	8.534	0	-0
15.807	8.534	0	-0
-14.985	7.0677	0	-0
-13.519	7.0677	0	-0
-12.053	7.0677	0	-0
-10.587	7.0677	0	-0
-9.1202	7.0677	0	-0
-7.6539	7.0677	0	-0
-6.1876	7.0677	0	-0
-4.7213	7.0677	0	-0
-3.255	7.0677	-0.0035052	-0.0042092
-1.7887	7.0677	-0.0049926	0.0058945
-0.32241	7.0677	-0.0074094	0.013581
1.1439	7.0677	-0.0099051	0.018948
2.6102	7.0677	-0.011152	0.023894
4.0765	7.0677	-0.012005	0.027984
5.5428	7.0677	-0.012604	0.032224
7.0091	7.0677	-0.0088157	0.036882
8.4754	7.0677	0	-0
9.9417	7.0677	0	-0
11.408	7.0677	0	-0
12.874	7.0677	0	-0
14.341	7.0677	0	-0
15.807	7.0677	0	-0
-14.985	5.6014	0	-0
-13.519	5.6014	0	-0
-12.053	5.6014	0	-0
-10.587	5.6014	0	-0
-9.1202	5.6014	0	-0
-7.6539	5.6014	0	-0
-6.1876	5.6014	0	-0
-4.7213	5.6014	0	-0
-3.255	5.6014	0.0025768	-0.011653
-1.7887	5.6014	0.00030715	-0.0042665
-0.32241	5.6014	-0.0029087	0.0020302
1.1439	5.6014	-0.0061703	0.0088058
2.6102	5.6014	-0.0080103	0.014489
4.0765	5.6014	-0.0081839	0.019814
5.5428	5.6014	-0.0092569	0.023892
7.0091	5.6014	-0.0071879	0.029736
8.4754	5.6014	0	-0
9.9417	5.6014	0	-0
11.408	5.6014	0	-0
12.874	5.6014	0	-0
14.341	5.6014	0	-0
15.807	5.6014	0	-0
-14.985	4.1351	0	-0
-13.519	4.1351	0	-0
-12.053	4.1351	0	-0
-10.587	4.1351	0	-0
-9.1202	4.1351	0	-0
-7.6539	4.1351	0	-0
-6.1876	4.1351	0	-0
-4.7213	4.1351	0	-0
-3.255	4.1351	0.006363	-0.020889
-1.7887	4.1351	0.0036424	-0.014005
-0.32241	4.1351	0.00037402	-0.0074927
1.1439	4.1351	-0.0022633	-0.00034134
2.6102	4.1351	-0.0051288	0.0053824
4.0765	4.1351	-0.0062299	0.011501
5.5428	4.1351	-0.0067401	0.016716
7.0091	4.1351	-0.0059053	0.024068
8.4754	4.1351	0	-0
9.9417	4.1351	0	-0
11.408	4.1351	0	-0
12.874	4.1351	0	-0
14.341	4.1351	0	-0
15.807	4.1351	0	-0
-14.985	2.6688	0	-0
-13.519	2.6688	0	-0
-12.053	2.6688	0	-0
-10.587	2.6688	0	-0
-9.1202	2.6688	0	-0
-7.6539	2.6688	0	-0
-6.1876	2.6688	0	-0
-4.7213	2.6688	0	-0
-3.255	2.6688	0.0092912	-0.029962
-1.7887	2.6688	0.0064629	-0.023121
-0.32241	2.6688	0.0044904	-0.016743
1.1439	2.6688	0.0018828	-0.010213
2.6102	2.6688	-0.0010187	-0.0018456
4.0765	2.6688	-0.00234	0.0048343
5.5428	2.6688	-0.0035102	0.010708
7.0091	2.6688	-0.0052779	0.016965
8.4754	2.6688	0	-0
9.9417	2.6688	0	-0
11.408	2.6688	0	-0
12.874	2.6688	0	-0
14.341	2.6688	0	-0
15.807	2.6688	0	-0
-14.985	1.2025	0	-0
-13.519	1.2025	0	-0
-12.053	1.2025	0	-0
-10.587	1.2025	0	-0
-9.1202	1.2025	0	-0
-7.6539	1.2025	0	-0
-6.1876	1.2025	0	-0
-4.7213	1.2025	0	-0
-3.255	1.2025	0.010783	-0.036702
-1.7887	1.2025	0.0095122	-0.03005
-0.32241	1.2025	0.0081763	-0.024036
1.1439	1.2025	0.0061874	-0.016022
2.6102	1.2025	0.0044795	-0.0078362
4.0765	1.2025	0.0035666	-0.001516
5.5428	1.2025	0.00059788	0.0048304
7.0091	1.2025	-0.0035352	0.011325
8.4754	1.2025	0	-0
9.9417	1.2025	0	-0
11.408	1.2025	0	-0
12.874	1.2025	0	-0
14.341	1.2025	0	-0
15.807	1.2025	0	-0
-14.985	-0.2638	0	-0
-13.519	-0.2638	0	-0
-12.053	-0.2638	0	-0
-10.587	-0.2638	0	-0
-9.1202	-0.2638	0	-0
-7.6539	-0.2638	0	-0
-6.1876	-0.2638	0	-0
-4.7213	-0.2638	0	-0
-3.255	-0.2638	0.013286	-0.04424
-1.7887	-0.2638	0.01285	-0.036619
-0.32241	-0.2638	0.011195	-0.029394
1.1439	-0.2638	0.0113	-0.021928
2.6102	-0.2638	0.010095	-0.015414
4.0765	-0.2638	0.006717	-0.0090513
5.5428	-0.2638	0.0026532	-0.0034244
7.0091	-0.2638	-0.0032801	0.0031233
8.4754	-0.2638	0	-0
9.9417	-0.2638	0	-0
11.408	-0.2638	0	-0
12.874	-0.2638	0	-0
14.341	-0.2638	0	-0
15.807	-0.2638	0	-0
-14.985	-1.7301	0	-0
-13.519	-1.7301	0	-0
-12.053	-1.7301	0	-0
-10.587	-1.7301	0	-0
-9.1202	-1.7301	0	-0
-7.6539	-1.7301	0	-0
-6.1876	-1.7301	0	-0
-4.7213	-1.7301	0	-0
-3.255	-1.7301	0.01834	-0.051812
-1.7887	-1.7301	0.018066	-0.043107
-0.32241	-1.7301	0.017432	-0.036624
1.1439	-1.7301	0.017248	-0.029324
2.6102	-1.7301	0.014089	-0.024568
4.0765	-1.7301	0.0099516	-0.01858
5.5428	-1.7301	0.0060769	-0.011967
7.0091	-1.7301	-0.0028828	-0.0061426
8.4754	-1.7301	0	-0
9.9417	-1.7301	0	-0
11.408	-1.7301	0	-0
12.874	-1.7301	0	-0
14.341	-1.7301	0	-0
15.807	-1.7301	0	-0
-14.985	-3.1964	0	-0
-13.519	-3.1964	0	-0
-12.053	-3.1964	0	-0
-10.587	-3.1964	0	-0
-9.1202	-3.1964	0	-0
-7.6539	-3.1964	0	-0
-6.1876	-3.1964	0	-0
-4.7213	-3.1964	0	-0
-3.255	-3.1964	0.027269	-0.064538
-1.7887	-3.1964	0.025971	-0.052165
-0.32241	-3.1964	0.024785	-0.043436
1.1439	-3.1964	0.023024	-0.038432
2.6102	-3.1964	0.01892	-0.03484
4.0765	-3.1964	0.015365	-0.029964
5.5428	-3.1964	0.0089925	-0.022207
7.0091	-3.1964	-0.0010172	-0.015557
8.4754	-3.1964	0	-0
9.9417	-3.1964	0	-0
11.408	-3.1964	0	-0
12.874	-3.1964	0	-0
14.341	-3.1964	0	-0
15.807	-3.1964	0	-0
-14.985	-4.6627	0	-0
-13.519	-4.6627	0	-0
-12.053	-4.6627	0	-0
-10.587	-4.6627	0	-0
-9.1202	-4.6627	0	-0
-7.6539	-4.6627	0	-0
-6.1876	-4.6627	0	-0
-4.7213	-4.6627	0	-0
-3.255	-4.6627	0.038726	-0.07987
-1.7887	-4.6627	0.035858	-0.065362
-0.32241	-4.6627	0.032754	-0.055583
1.1439	-4.6627	0.028636	-0.05006
2.6102	-4.6627	0.024072	-0.046202
4.0765	-4.6627	0.021623	-0.042411
5.5428	-4.6627	0.017437	-0.033241
7.0091	-4.6627	-0.00046579	-0.026841
8.4754	-4.6627	0	-0
9.9417	-4.6627	0	-0
11.408	-4.6627	0	-0
12.874	-4.6627	0	-0
14.341	-4.6627	0	-0
15.807	-4.6627	0	-0
-14.985	-6.129	0	-0
-13.519	-6.129	0	-0
-12.053	-6.129	0	-0
-10.587	-6.129	0	-0
-9.1202	-6.129	0	-0
-7.6539	-6.129	0	-0
-6.1876	-6.129	0	-0
-4.7213	-6.129	0	-0
-3.255	-6.129	0.054219	-0.096412
-1.7887	-6.129	0.049155	-0.087014
-0.32241	-6.129	0.042179	-0.07638
1.1439	-6.129	0.035903	-0.067802
2.6102	-6.129	0.030233	-0.060703
4.0765	-6.129	0.028503	-0.053127
5.5428	-6.129	0.023644	-0.04551
7.0091	-6.129	0.00098658	-0.038505
8.4754	-6.129	0	-0
9.9417	-6.129	0	-0
11.408	-6.129	0	-0
12.874	-6.129	0	-0
14.341	-6.129	0	-0
15.807	-6.129	0	-0
-14.985	-7.5953	0	-0
-13.519	-7.5953	0	-0
-12.053	-7.5953	0	-0
-10.587	-7.5953	0	-0
-9.1202	-7.5953	0	-0
-7.6539	-7.5953	0	-0
-6.1876	-7.5953	0	-0
-4.7213	-7.5953	0	-0
-3.255	-7.5953	0.064302	-0.1174
-1.7887	-7.5953	0.058291	-0.11419
-0.32241	-7.5953	0.054958	-0.1068
1.1439	-7.5953	0.045683	-0.093345
2.6102	-7.5953	0.040357	-0.080669
4.0765	-7.5953	0.038301	-0.069342
5.5428	-7.5953	0.027005	-0.062705
7.0091	-7.5953	0.0037084	-0.053692
8.4754	-7.5953	0	-0
9.9417	-7.5953	0	-0
11.408	-7.5953	0	-0
12.874	-7.5953	0	-0
14.341	-7.5953	0	-0
15.807	-7.5953	0	-0
-14.985	-9.0616	0	-0
-13.519	-9.0616	0	-0
-12.053	-9.0616	0	-0
-10.587	-9.0616	0	-0
-9.1202	-9.0616	0	-0
-7.6539	-9.0616	0	-0
-6.1876	-9.0616	0	-0
-4.7213	-9.0616	0	-0
-3.255	-9.0616	0.069975	-0.13339
-1.7887	-9.0616	0.064326	-0.13285
-0.32241	-9.0616	0.060794	-0.13073
1.1439	-9.0616	0.056947	-0.12228
2.6102	-9.0616	0.052658	-0.10905
4.0765	-9.0616	0.04673	-0.096785
5.5428	-9.0616	0.028275	-0.086387
7.0091	-9.0616	-0.0016655	-0.088206
8.4754	-9.0616	0	-0
9.9417	-9.0616	0	-0
11.408	-9.0616	0	-0
12.874	-9.0616	0	-0
14.341	-9.0616	0	-0
15.807	-9.0616	0	-0
-14.985	-10.528	0	-0
-13.519	-10.528	0	-0
-12.053	-10.528	0	-0
-10.587	-10.528	0	-0
-9.1202	-10.528	0	-0
-7.6539	-10.528	0	-0
-6.1876	-10.528	0	-0
-4.7213	-10.528	0	-0
-3.255	-10.528	0.070141	-0.15131
-1.7887	-10.528	0.066878	-0.15583
-0.32241	-10.528	0.064792	-0.1553
1.1439	-10.528	0.06165	-0.15146
2.6102	-10.528	0.059691	-0.14671
4.0765	-10.528	0.050707	-0.13905
5.5428	-10.528	0.027135	-0.13555
7.0091	-10.528	-0.0080532	-0.14187
8.4754	-10.528	0	-0
9.9417	-10.528	0	-0
11.408	-10.528	0	-0
12.874	-10.528	0	-0
14.341	-10.528	0	-0
15.807	-10.528	0	-0
-14.985	-11.994	0	-0
-13.519	-11.994	0	-0
-12.053	-11.994	0	-0
-10.587	-11.994	0	-0
-9.1202	-11.994	0	-0
-7.6539	-11.994	0	-0
-6.1876	-11.994	0	-0
-4.7213	-11.994	0	-0
-3.255	-11.994	0	-0
-1.7887	-11.994	0	-0
-0.32241	-11.994	0	-0
1.1439	-11.994	0	-0
2.6102	-11.994	0	-0
4.0765	-11.994	0	-0
5.5428	-11.994	0	-0
7.0091	-11.994	0	-0
8.4754	-11.994	0	-0
9.9417	-11.994	0	-0
11.408	-11.994	0	-0
12.874	-11.994	0	-0
14.341	-11.994	0	-0
15.807	-11.994	0	-0
