#DaVis 7.4.0 2D-vector 96 22 22 "" "[mm]" "" "[mm]" "displacement" "[mm]"
-14.985	18.798	0	-0
-13.519	18.798	0	-0
-12.053	18.798	0	-0
-10.587	18.798	0	-0
-9.1202	18.798	0	-0
-7.6539	18.798	0	-0
-6.1876	18.798	0	-0
-4.7213	18.798	0	-0
-3.255	18.798	-0.11719	-0.13349
-1.7887	18.798	0.12963	0.95328
-0.32241	18.798	-0.40692	0.95071
1.1439	18.798	0.12641	-0.33699
2.6102	18.798	-0.045236	-0.60115
4.0765	18.798	-0.039142	0.69946
5.5428	18.798	-0.029466	-0.2595
7.0091	18.798	0.00083406	-0.35782
8.4754	18.798	0	-0
9.9417	18.798	0	-0
11.408	18.798	0	-0
12.874	18.798	0	-0
14.341	18.798	0	-0
15.807	18.798	0	-0
-14.985	17.332	0	-0
-13.519	17.332	0	-0
-12.053	17.332	0	-0
-10.587	17.332	0	-0
-9.1202	17.332	0	-0
-7.6539	17.332	0	-0
-6.1876	17.332	0	-0
-4.7213	17.332	0	-0
-3.255	17.332	-0.038526	0.059602
-1.7887	17.332	-0.042519	0.068525
-0.32241	17.332	-0.047941	0.088892
1.1439	17.332	-0.049933	0.090425
2.6102	17.332	-0.049814	0.066679
4.0765	17.332	-0.055687	0.097974
5.5428	17.332	-0.043469	0.081905
7.0091	17.332	0.00055029	0.62575
8.4754	17.332	0	-0
9.9417	17.332	0	-0
11.408	17.332	0	-0
12.874	17.332	0	-0
14.341	17.332	0	-0
15.807	17.332	0	-0
-14.985	15.866	0	-0
-13.519	15.866	0	-0
-12.053	15.866	0	-0
-10.587	15.866	0	-0
-9.1202	15.866	0	-0
-7.6539	15.866	0	-0
-6.1876	15.866	0	-0
-4.7213	15.866	0	-0
-3.255	15.866	-0.033502	0.047225
-1.7887	15.866	-0.036524	0.05433
-0.32241	15.866	-0.038275	0.062077
1.1439	15.866	-0.042066	0.070118
2.6102	15.866	-0.045959	0.077293
4.0765	15.866	-0.050129	0.082904
5.5428	15.866	-0.044264	0.088343
7.0091	15.866	-0.025503	0.089996
8.4754	15.866	0	-0
9.9417	15.866	0	-0
11.408	15.866	0	-0
12.874	15.866	0	-0
14.341	15.866	0	-0
15.807	15.866	0	-0
-14.985	14.399	0	-0
-13.519	14.399	0	-0
-12.053	14.399	0	-0
-10.587	14.399	0	-0
-9.1202	14.399	0	-0
-7.6539	14.399	0	-0
-6.1876	14.399	0	-0
-4.7213	14.399	0	-0
-3.255	14.399	-0.031468	0.035791
-1.7887	14.399	-0.033982	0.043686
-0.32241	14.399	-0.034142	0.051393
1.1439	14.399	-0.034178	0.057215
2.6102	14.399	-0.036391	0.062454
4.0765	14.399	-0.044494	0.073159
5.5428	14.399	-0.03835	0.080134
7.0091	14.399	-0.017174	0.083148
8.4754	14.399	0	-0
9.9417	14.399	0	-0
11.408	14.399	0	-0
12.874	14.399	0	-0
14.341	14.399	0	-0
15.807	14.399	0	-0
-14.985	12.933	0	-0
-13.519	12.933	0	-0
-12.053	12.933	0	-0
-10.587	12.933	0	-0
-9.1202	12.933	0	-0
-7.6539	12.933	0	-0
-6.1876	12.933	0	-0
-4.7213	12.933	0	-0
-3.255	12.933	-0.028057	0.025962
-1.7887	12.933	-0.030503	0.03589
-0.32241	12.933	-0.031532	0.042699
1.1439	12.933	-0.030071	0.048012
2.6102	12.933	-0.030827	0.053226
4.0765	12.933	-0.03343	0.059893
5.5428	12.933	-0.032839	0.067691
7.0091	12.933	-0.0098839	0.073861
8.4754	12.933	0	-0
9.9417	12.933	0	-0
11.408	12.933	0	-0
12.874	12.933	0	-0
14.341	12.933	0	-0
15.807	12.933	0	-0
-14.985	11.467	0	-0
-13.519	11.467	0	-0
-12.053	11.467	0	-0
-10.587	11.467	0	-0
-9.1202	11.467	0	-0
-7.6539	11.467	0	-0
-6.1876	11.467	0	-0
-4.7213	11.467	0	-0
-3.255	11.467	-0.023065	0.01731
-1.7887	11.467	-0.025061	0.0266
-0.32241	11.467	-0.026794	0.034616
1.1439	11.467	-0.02613	0.040347
2.6102	11.467	-0.025808	0.044862
4.0765	11.467	-0.028151	0.050027
5.5428	11.467	-0.025568	0.055318
7.0091	11.467	-0.0059923	0.061258
8.4754	11.467	0	-0
9.9417	11.467	0	-0
11.408	11.467	0	-0
12.874	11.467	0	-0
14.341	11.467	0	-0
15.807	11.467	0	-0
-14.985	10	0	-0
-13.519	10	0	-0
-12.053	10	0	-0
-10.587	10	0	-0
-9.1202	10	0	-0
-7.6539	10	0	-0
-6.1876	10	0	-0
-4.7213	10	0	-0
-3.255	10	-0.016772	0.0089468
-1.7887	10	-0.018664	0.019796
-0.32241	10	-0.019221	0.028509
1.1439	10	-0.020449	0.034225
2.6102	10	-0.020603	0.038102
4.0765	10	-0.022759	0.041954
5.5428	10	-0.02029	0.046037
7.0091	10	-0.0079747	0.051572
8.4754	10	0	-0
9.9417	10	0	-0
11.408	10	0	-0
12.874	10	0	-0
14.341	10	0	-0
15.807	10	0	-0
-14.985	8.534	0	-0
-13.519	8.534	0	-0
-12.053	8.534	0	-0
-10.587	8.534	0	-0
-9.1202	8.534	0	-0
-7.6539	8.534	0	-0
-6.1876	8.534	0	-0
-4.7213	8.534	0	-0
-3.255	8.534	-0.010948	0.0034691
-1.7887	8.534	-0.011847	0.014131
-0.32241	8.534	-0.012491	0.022102
1.1439	8.534	-0.013931	0.027438
2.6102	8.534	-0.014952	0.030393
4.0765	8.534	-0.016759	0.03469
5.5428	8.534	-0.015414	0.038432
7.0091	8.534	-0.006378	0.042733
8.4754	8.534	0	-0
9.9417	8.534	0	-0
11.408	8.534	0	-0
12.874	8.534	0	-0
14.341	8.534	0	-0
15.807	8.534	0	-0
-14.985	7.0677	0	-0
-13.519	7.0677	0	-0
-12.053	7.0677	0	-0
-10.587	7.0677	0	-0
-9.1202	7.0677	0	-0
-7.6539	7.0677	0	-0
-6.1876	7.0677	0	-0
-4.7213	7.0677	0	-0
-3.255	7.0677	-0.0040087	-0.0027336
-1.7887	7.0677	-0.0055972	0.0064035
-0.32241	7.0677	-0.007793	0.013219
1.1439	7.0677	-0.0099002	0.017935
2.6102	7.0677	-0.01033	0.022344
4.0765	7.0677	-0.010769	0.026391
5.5428	7.0677	-0.010688	0.030184
7.0091	7.0677	-0.0045882	0.034295
8.4754	7.0677	0	-0
9.9417	7.0677	0	-0
11.408	7.0677	0	-0
12.874	7.0677	0	-0
14.341	7.0677	0	-0
15.807	7.0677	0	-0
-14.985	5.6014	0	-0
-13.519	5.6014	0	-0
-12.053	5.6014	0	-0
-10.587	5.6014	0	-0
-9.1202	5.6014	0	-0
-7.6539	5.6014	0	-0
-6.1876	5.6014	0	-0
-4.7213	5.6014	0	-0
-3.255	5.6014	0.0017111	-0.010319
-1.7887	5.6014	-0.00066896	-0.0031898
-0.32241	5.6014	-0.0035524	0.0030051
1.1439	5.6014	-0.0063952	0.0088633
2.6102	5.6014	-0.0079883	0.013738
4.0765	5.6014	-0.0080326	0.018418
5.5428	5.6014	-0.007855	0.022047
7.0091	5.6014	-0.0034259	0.02723
8.4754	5.6014	0	-0
9.9417	5.6014	0	-0
11.408	5.6014	0	-0
12.874	5.6014	0	-0
14.341	5.6014	0	-0
15.807	5.6014	0	-0
-14.985	4.1351	0	-0
-13.519	4.1351	0	-0
-12.053	4.1351	0	-0
-10.587	4.1351	0	-0
-9.1202	4.1351	0	-0
-7.6539	4.1351	0	-0
-6.1876	4.1351	0	-0
-4.7213	4.1351	0	-0
-3.255	4.1351	0.0049619	-0.019031
-1.7887	4.1351	0.0023999	-0.012062
-0.32241	4.1351	-0.00046961	-0.0059919
1.1439	4.1351	-0.0027324	3.1646e-005
2.6102	4.1351	-0.0048579	0.0056512
4.0765	4.1351	-0.0060381	0.010288
5.5428	4.1351	-0.0057029	0.015096
7.0091	4.1351	-0.0040065	0.020041
8.4754	4.1351	0	-0
9.9417	4.1351	0	-0
11.408	4.1351	0	-0
12.874	4.1351	0	-0
14.341	4.1351	0	-0
15.807	4.1351	0	-0
-14.985	2.6688	0	-0
-13.519	2.6688	0	-0
-12.053	2.6688	0	-0
-10.587	2.6688	0	-0
-9.1202	2.6688	0	-0
-7.6539	2.6688	0	-0
-6.1876	2.6688	0	-0
-4.7213	2.6688	0	-0
-3.255	2.6688	0.0074091	-0.027222
-1.7887	2.6688	0.0053469	-0.020508
-0.32241	2.6688	0.0033123	-0.015478
1.1439	2.6688	0.00079559	-0.0092927
2.6102	2.6688	-0.0011815	-0.0015994
4.0765	2.6688	-0.0023616	0.0041565
5.5428	2.6688	-0.0026446	0.0094812
7.0091	2.6688	-0.00363	0.014162
8.4754	2.6688	0	-0
9.9417	2.6688	0	-0
11.408	2.6688	0	-0
12.874	2.6688	0	-0
14.341	2.6688	0	-0
15.807	2.6688	0	-0
-14.985	1.2025	0	-0
-13.519	1.2025	0	-0
-12.053	1.2025	0	-0
-10.587	1.2025	0	-0
-9.1202	1.2025	0	-0
-7.6539	1.2025	0	-0
-6.1876	1.2025	0	-0
-4.7213	1.2025	0	-0
-3.255	1.2025	0.0090312	-0.033965
-1.7887	1.2025	0.0079737	-0.027553
-0.32241	1.2025	0.0069173	-0.021958
1.1439	1.2025	0.0050127	-0.014791
2.6102	1.2025	0.0039464	-0.0074276
4.0765	1.2025	0.0032476	-0.0017309
5.5428	1.2025	0.00071	0.0033077
7.0091	1.2025	-0.0019317	0.0092956
8.4754	1.2025	0	-0
9.9417	1.2025	0	-0
11.408	1.2025	0	-0
12.874	1.2025	0	-0
14.341	1.2025	0	-0
15.807	1.2025	0	-0
-14.985	-0.2638	0	-0
-13.519	-0.2638	0	-0
-12.053	-0.2638	0	-0
-10.587	-0.2638	0	-0
-9.1202	-0.2638	0	-0
-7.6539	-0.2638	0	-0
-6.1876	-0.2638	0	-0
-4.7213	-0.2638	0	-0
-3.255	-0.2638	0.01137	-0.040286
-1.7887	-0.2638	0.011031	-0.033907
-0.32241	-0.2638	0.0099492	-0.02772
1.1439	-0.2638	0.010111	-0.020958
2.6102	-0.2638	0.0090665	-0.015164
4.0765	-0.2638	0.0062763	-0.009327
5.5428	-0.2638	0.0028088	-0.0041798
7.0091	-0.2638	-0.0015997	0.0016128
8.4754	-0.2638	0	-0
9.9417	-0.2638	0	-0
11.408	-0.2638	0	-0
12.874	-0.2638	0	-0
14.341	-0.2638	0	-0
15.807	-0.2638	0	-0
-14.985	-1.7301	0	-0
-13.519	-1.7301	0	-0
-12.053	-1.7301	0	-0
-10.587	-1.7301	0	-0
-9.1202	-1.7301	0	-0
-7.6539	-1.7301	0	-0
-6.1876	-1.7301	0	-0
-4.7213	-1.7301	0	-0
-3.255	-1.7301	0.015524	-0.047022
-1.7887	-1.7301	0.015825	-0.039946
-0.32241	-1.7301	0.015892	-0.034335
1.1439	-1.7301	0.015589	-0.027792
2.6102	-1.7301	0.012933	-0.023799
4.0765	-1.7301	0.009202	-0.018751
5.5428	-1.7301	0.0055107	-0.012881
7.0091	-1.7301	-0.00022569	-0.0069423
8.4754	-1.7301	0	-0
9.9417	-1.7301	0	-0
11.408	-1.7301	0	-0
12.874	-1.7301	0	-0
14.341	-1.7301	0	-0
15.807	-1.7301	0	-0
-14.985	-3.1964	0	-0
-13.519	-3.1964	0	-0
-12.053	-3.1964	0	-0
-10.587	-3.1964	0	-0
-9.1202	-3.1964	0	-0
-7.6539	-3.1964	0	-0
-6.1876	-3.1964	0	-0
-4.7213	-3.1964	0	-0
-3.255	-3.1964	0.022407	-0.056185
-1.7887	-3.1964	0.022447	-0.047348
-0.32241	-3.1964	0.021957	-0.040263
1.1439	-3.1964	0.021116	-0.035378
2.6102	-3.1964	0.01855	-0.032817
4.0765	-3.1964	0.013396	-0.029478
5.5428	-3.1964	0.0086514	-0.023192
7.0091	-3.1964	0.0016147	-0.01686
8.4754	-3.1964	0	-0
9.9417	-3.1964	0	-0
11.408	-3.1964	0	-0
12.874	-3.1964	0	-0
14.341	-3.1964	0	-0
15.807	-3.1964	0	-0
-14.985	-4.6627	0	-0
-13.519	-4.6627	0	-0
-12.053	-4.6627	0	-0
-10.587	-4.6627	0	-0
-9.1202	-4.6627	0	-0
-7.6539	-4.6627	0	-0
-6.1876	-4.6627	0	-0
-4.7213	-4.6627	0	-0
-3.255	-4.6627	0.030698	-0.066545
-1.7887	-4.6627	0.029433	-0.056339
-0.32241	-4.6627	0.028114	-0.049742
1.1439	-4.6627	0.025524	-0.046102
2.6102	-4.6627	0.021909	-0.043929
4.0765	-4.6627	0.018672	-0.041449
5.5428	-4.6627	0.014935	-0.033137
7.0091	-4.6627	0.0028603	-0.027086
8.4754	-4.6627	0	-0
9.9417	-4.6627	0	-0
11.408	-4.6627	0	-0
12.874	-4.6627	0	-0
14.341	-4.6627	0	-0
15.807	-4.6627	0	-0
-14.985	-6.129	0	-0
-13.519	-6.129	0	-0
-12.053	-6.129	0	-0
-10.587	-6.129	0	-0
-9.1202	-6.129	0	-0
-7.6539	-6.129	0	-0
-6.1876	-6.129	0	-0
-4.7213	-6.129	0	-0
-3.255	-6.129	0.040569	-0.076633
-1.7887	-6.129	0.038091	-0.070454
-0.32241	-6.129	0.034484	-0.063731
1.1439	-6.129	0.0299	-0.059345
2.6102	-6.129	0.026345	-0.055869
4.0765	-6.129	0.023917	-0.050324
5.5428	-6.129	0.020415	-0.043083
7.0091	-6.129	0.0051541	-0.036564
8.4754	-6.129	0	-0
9.9417	-6.129	0	-0
11.408	-6.129	0	-0
12.874	-6.129	0	-0
14.341	-6.129	0	-0
15.807	-6.129	0	-0
-14.985	-7.5953	0	-0
-13.519	-7.5953	0	-0
-12.053	-7.5953	0	-0
-10.587	-7.5953	0	-0
-9.1202	-7.5953	0	-0
-7.6539	-7.5953	0	-0
-6.1876	-7.5953	0	-0
-4.7213	-7.5953	0	-0
-3.255	-7.5953	0.047049	-0.090555
-1.7887	-7.5953	0.043268	-0.087689
-0.32241	-7.5953	0.041496	-0.082201
1.1439	-7.5953	0.035835	-0.074254
2.6102	-7.5953	0.032268	-0.067491
4.0765	-7.5953	0.031266	-0.060041
5.5428	-7.5953	0.024558	-0.053998
7.0091	-7.5953	0.009304	-0.046914
8.4754	-7.5953	0	-0
9.9417	-7.5953	0	-0
11.408	-7.5953	0	-0
12.874	-7.5953	0	-0
14.341	-7.5953	0	-0
15.807	-7.5953	0	-0
-14.985	-9.0616	0	-0
-13.519	-9.0616	0	-0
-12.053	-9.0616	0	-0
-10.587	-9.0616	0	-0
-9.1202	-9.0616	0	-0
-7.6539	-9.0616	0	-0
-6.1876	-9.0616	0	-0
-4.7213	-9.0616	0	-0
-3.255	-9.0616	0.050274	-0.10033
-1.7887	-9.0616	0.047271	-0.099226
-0.32241	-9.0616	0.045508	-0.096665
1.1439	-9.0616	0.043017	-0.090387
2.6102	-9.0616	0.040327	-0.082679
4.0765	-9.0616	0.036864	-0.075712
5.5428	-9.0616	0.02765	-0.067506
7.0091	-9.0616	0.0086615	-0.065662
8.4754	-9.0616	0	-0
9.9417	-9.0616	0	-0
11.408	-9.0616	0	-0
12.874	-9.0616	0	-0
14.341	-9.0616	0	-0
15.807	-9.0616	0	-0
-14.985	-10.528	0	-0
-13.519	-10.528	0	-0
-12.053	-10.528	0	-0
-10.587	-10.528	0	-0
-9.1202	-10.528	0	-0
-7.6539	-10.528	0	-0
-6.1876	-10.528	0	-0
-4.7213	-10.528	0	-0
-3.255	-10.528	0.051865	-0.112
-1.7887	-10.528	0.050234	-0.11281
-0.32241	-10.528	0.048797	-0.11095
1.1439	-10.528	0.046836	-0.10701
2.6102	-10.528	0.045622	-0.10237
4.0765	-10.528	0.039238	-0.096559
5.5428	-10.528	0.029931	-0.092027
7.0091	-10.528	0.0084675	-0.092596
8.4754	-10.528	0	-0
9.9417	-10.528	0	-0
11.408	-10.528	0	-0
12.874	-10.528	0	-0
14.341	-10.528	0	-0
15.807	-10.528	0	-0
-14.985	-11.994	0	-0
-13.519	-11.994	0	-0
-12.053	-11.994	0	-0
-10.587	-11.994	0	-0
-9.1202	-11.994	0	-0
-7.6539	-11.994	0	-0
-6.1876	-11.994	0	-0
-4.7213	-11.994	0	-0
-3.255	-11.994	0	-0
-1.7887	-11.994	0	-0
-0.32241	-11.994	0	-0
1.1439	-11.994	0	-0
2.6102	-11.994	0	-0
4.0765	-11.994	0	-0
5.5428	-11.994	0	-0
7.0091	-11.994	0	-0
8.4754	-11.994	0	-0
9.9417	-11.994	0	-0
11.408	-11.994	0	-0
12.874	-11.994	0	-0
14.341	-11.994	0	-0
15.807	-11.994	0	-0
