#DaVis 7.4.0 2D-vector 96 22 22 "" "[mm]" "" "[mm]" "displacement" "[mm]"
-14.985	18.798	0	-0
-13.519	18.798	0	-0
-12.053	18.798	0	-0
-10.587	18.798	0	-0
-9.1202	18.798	0	-0
-7.6539	18.798	0	-0
-6.1876	18.798	0	-0
-4.7213	18.798	0	-0
-3.255	18.798	-0.097156	0.28469
-1.7887	18.798	-0.015214	0.69425
-0.32241	18.798	-0.61111	0.09514
1.1439	18.798	0.20701	0.11865
2.6102	18.798	-0.87291	0.16229
4.0765	18.798	-0.067377	-0.012711
5.5428	18.798	-0.067751	0.8557
7.0091	18.798	0.85021	-0.36553
8.4754	18.798	0	-0
9.9417	18.798	0	-0
11.408	18.798	0	-0
12.874	18.798	0	-0
14.341	18.798	0	-0
15.807	18.798	0	-0
-14.985	17.332	0	-0
-13.519	17.332	0	-0
-12.053	17.332	0	-0
-10.587	17.332	0	-0
-9.1202	17.332	0	-0
-7.6539	17.332	0	-0
-6.1876	17.332	0	-0
-4.7213	17.332	0	-0
-3.255	17.332	0.15467	0.461
-1.7887	17.332	-0.019444	0.10693
-0.32241	17.332	0.38896	-0.4345
1.1439	17.332	-0.064161	0.16459
2.6102	17.332	-0.54207	0.39891
4.0765	17.332	0.42149	-0.38921
5.5428	17.332	-0.071196	-0.49318
7.0091	17.332	-0.014625	-0.15724
8.4754	17.332	0	-0
9.9417	17.332	0	-0
11.408	17.332	0	-0
12.874	17.332	0	-0
14.341	17.332	0	-0
15.807	17.332	0	-0
-14.985	15.866	0	-0
-13.519	15.866	0	-0
-12.053	15.866	0	-0
-10.587	15.866	0	-0
-9.1202	15.866	0	-0
-7.6539	15.866	0	-0
-6.1876	15.866	0	-0
-4.7213	15.866	0	-0
-3.255	15.866	-0.010341	-0.12449
-1.7887	15.866	-0.44807	-0.12947
-0.32241	15.866	-0.025991	0.080938
1.1439	15.866	-0.047607	0.091987
2.6102	15.866	-0.064904	0.13401
4.0765	15.866	-0.091239	0.15628
5.5428	15.866	-0.090351	0.15444
7.0091	15.866	-0.021803	-0.2317
8.4754	15.866	0	-0
9.9417	15.866	0	-0
11.408	15.866	0	-0
12.874	15.866	0	-0
14.341	15.866	0	-0
15.807	15.866	0	-0
-14.985	14.399	0	-0
-13.519	14.399	0	-0
-12.053	14.399	0	-0
-10.587	14.399	0	-0
-9.1202	14.399	0	-0
-7.6539	14.399	0	-0
-6.1876	14.399	0	-0
-4.7213	14.399	0	-0
-3.255	14.399	-0.018594	0.062366
-1.7887	14.399	-0.021185	0.064006
-0.32241	14.399	-0.020792	0.070533
1.1439	14.399	-0.028858	0.0799
2.6102	14.399	-0.040469	0.09124
4.0765	14.399	-0.071372	0.12658
5.5428	14.399	-0.076417	0.14604
7.0091	14.399	-0.062968	0.14987
8.4754	14.399	0	-0
9.9417	14.399	0	-0
11.408	14.399	0	-0
12.874	14.399	0	-0
14.341	14.399	0	-0
15.807	14.399	0	-0
-14.985	12.933	0	-0
-13.519	12.933	0	-0
-12.053	12.933	0	-0
-10.587	12.933	0	-0
-9.1202	12.933	0	-0
-7.6539	12.933	0	-0
-6.1876	12.933	0	-0
-4.7213	12.933	0	-0
-3.255	12.933	-0.020871	0.04617
-1.7887	12.933	-0.023821	0.051209
-0.32241	12.933	-0.025371	0.057055
1.1439	12.933	-0.022785	0.059779
2.6102	12.933	-0.025479	0.063543
4.0765	12.933	-0.034387	0.075235
5.5428	12.933	-0.051443	0.11151
7.0091	12.933	-0.046729	0.13389
8.4754	12.933	0	-0
9.9417	12.933	0	-0
11.408	12.933	0	-0
12.874	12.933	0	-0
14.341	12.933	0	-0
15.807	12.933	0	-0
-14.985	11.467	0	-0
-13.519	11.467	0	-0
-12.053	11.467	0	-0
-10.587	11.467	0	-0
-9.1202	11.467	0	-0
-7.6539	11.467	0	-0
-6.1876	11.467	0	-0
-4.7213	11.467	0	-0
-3.255	11.467	-0.01784	0.027322
-1.7887	11.467	-0.019797	0.034761
-0.32241	11.467	-0.024614	0.045043
1.1439	11.467	-0.021904	0.048193
2.6102	11.467	-0.021319	0.048916
4.0765	11.467	-0.023712	0.053678
5.5428	11.467	-0.030593	0.064677
7.0091	11.467	-0.014928	0.081761
8.4754	11.467	0	-0
9.9417	11.467	0	-0
11.408	11.467	0	-0
12.874	11.467	0	-0
14.341	11.467	0	-0
15.807	11.467	0	-0
-14.985	10	0	-0
-13.519	10	0	-0
-12.053	10	0	-0
-10.587	10	0	-0
-9.1202	10	0	-0
-7.6539	10	0	-0
-6.1876	10	0	-0
-4.7213	10	0	-0
-3.255	10	-0.011783	0.012906
-1.7887	10	-0.013729	0.023722
-0.32241	10	-0.015693	0.033108
1.1439	10	-0.018341	0.039287
2.6102	10	-0.018244	0.040352
4.0765	10	-0.019028	0.041023
5.5428	10	-0.020336	0.04773
7.0091	10	0.0012968	0.054499
8.4754	10	0	-0
9.9417	10	0	-0
11.408	10	0	-0
12.874	10	0	-0
14.341	10	0	-0
15.807	10	0	-0
-14.985	8.534	0	-0
-13.519	8.534	0	-0
-12.053	8.534	0	-0
-10.587	8.534	0	-0
-9.1202	8.534	0	-0
-7.6539	8.534	0	-0
-6.1876	8.534	0	-0
-4.7213	8.534	0	-0
-3.255	8.534	-0.0057927	0.0060582
-1.7887	8.534	-0.0072762	0.017862
-0.32241	8.534	-0.0083388	0.025475
1.1439	8.534	-0.011912	0.031141
2.6102	8.534	-0.014033	0.033353
4.0765	8.534	-0.016489	0.035718
5.5428	8.534	-0.014811	0.037539
7.0091	8.534	0.0031587	0.044118
8.4754	8.534	0	-0
9.9417	8.534	0	-0
11.408	8.534	0	-0
12.874	8.534	0	-0
14.341	8.534	0	-0
15.807	8.534	0	-0
-14.985	7.0677	0	-0
-13.519	7.0677	0	-0
-12.053	7.0677	0	-0
-10.587	7.0677	0	-0
-9.1202	7.0677	0	-0
-7.6539	7.0677	0	-0
-6.1876	7.0677	0	-0
-4.7213	7.0677	0	-0
-3.255	7.0677	0.0005925	0.00019948
-1.7887	7.0677	-0.0013842	0.0095591
-0.32241	7.0677	-0.0043339	0.016677
1.1439	7.0677	-0.0078337	0.021313
2.6102	7.0677	-0.0098522	0.02503
4.0765	7.0677	-0.011382	0.027851
5.5428	7.0677	-0.011341	0.030237
7.0091	7.0677	-0.0024708	0.033933
8.4754	7.0677	0	-0
9.9417	7.0677	0	-0
11.408	7.0677	0	-0
12.874	7.0677	0	-0
14.341	7.0677	0	-0
15.807	7.0677	0	-0
-14.985	5.6014	0	-0
-13.519	5.6014	0	-0
-12.053	5.6014	0	-0
-10.587	5.6014	0	-0
-9.1202	5.6014	0	-0
-7.6539	5.6014	0	-0
-6.1876	5.6014	0	-0
-4.7213	5.6014	0	-0
-3.255	5.6014	0.0052448	-0.0067768
-1.7887	5.6014	0.0027325	-0.00076499
-0.32241	5.6014	-0.0013977	0.0046329
1.1439	5.6014	-0.005467	0.010225
2.6102	5.6014	-0.0080461	0.014885
4.0765	5.6014	-0.0096364	0.019151
5.5428	5.6014	-0.0093026	0.021879
7.0091	5.6014	-0.0013398	0.026559
8.4754	5.6014	0	-0
9.9417	5.6014	0	-0
11.408	5.6014	0	-0
12.874	5.6014	0	-0
14.341	5.6014	0	-0
15.807	5.6014	0	-0
-14.985	4.1351	0	-0
-13.519	4.1351	0	-0
-12.053	4.1351	0	-0
-10.587	4.1351	0	-0
-9.1202	4.1351	0	-0
-7.6539	4.1351	0	-0
-6.1876	4.1351	0	-0
-4.7213	4.1351	0	-0
-3.255	4.1351	0.0073597	-0.016448
-1.7887	4.1351	0.0047611	-0.010982
-0.32241	4.1351	0.00054508	-0.006034
1.1439	4.1351	-0.0029766	-0.00020436
2.6102	4.1351	-0.0063703	0.0048604
4.0765	4.1351	-0.0091452	0.010192
5.5428	4.1351	-0.0076782	0.014781
7.0091	4.1351	-0.004233	0.019186
8.4754	4.1351	0	-0
9.9417	4.1351	0	-0
11.408	4.1351	0	-0
12.874	4.1351	0	-0
14.341	4.1351	0	-0
15.807	4.1351	0	-0
-14.985	2.6688	0	-0
-13.519	2.6688	0	-0
-12.053	2.6688	0	-0
-10.587	2.6688	0	-0
-9.1202	2.6688	0	-0
-7.6539	2.6688	0	-0
-6.1876	2.6688	0	-0
-4.7213	2.6688	0	-0
-3.255	2.6688	0.0088337	-0.026273
-1.7887	2.6688	0.0059042	-0.019859
-0.32241	2.6688	0.00276	-0.014964
1.1439	2.6688	7.9833e-005	-0.0094758
2.6102	2.6688	-0.0031538	-0.0026569
4.0765	2.6688	-0.0065716	0.0038041
5.5428	2.6688	-0.0051864	0.0086165
7.0091	2.6688	-0.0031644	0.01352
8.4754	2.6688	0	-0
9.9417	2.6688	0	-0
11.408	2.6688	0	-0
12.874	2.6688	0	-0
14.341	2.6688	0	-0
15.807	2.6688	0	-0
-14.985	1.2025	0	-0
-13.519	1.2025	0	-0
-12.053	1.2025	0	-0
-10.587	1.2025	0	-0
-9.1202	1.2025	0	-0
-7.6539	1.2025	0	-0
-6.1876	1.2025	0	-0
-4.7213	1.2025	0	-0
-3.255	1.2025	0.0091768	-0.033042
-1.7887	1.2025	0.0068568	-0.027233
-0.32241	1.2025	0.0048211	-0.022452
1.1439	1.2025	0.0025782	-0.015585
2.6102	1.2025	0.00066995	-0.0081368
4.0765	1.2025	-0.00074833	-0.0025224
5.5428	1.2025	-0.0026395	0.0027018
7.0091	1.2025	0.00083213	0.0089239
8.4754	1.2025	0	-0
9.9417	1.2025	0	-0
11.408	1.2025	0	-0
12.874	1.2025	0	-0
14.341	1.2025	0	-0
15.807	1.2025	0	-0
-14.985	-0.2638	0	-0
-13.519	-0.2638	0	-0
-12.053	-0.2638	0	-0
-10.587	-0.2638	0	-0
-9.1202	-0.2638	0	-0
-7.6539	-0.2638	0	-0
-6.1876	-0.2638	0	-0
-4.7213	-0.2638	0	-0
-3.255	-0.2638	0.010031	-0.040505
-1.7887	-0.2638	0.0092833	-0.034098
-0.32241	-0.2638	0.0065561	-0.027527
1.1439	-0.2638	0.0063475	-0.02119
2.6102	-0.2638	0.0051028	-0.015796
4.0765	-0.2638	0.00090539	-0.0098346
5.5428	-0.2638	-0.0017012	-0.0045593
7.0091	-0.2638	0.00065611	0.00069554
8.4754	-0.2638	0	-0
9.9417	-0.2638	0	-0
11.408	-0.2638	0	-0
12.874	-0.2638	0	-0
14.341	-0.2638	0	-0
15.807	-0.2638	0	-0
-14.985	-1.7301	0	-0
-13.519	-1.7301	0	-0
-12.053	-1.7301	0	-0
-10.587	-1.7301	0	-0
-9.1202	-1.7301	0	-0
-7.6539	-1.7301	0	-0
-6.1876	-1.7301	0	-0
-4.7213	-1.7301	0	-0
-3.255	-1.7301	0.013961	-0.050614
-1.7887	-1.7301	0.012655	-0.041414
-0.32241	-1.7301	0.011238	-0.035072
1.1439	-1.7301	0.011149	-0.029609
2.6102	-1.7301	0.0082257	-0.024946
4.0765	-1.7301	0.0029203	-0.019396
5.5428	-1.7301	7.5696e-005	-0.012916
7.0091	-1.7301	0.00127	-0.0085904
8.4754	-1.7301	0	-0
9.9417	-1.7301	0	-0
11.408	-1.7301	0	-0
12.874	-1.7301	0	-0
14.341	-1.7301	0	-0
15.807	-1.7301	0	-0
-14.985	-3.1964	0	-0
-13.519	-3.1964	0	-0
-12.053	-3.1964	0	-0
-10.587	-3.1964	0	-0
-9.1202	-3.1964	0	-0
-7.6539	-3.1964	0	-0
-6.1876	-3.1964	0	-0
-4.7213	-3.1964	0	-0
-3.255	-3.1964	0.02466	-0.069161
-1.7887	-3.1964	0.021167	-0.052526
-0.32241	-3.1964	0.018017	-0.044609
1.1439	-3.1964	0.015845	-0.03993
2.6102	-3.1964	0.01152	-0.035988
4.0765	-3.1964	0.0064966	-0.031333
5.5428	-3.1964	0.0026835	-0.023613
7.0091	-3.1964	0.0011758	-0.017299
8.4754	-3.1964	0	-0
9.9417	-3.1964	0	-0
11.408	-3.1964	0	-0
12.874	-3.1964	0	-0
14.341	-3.1964	0	-0
15.807	-3.1964	0	-0
-14.985	-4.6627	0	-0
-13.519	-4.6627	0	-0
-12.053	-4.6627	0	-0
-10.587	-4.6627	0	-0
-9.1202	-4.6627	0	-0
-7.6539	-4.6627	0	-0
-6.1876	-4.6627	0	-0
-4.7213	-4.6627	0	-0
-3.255	-4.6627	0.038531	-0.093272
-1.7887	-4.6627	0.033202	-0.07402
-0.32241	-4.6627	0.027305	-0.061965
1.1439	-4.6627	0.021794	-0.055309
2.6102	-4.6627	0.014777	-0.048589
4.0765	-4.6627	0.012099	-0.044578
5.5428	-4.6627	0.008612	-0.035763
7.0091	-4.6627	0.0019505	-0.029826
8.4754	-4.6627	0	-0
9.9417	-4.6627	0	-0
11.408	-4.6627	0	-0
12.874	-4.6627	0	-0
14.341	-4.6627	0	-0
15.807	-4.6627	0	-0
-14.985	-6.129	0	-0
-13.519	-6.129	0	-0
-12.053	-6.129	0	-0
-10.587	-6.129	0	-0
-9.1202	-6.129	0	-0
-7.6539	-6.129	0	-0
-6.1876	-6.129	0	-0
-4.7213	-6.129	0	-0
-3.255	-6.129	0.059135	-0.11758
-1.7887	-6.129	0.050772	-0.10659
-0.32241	-6.129	0.039971	-0.092508
1.1439	-6.129	0.030188	-0.080395
2.6102	-6.129	0.022421	-0.068663
4.0765	-6.129	0.01901	-0.058588
5.5428	-6.129	0.015073	-0.050668
7.0091	-6.129	0.0091721	-0.043894
8.4754	-6.129	0	-0
9.9417	-6.129	0	-0
11.408	-6.129	0	-0
12.874	-6.129	0	-0
14.341	-6.129	0	-0
15.807	-6.129	0	-0
-14.985	-7.5953	0	-0
-13.519	-7.5953	0	-0
-12.053	-7.5953	0	-0
-10.587	-7.5953	0	-0
-9.1202	-7.5953	0	-0
-7.6539	-7.5953	0	-0
-6.1876	-7.5953	0	-0
-4.7213	-7.5953	0	-0
-3.255	-7.5953	0.071169	-0.14928
-1.7887	-7.5953	0.063425	-0.1493
-0.32241	-7.5953	0.056684	-0.13568
1.1439	-7.5953	0.044992	-0.11804
2.6102	-7.5953	0.035827	-0.10134
4.0765	-7.5953	0.031559	-0.083539
5.5428	-7.5953	0.017381	-0.075489
7.0091	-7.5953	0.0051893	-0.063605
8.4754	-7.5953	0	-0
9.9417	-7.5953	0	-0
11.408	-7.5953	0	-0
12.874	-7.5953	0	-0
14.341	-7.5953	0	-0
15.807	-7.5953	0	-0
-14.985	-9.0616	0	-0
-13.519	-9.0616	0	-0
-12.053	-9.0616	0	-0
-10.587	-9.0616	0	-0
-9.1202	-9.0616	0	-0
-7.6539	-9.0616	0	-0
-6.1876	-9.0616	0	-0
-4.7213	-9.0616	0	-0
-3.255	-9.0616	0.080535	-0.17515
-1.7887	-9.0616	0.071567	-0.17717
-0.32241	-9.0616	0.066296	-0.17997
1.1439	-9.0616	0.059016	-0.16546
2.6102	-9.0616	0.051985	-0.14487
4.0765	-9.0616	0.042305	-0.12653
5.5428	-9.0616	0.01517	-0.10909
7.0091	-9.0616	-0.0079072	-0.11558
8.4754	-9.0616	0	-0
9.9417	-9.0616	0	-0
11.408	-9.0616	0	-0
12.874	-9.0616	0	-0
14.341	-9.0616	0	-0
15.807	-9.0616	0	-0
-14.985	-10.528	0	-0
-13.519	-10.528	0	-0
-12.053	-10.528	0	-0
-10.587	-10.528	0	-0
-9.1202	-10.528	0	-0
-7.6539	-10.528	0	-0
-6.1876	-10.528	0	-0
-4.7213	-10.528	0	-0
-3.255	-10.528	0.083093	-0.20569
-1.7887	-10.528	0.075463	-0.21621
-0.32241	-10.528	0.068065	-0.20535
1.1439	-10.528	0.067317	-0.21678
2.6102	-10.528	0.061756	-0.2058
4.0765	-10.528	0.047437	-0.19519
5.5428	-10.528	0.0055332	-0.18745
7.0091	-10.528	-0.041958	-0.20062
8.4754	-10.528	0	-0
9.9417	-10.528	0	-0
11.408	-10.528	0	-0
12.874	-10.528	0	-0
14.341	-10.528	0	-0
15.807	-10.528	0	-0
-14.985	-11.994	0	-0
-13.519	-11.994	0	-0
-12.053	-11.994	0	-0
-10.587	-11.994	0	-0
-9.1202	-11.994	0	-0
-7.6539	-11.994	0	-0
-6.1876	-11.994	0	-0
-4.7213	-11.994	0	-0
-3.255	-11.994	0	-0
-1.7887	-11.994	0	-0
-0.32241	-11.994	0	-0
1.1439	-11.994	0	-0
2.6102	-11.994	0	-0
4.0765	-11.994	0	-0
5.5428	-11.994	0	-0
7.0091	-11.994	0	-0
8.4754	-11.994	0	-0
9.9417	-11.994	0	-0
11.408	-11.994	0	-0
12.874	-11.994	0	-0
14.341	-11.994	0	-0
15.807	-11.994	0	-0
