#DaVis 7.4.0 2D-vector 96 22 22 "" "[mm]" "" "[mm]" "displacement" "[mm]"
-14.985	18.798	0	-0
-13.519	18.798	0	-0
-12.053	18.798	0	-0
-10.587	18.798	0	-0
-9.1202	18.798	0	-0
-7.6539	18.798	0	-0
-6.1876	18.798	0	-0
-4.7213	18.798	0	-0
-3.255	18.798	-0.1097	0.28638
-1.7887	18.798	-0.023865	0.70639
-0.32241	18.798	-0.60821	0.096842
1.1439	18.798	0.15476	0.12239
2.6102	18.798	-0.7935	0.35758
4.0765	18.798	-0.063684	-0.0033437
5.5428	18.798	-0.066884	0.85826
7.0091	18.798	0.81742	-0.3643
8.4754	18.798	0	-0
9.9417	18.798	0	-0
11.408	18.798	0	-0
12.874	18.798	0	-0
14.341	18.798	0	-0
15.807	18.798	0	-0
-14.985	17.332	0	-0
-13.519	17.332	0	-0
-12.053	17.332	0	-0
-10.587	17.332	0	-0
-9.1202	17.332	0	-0
-7.6539	17.332	0	-0
-6.1876	17.332	0	-0
-4.7213	17.332	0	-0
-3.255	17.332	0.16338	0.47727
-1.7887	17.332	-0.02104	0.10519
-0.32241	17.332	0.38233	-0.41703
1.1439	17.332	-0.063839	0.1724
2.6102	17.332	-0.27551	0.40975
4.0765	17.332	0.064432	-0.39232
5.5428	17.332	-0.065159	0.34835
7.0091	17.332	-0.020797	-0.13677
8.4754	17.332	0	-0
9.9417	17.332	0	-0
11.408	17.332	0	-0
12.874	17.332	0	-0
14.341	17.332	0	-0
15.807	17.332	0	-0
-14.985	15.866	0	-0
-13.519	15.866	0	-0
-12.053	15.866	0	-0
-10.587	15.866	0	-0
-9.1202	15.866	0	-0
-7.6539	15.866	0	-0
-6.1876	15.866	0	-0
-4.7213	15.866	0	-0
-3.255	15.866	-0.010037	0.053782
-1.7887	15.866	-0.018894	0.058737
-0.32241	15.866	-0.025675	0.081693
1.1439	15.866	-0.04734	0.095739
2.6102	15.866	-0.061609	0.13383
4.0765	15.866	-0.090152	0.1565
5.5428	15.866	-0.090568	0.15133
7.0091	15.866	-0.021667	-0.21345
8.4754	15.866	0	-0
9.9417	15.866	0	-0
11.408	15.866	0	-0
12.874	15.866	0	-0
14.341	15.866	0	-0
15.807	15.866	0	-0
-14.985	14.399	0	-0
-13.519	14.399	0	-0
-12.053	14.399	0	-0
-10.587	14.399	0	-0
-9.1202	14.399	0	-0
-7.6539	14.399	0	-0
-6.1876	14.399	0	-0
-4.7213	14.399	0	-0
-3.255	14.399	-0.018428	0.061328
-1.7887	14.399	-0.021067	0.062962
-0.32241	14.399	-0.020484	0.069752
1.1439	14.399	-0.028207	0.079466
2.6102	14.399	-0.040052	0.090478
4.0765	14.399	-0.070557	0.12501
5.5428	14.399	-0.076492	0.14402
7.0091	14.399	-0.062944	0.14787
8.4754	14.399	0	-0
9.9417	14.399	0	-0
11.408	14.399	0	-0
12.874	14.399	0	-0
14.341	14.399	0	-0
15.807	14.399	0	-0
-14.985	12.933	0	-0
-13.519	12.933	0	-0
-12.053	12.933	0	-0
-10.587	12.933	0	-0
-9.1202	12.933	0	-0
-7.6539	12.933	0	-0
-6.1876	12.933	0	-0
-4.7213	12.933	0	-0
-3.255	12.933	-0.020541	0.045684
-1.7887	12.933	-0.023589	0.050308
-0.32241	12.933	-0.025153	0.056184
1.1439	12.933	-0.022336	0.059317
2.6102	12.933	-0.024995	0.063063
4.0765	12.933	-0.03393	0.074485
5.5428	12.933	-0.051809	0.11037
7.0091	12.933	-0.047648	0.13414
8.4754	12.933	0	-0
9.9417	12.933	0	-0
11.408	12.933	0	-0
12.874	12.933	0	-0
14.341	12.933	0	-0
15.807	12.933	0	-0
-14.985	11.467	0	-0
-13.519	11.467	0	-0
-12.053	11.467	0	-0
-10.587	11.467	0	-0
-9.1202	11.467	0	-0
-7.6539	11.467	0	-0
-6.1876	11.467	0	-0
-4.7213	11.467	0	-0
-3.255	11.467	-0.017637	0.027244
-1.7887	11.467	-0.019785	0.034212
-0.32241	11.467	-0.024197	0.044509
1.1439	11.467	-0.021584	0.047758
2.6102	11.467	-0.021093	0.048679
4.0765	11.467	-0.023452	0.053356
5.5428	11.467	-0.030495	0.06468
7.0091	11.467	-0.015263	0.082088
8.4754	11.467	0	-0
9.9417	11.467	0	-0
11.408	11.467	0	-0
12.874	11.467	0	-0
14.341	11.467	0	-0
15.807	11.467	0	-0
-14.985	10	0	-0
-13.519	10	0	-0
-12.053	10	0	-0
-10.587	10	0	-0
-9.1202	10	0	-0
-7.6539	10	0	-0
-6.1876	10	0	-0
-4.7213	10	0	-0
-3.255	10	-0.011645	0.012547
-1.7887	10	-0.013482	0.023501
-0.32241	10	-0.015405	0.033061
1.1439	10	-0.0181	0.038977
2.6102	10	-0.018141	0.040009
4.0765	10	-0.018812	0.040843
5.5428	10	-0.020818	0.047397
7.0091	10	-0.0068907	0.052551
8.4754	10	0	-0
9.9417	10	0	-0
11.408	10	0	-0
12.874	10	0	-0
14.341	10	0	-0
15.807	10	0	-0
-14.985	8.534	0	-0
-13.519	8.534	0	-0
-12.053	8.534	0	-0
-10.587	8.534	0	-0
-9.1202	8.534	0	-0
-7.6539	8.534	0	-0
-6.1876	8.534	0	-0
-4.7213	8.534	0	-0
-3.255	8.534	-0.0056256	0.0058816
-1.7887	8.534	-0.0069258	0.017735
-0.32241	8.534	-0.0080677	0.025316
1.1439	8.534	-0.011675	0.030747
2.6102	8.534	-0.013807	0.033244
4.0765	8.534	-0.015847	0.035552
5.5428	8.534	-0.015648	0.03719
7.0091	8.534	-0.011861	0.043267
8.4754	8.534	0	-0
9.9417	8.534	0	-0
11.408	8.534	0	-0
12.874	8.534	0	-0
14.341	8.534	0	-0
15.807	8.534	0	-0
-14.985	7.0677	0	-0
-13.519	7.0677	0	-0
-12.053	7.0677	0	-0
-10.587	7.0677	0	-0
-9.1202	7.0677	0	-0
-7.6539	7.0677	0	-0
-6.1876	7.0677	0	-0
-4.7213	7.0677	0	-0
-3.255	7.0677	0.00062437	-5.502e-005
-1.7887	7.0677	-0.0012373	0.0093252
-0.32241	7.0677	-0.0040622	0.016312
1.1439	7.0677	-0.007599	0.02085
2.6102	7.0677	-0.0095191	0.024638
4.0765	7.0677	-0.011193	0.027475
5.5428	7.0677	-0.011909	0.029759
7.0091	7.0677	-0.0079177	0.033318
8.4754	7.0677	0	-0
9.9417	7.0677	0	-0
11.408	7.0677	0	-0
12.874	7.0677	0	-0
14.341	7.0677	0	-0
15.807	7.0677	0	-0
-14.985	5.6014	0	-0
-13.519	5.6014	0	-0
-12.053	5.6014	0	-0
-10.587	5.6014	0	-0
-9.1202	5.6014	0	-0
-7.6539	5.6014	0	-0
-6.1876	5.6014	0	-0
-4.7213	5.6014	0	-0
-3.255	5.6014	0.0054786	-0.0072911
-1.7887	5.6014	0.0027326	-0.0011238
-0.32241	5.6014	-0.0010655	0.0045637
1.1439	5.6014	-0.0051084	0.0098872
2.6102	5.6014	-0.007475	0.014618
4.0765	5.6014	-0.0092251	0.018861
5.5428	5.6014	-0.0096574	0.021436
7.0091	5.6014	-0.0072196	0.026041
8.4754	5.6014	0	-0
9.9417	5.6014	0	-0
11.408	5.6014	0	-0
12.874	5.6014	0	-0
14.341	5.6014	0	-0
15.807	5.6014	0	-0
-14.985	4.1351	0	-0
-13.519	4.1351	0	-0
-12.053	4.1351	0	-0
-10.587	4.1351	0	-0
-9.1202	4.1351	0	-0
-7.6539	4.1351	0	-0
-6.1876	4.1351	0	-0
-4.7213	4.1351	0	-0
-3.255	4.1351	0.0077395	-0.016446
-1.7887	4.1351	0.0049158	-0.011204
-0.32241	4.1351	0.00080378	-0.0059287
1.1439	4.1351	-0.002598	-0.0002461
2.6102	4.1351	-0.0059901	0.0045889
4.0765	4.1351	-0.007955	0.010059
5.5428	4.1351	-0.0081272	0.0145
7.0091	4.1351	-0.006961	0.021295
8.4754	4.1351	0	-0
9.9417	4.1351	0	-0
11.408	4.1351	0	-0
12.874	4.1351	0	-0
14.341	4.1351	0	-0
15.807	4.1351	0	-0
-14.985	2.6688	0	-0
-13.519	2.6688	0	-0
-12.053	2.6688	0	-0
-10.587	2.6688	0	-0
-9.1202	2.6688	0	-0
-7.6539	2.6688	0	-0
-6.1876	2.6688	0	-0
-4.7213	2.6688	0	-0
-3.255	2.6688	0.0091239	-0.026255
-1.7887	2.6688	0.0060795	-0.019965
-0.32241	2.6688	0.0030283	-0.015046
1.1439	2.6688	0.0002902	-0.0096276
2.6102	2.6688	-0.0030238	-0.002837
4.0765	2.6688	-0.005472	0.0036083
5.5428	2.6688	-0.0062577	0.0083534
7.0091	2.6688	-0.0077441	0.014197
8.4754	2.6688	0	-0
9.9417	2.6688	0	-0
11.408	2.6688	0	-0
12.874	2.6688	0	-0
14.341	2.6688	0	-0
15.807	2.6688	0	-0
-14.985	1.2025	0	-0
-13.519	1.2025	0	-0
-12.053	1.2025	0	-0
-10.587	1.2025	0	-0
-9.1202	1.2025	0	-0
-7.6539	1.2025	0	-0
-6.1876	1.2025	0	-0
-4.7213	1.2025	0	-0
-3.255	1.2025	0.0092776	-0.033107
-1.7887	1.2025	0.0071061	-0.027529
-0.32241	1.2025	0.0051911	-0.02269
1.1439	1.2025	0.0029171	-0.015715
2.6102	1.2025	0.00089263	-0.0083912
4.0765	1.2025	-0.00034885	-0.0028265
5.5428	1.2025	-0.0033118	0.0025785
7.0091	1.2025	-0.0074155	0.0082857
8.4754	1.2025	0	-0
9.9417	1.2025	0	-0
11.408	1.2025	0	-0
12.874	1.2025	0	-0
14.341	1.2025	0	-0
15.807	1.2025	0	-0
-14.985	-0.2638	0	-0
-13.519	-0.2638	0	-0
-12.053	-0.2638	0	-0
-10.587	-0.2638	0	-0
-9.1202	-0.2638	0	-0
-7.6539	-0.2638	0	-0
-6.1876	-0.2638	0	-0
-4.7213	-0.2638	0	-0
-3.255	-0.2638	0.010136	-0.041158
-1.7887	-0.2638	0.009343	-0.034483
-0.32241	-0.2638	0.0068334	-0.027836
1.1439	-0.2638	0.0066459	-0.021536
2.6102	-0.2638	0.0054143	-0.015956
4.0765	-0.2638	0.0017904	-0.01002
5.5428	-0.2638	-0.0028464	-0.0050756
7.0091	-0.2638	-0.0085115	0.00045201
8.4754	-0.2638	0	-0
9.9417	-0.2638	0	-0
11.408	-0.2638	0	-0
12.874	-0.2638	0	-0
14.341	-0.2638	0	-0
15.807	-0.2638	0	-0
-14.985	-1.7301	0	-0
-13.519	-1.7301	0	-0
-12.053	-1.7301	0	-0
-10.587	-1.7301	0	-0
-9.1202	-1.7301	0	-0
-7.6539	-1.7301	0	-0
-6.1876	-1.7301	0	-0
-4.7213	-1.7301	0	-0
-3.255	-1.7301	0.014198	-0.050496
-1.7887	-1.7301	0.012784	-0.041524
-0.32241	-1.7301	0.011408	-0.035363
1.1439	-1.7301	0.011444	-0.029803
2.6102	-1.7301	0.0080684	-0.025555
4.0765	-1.7301	0.0038702	-0.019722
5.5428	-1.7301	-0.00055199	-0.013348
7.0091	-1.7301	-0.0086131	-0.0093217
8.4754	-1.7301	0	-0
9.9417	-1.7301	0	-0
11.408	-1.7301	0	-0
12.874	-1.7301	0	-0
14.341	-1.7301	0	-0
15.807	-1.7301	0	-0
-14.985	-3.1964	0	-0
-13.519	-3.1964	0	-0
-12.053	-3.1964	0	-0
-10.587	-3.1964	0	-0
-9.1202	-3.1964	0	-0
-7.6539	-3.1964	0	-0
-6.1876	-3.1964	0	-0
-4.7213	-3.1964	0	-0
-3.255	-3.1964	0.024695	-0.069333
-1.7887	-3.1964	0.021207	-0.052845
-0.32241	-3.1964	0.018255	-0.044921
1.1439	-3.1964	0.016055	-0.039854
2.6102	-3.1964	0.011667	-0.036455
4.0765	-3.1964	0.0069653	-0.031688
5.5428	-3.1964	0.00065513	-0.023651
7.0091	-3.1964	-0.0072592	-0.017499
8.4754	-3.1964	0	-0
9.9417	-3.1964	0	-0
11.408	-3.1964	0	-0
12.874	-3.1964	0	-0
14.341	-3.1964	0	-0
15.807	-3.1964	0	-0
-14.985	-4.6627	0	-0
-13.519	-4.6627	0	-0
-12.053	-4.6627	0	-0
-10.587	-4.6627	0	-0
-9.1202	-4.6627	0	-0
-7.6539	-4.6627	0	-0
-6.1876	-4.6627	0	-0
-4.7213	-4.6627	0	-0
-3.255	-4.6627	0.038371	-0.092615
-1.7887	-4.6627	0.03307	-0.073893
-0.32241	-4.6627	0.027346	-0.061645
1.1439	-4.6627	0.022002	-0.05511
2.6102	-4.6627	0.015276	-0.049138
4.0765	-4.6627	0.012353	-0.045105
5.5428	-4.6627	0.0083168	-0.035846
7.0091	-4.6627	-0.0080097	-0.030036
8.4754	-4.6627	0	-0
9.9417	-4.6627	0	-0
11.408	-4.6627	0	-0
12.874	-4.6627	0	-0
14.341	-4.6627	0	-0
15.807	-4.6627	0	-0
-14.985	-6.129	0	-0
-13.519	-6.129	0	-0
-12.053	-6.129	0	-0
-10.587	-6.129	0	-0
-9.1202	-6.129	0	-0
-7.6539	-6.129	0	-0
-6.1876	-6.129	0	-0
-4.7213	-6.129	0	-0
-3.255	-6.129	0.058495	-0.11634
-1.7887	-6.129	0.050487	-0.10571
-0.32241	-6.129	0.039879	-0.091853
1.1439	-6.129	0.030496	-0.079898
2.6102	-6.129	0.02284	-0.068481
4.0765	-6.129	0.019868	-0.058729
5.5428	-6.129	0.014312	-0.050918
7.0091	-6.129	-1.0834e-007	-0.044139
8.4754	-6.129	0	-0
9.9417	-6.129	0	-0
11.408	-6.129	0	-0
12.874	-6.129	0	-0
14.341	-6.129	0	-0
15.807	-6.129	0	-0
-14.985	-7.5953	0	-0
-13.519	-7.5953	0	-0
-12.053	-7.5953	0	-0
-10.587	-7.5953	0	-0
-9.1202	-7.5953	0	-0
-7.6539	-7.5953	0	-0
-6.1876	-7.5953	0	-0
-4.7213	-7.5953	0	-0
-3.255	-7.5953	0.072402	-0.147
-1.7887	-7.5953	0.062866	-0.14711
-0.32241	-7.5953	0.056259	-0.13414
1.1439	-7.5953	0.044743	-0.11725
2.6102	-7.5953	0.0359	-0.099632
4.0765	-7.5953	0.03164	-0.083297
5.5428	-7.5953	0.016967	-0.075777
7.0091	-7.5953	0.0013165	-0.063957
8.4754	-7.5953	0	-0
9.9417	-7.5953	0	-0
11.408	-7.5953	0	-0
12.874	-7.5953	0	-0
14.341	-7.5953	0	-0
15.807	-7.5953	0	-0
-14.985	-9.0616	0	-0
-13.519	-9.0616	0	-0
-12.053	-9.0616	0	-0
-10.587	-9.0616	0	-0
-9.1202	-9.0616	0	-0
-7.6539	-9.0616	0	-0
-6.1876	-9.0616	0	-0
-4.7213	-9.0616	0	-0
-3.255	-9.0616	0.079841	-0.17305
-1.7887	-9.0616	0.071197	-0.17601
-0.32241	-9.0616	0.065195	-0.17549
1.1439	-9.0616	0.058222	-0.16329
2.6102	-9.0616	0.051615	-0.14288
4.0765	-9.0616	0.042519	-0.12616
5.5428	-9.0616	0.015627	-0.10867
7.0091	-9.0616	-0.0081214	-0.11459
8.4754	-9.0616	0	-0
9.9417	-9.0616	0	-0
11.408	-9.0616	0	-0
12.874	-9.0616	0	-0
14.341	-9.0616	0	-0
15.807	-9.0616	0	-0
-14.985	-10.528	0	-0
-13.519	-10.528	0	-0
-12.053	-10.528	0	-0
-10.587	-10.528	0	-0
-9.1202	-10.528	0	-0
-7.6539	-10.528	0	-0
-6.1876	-10.528	0	-0
-4.7213	-10.528	0	-0
-3.255	-10.528	0.08356	-0.20815
-1.7887	-10.528	0.071143	-0.19715
-0.32241	-10.528	0.070957	-0.21614
1.1439	-10.528	0.065146	-0.20962
2.6102	-10.528	0.061031	-0.20403
4.0765	-10.528	0.047003	-0.19323
5.5428	-10.528	0.006113	-0.18539
7.0091	-10.528	-0.035749	-0.19779
8.4754	-10.528	0	-0
9.9417	-10.528	0	-0
11.408	-10.528	0	-0
12.874	-10.528	0	-0
14.341	-10.528	0	-0
15.807	-10.528	0	-0
-14.985	-11.994	0	-0
-13.519	-11.994	0	-0
-12.053	-11.994	0	-0
-10.587	-11.994	0	-0
-9.1202	-11.994	0	-0
-7.6539	-11.994	0	-0
-6.1876	-11.994	0	-0
-4.7213	-11.994	0	-0
-3.255	-11.994	0	-0
-1.7887	-11.994	0	-0
-0.32241	-11.994	0	-0
1.1439	-11.994	0	-0
2.6102	-11.994	0	-0
4.0765	-11.994	0	-0
5.5428	-11.994	0	-0
7.0091	-11.994	0	-0
8.4754	-11.994	0	-0
9.9417	-11.994	0	-0
11.408	-11.994	0	-0
12.874	-11.994	0	-0
14.341	-11.994	0	-0
15.807	-11.994	0	-0
