#DaVis 7.4.0 2D-vector 96 22 22 "" "[mm]" "" "[mm]" "displacement" "[mm]"
-14.985	18.798	0	-0
-13.519	18.798	0	-0
-12.053	18.798	0	-0
-10.587	18.798	0	-0
-9.1202	18.798	0	-0
-7.6539	18.798	0	-0
-6.1876	18.798	0	-0
-4.7213	18.798	0	-0
-3.255	18.798	-0.12408	0.80127
-1.7887	18.798	-0.016027	0.68647
-0.32241	18.798	-0.11128	0.094455
1.1439	18.798	0.14587	0.11969
2.6102	18.798	-0.84005	0.13999
4.0765	18.798	-0.075134	-0.0020675
5.5428	18.798	-0.071913	0.84848
7.0091	18.798	0.82558	-0.36833
8.4754	18.798	0	-0
9.9417	18.798	0	-0
11.408	18.798	0	-0
12.874	18.798	0	-0
14.341	18.798	0	-0
15.807	18.798	0	-0
-14.985	17.332	0	-0
-13.519	17.332	0	-0
-12.053	17.332	0	-0
-10.587	17.332	0	-0
-9.1202	17.332	0	-0
-7.6539	17.332	0	-0
-6.1876	17.332	0	-0
-4.7213	17.332	0	-0
-3.255	17.332	0.16414	0.51046
-1.7887	17.332	-0.021197	0.098489
-0.32241	17.332	0.38145	-0.40705
1.1439	17.332	-0.068834	0.16743
2.6102	17.332	-0.28265	0.52003
4.0765	17.332	0.41417	-0.35718
5.5428	17.332	-0.073856	-0.47776
7.0091	17.332	-0.015707	-0.13724
8.4754	17.332	0	-0
9.9417	17.332	0	-0
11.408	17.332	0	-0
12.874	17.332	0	-0
14.341	17.332	0	-0
15.807	17.332	0	-0
-14.985	15.866	0	-0
-13.519	15.866	0	-0
-12.053	15.866	0	-0
-10.587	15.866	0	-0
-9.1202	15.866	0	-0
-7.6539	15.866	0	-0
-6.1876	15.866	0	-0
-4.7213	15.866	0	-0
-3.255	15.866	-0.011694	0.059692
-1.7887	15.866	-0.02019	0.063839
-0.32241	15.866	-0.027884	0.085057
1.1439	15.866	-0.047481	0.1048
2.6102	15.866	-0.064453	0.13133
4.0765	15.866	-0.089612	0.15312
5.5428	15.866	-0.088486	0.15178
7.0091	15.866	-0.021534	-0.19386
8.4754	15.866	0	-0
9.9417	15.866	0	-0
11.408	15.866	0	-0
12.874	15.866	0	-0
14.341	15.866	0	-0
15.807	15.866	0	-0
-14.985	14.399	0	-0
-13.519	14.399	0	-0
-12.053	14.399	0	-0
-10.587	14.399	0	-0
-9.1202	14.399	0	-0
-7.6539	14.399	0	-0
-6.1876	14.399	0	-0
-4.7213	14.399	0	-0
-3.255	14.399	-0.01903	0.06003
-1.7887	14.399	-0.021731	0.061775
-0.32241	14.399	-0.021794	0.070695
1.1439	14.399	-0.029364	0.078797
2.6102	14.399	-0.040485	0.090268
4.0765	14.399	-0.069835	0.12371
5.5428	14.399	-0.072872	0.14234
7.0091	14.399	-0.060423	0.14852
8.4754	14.399	0	-0
9.9417	14.399	0	-0
11.408	14.399	0	-0
12.874	14.399	0	-0
14.341	14.399	0	-0
15.807	14.399	0	-0
-14.985	12.933	0	-0
-13.519	12.933	0	-0
-12.053	12.933	0	-0
-10.587	12.933	0	-0
-9.1202	12.933	0	-0
-7.6539	12.933	0	-0
-6.1876	12.933	0	-0
-4.7213	12.933	0	-0
-3.255	12.933	-0.020901	0.044726
-1.7887	12.933	-0.023812	0.049852
-0.32241	12.933	-0.025689	0.05523
1.1439	12.933	-0.023063	0.058711
2.6102	12.933	-0.025683	0.063114
4.0765	12.933	-0.034123	0.074685
5.5428	12.933	-0.049982	0.10916
7.0091	12.933	-0.045183	0.13425
8.4754	12.933	0	-0
9.9417	12.933	0	-0
11.408	12.933	0	-0
12.874	12.933	0	-0
14.341	12.933	0	-0
15.807	12.933	0	-0
-14.985	11.467	0	-0
-13.519	11.467	0	-0
-12.053	11.467	0	-0
-10.587	11.467	0	-0
-9.1202	11.467	0	-0
-7.6539	11.467	0	-0
-6.1876	11.467	0	-0
-4.7213	11.467	0	-0
-3.255	11.467	-0.017858	0.026524
-1.7887	11.467	-0.019867	0.033736
-0.32241	11.467	-0.024614	0.044049
1.1439	11.467	-0.021931	0.047351
2.6102	11.467	-0.021536	0.04853
4.0765	11.467	-0.023855	0.053403
5.5428	11.467	-0.029852	0.064206
7.0091	11.467	-0.013502	0.080668
8.4754	11.467	0	-0
9.9417	11.467	0	-0
11.408	11.467	0	-0
12.874	11.467	0	-0
14.341	11.467	0	-0
15.807	11.467	0	-0
-14.985	10	0	-0
-13.519	10	0	-0
-12.053	10	0	-0
-10.587	10	0	-0
-9.1202	10	0	-0
-7.6539	10	0	-0
-6.1876	10	0	-0
-4.7213	10	0	-0
-3.255	10	-0.011987	0.012551
-1.7887	10	-0.013912	0.023324
-0.32241	10	-0.01581	0.032598
1.1439	10	-0.01833	0.038708
2.6102	10	-0.018413	0.040028
4.0765	10	-0.019304	0.040788
5.5428	10	-0.020332	0.047756
7.0091	10	0.0011256	0.054105
8.4754	10	0	-0
9.9417	10	0	-0
11.408	10	0	-0
12.874	10	0	-0
14.341	10	0	-0
15.807	10	0	-0
-14.985	8.534	0	-0
-13.519	8.534	0	-0
-12.053	8.534	0	-0
-10.587	8.534	0	-0
-9.1202	8.534	0	-0
-7.6539	8.534	0	-0
-6.1876	8.534	0	-0
-4.7213	8.534	0	-0
-3.255	8.534	-0.0058967	0.0056247
-1.7887	8.534	-0.0072939	0.017256
-0.32241	8.534	-0.0084916	0.024749
1.1439	8.534	-0.011861	0.030557
2.6102	8.534	-0.013988	0.033119
4.0765	8.534	-0.016432	0.035863
5.5428	8.534	-0.015217	0.037504
7.0091	8.534	-0.0051219	0.043376
8.4754	8.534	0	-0
9.9417	8.534	0	-0
11.408	8.534	0	-0
12.874	8.534	0	-0
14.341	8.534	0	-0
15.807	8.534	0	-0
-14.985	7.0677	0	-0
-13.519	7.0677	0	-0
-12.053	7.0677	0	-0
-10.587	7.0677	0	-0
-9.1202	7.0677	0	-0
-7.6539	7.0677	0	-0
-6.1876	7.0677	0	-0
-4.7213	7.0677	0	-0
-3.255	7.0677	0.00055778	-0.00036061
-1.7887	7.0677	-0.0014535	0.0089369
-0.32241	7.0677	-0.0042912	0.01596
1.1439	7.0677	-0.0077423	0.020697
2.6102	7.0677	-0.0096267	0.02483
4.0765	7.0677	-0.011224	0.027801
5.5428	7.0677	-0.0114	0.030217
7.0091	7.0677	-0.0040053	0.03349
8.4754	7.0677	0	-0
9.9417	7.0677	0	-0
11.408	7.0677	0	-0
12.874	7.0677	0	-0
14.341	7.0677	0	-0
15.807	7.0677	0	-0
-14.985	5.6014	0	-0
-13.519	5.6014	0	-0
-12.053	5.6014	0	-0
-10.587	5.6014	0	-0
-9.1202	5.6014	0	-0
-7.6539	5.6014	0	-0
-6.1876	5.6014	0	-0
-4.7213	5.6014	0	-0
-3.255	5.6014	0.0052068	-0.0076367
-1.7887	5.6014	0.0027571	-0.0014261
-0.32241	5.6014	-0.0011301	0.0042556
1.1439	5.6014	-0.0051937	0.0097674
2.6102	5.6014	-0.0076257	0.014656
4.0765	5.6014	-0.009275	0.019112
5.5428	5.6014	-0.0091455	0.021754
7.0091	5.6014	-0.0021141	0.02614
8.4754	5.6014	0	-0
9.9417	5.6014	0	-0
11.408	5.6014	0	-0
12.874	5.6014	0	-0
14.341	5.6014	0	-0
15.807	5.6014	0	-0
-14.985	4.1351	0	-0
-13.519	4.1351	0	-0
-12.053	4.1351	0	-0
-10.587	4.1351	0	-0
-9.1202	4.1351	0	-0
-7.6539	4.1351	0	-0
-6.1876	4.1351	0	-0
-4.7213	4.1351	0	-0
-3.255	4.1351	0.0075885	-0.01714
-1.7887	4.1351	0.0048807	-0.011467
-0.32241	4.1351	0.0007237	-0.00616
1.1439	4.1351	-0.0026466	-0.00049866
2.6102	4.1351	-0.0059901	0.0046653
4.0765	4.1351	-0.0086493	0.010254
5.5428	4.1351	-0.0072628	0.014579
7.0091	4.1351	-0.0041863	0.019139
8.4754	4.1351	0	-0
9.9417	4.1351	0	-0
11.408	4.1351	0	-0
12.874	4.1351	0	-0
14.341	4.1351	0	-0
15.807	4.1351	0	-0
-14.985	2.6688	0	-0
-13.519	2.6688	0	-0
-12.053	2.6688	0	-0
-10.587	2.6688	0	-0
-9.1202	2.6688	0	-0
-7.6539	2.6688	0	-0
-6.1876	2.6688	0	-0
-4.7213	2.6688	0	-0
-3.255	2.6688	0.0090031	-0.026694
-1.7887	2.6688	0.0060325	-0.020283
-0.32241	2.6688	0.0029628	-0.015454
1.1439	2.6688	0.00030359	-0.0097391
2.6102	2.6688	-0.0025699	-0.0025375
4.0765	2.6688	-0.006025	0.0035685
5.5428	2.6688	-0.0047214	0.0085807
7.0091	2.6688	-0.0032231	0.013362
8.4754	2.6688	0	-0
9.9417	2.6688	0	-0
11.408	2.6688	0	-0
12.874	2.6688	0	-0
14.341	2.6688	0	-0
15.807	2.6688	0	-0
-14.985	1.2025	0	-0
-13.519	1.2025	0	-0
-12.053	1.2025	0	-0
-10.587	1.2025	0	-0
-9.1202	1.2025	0	-0
-7.6539	1.2025	0	-0
-6.1876	1.2025	0	-0
-4.7213	1.2025	0	-0
-3.255	1.2025	0.0096135	-0.033489
-1.7887	1.2025	0.0073369	-0.027617
-0.32241	1.2025	0.0053214	-0.022733
1.1439	1.2025	0.0030029	-0.015906
2.6102	1.2025	0.0012832	-0.0083748
4.0765	1.2025	5.1494e-005	-0.0028161
5.5428	1.2025	-0.0019967	0.0026669
7.0091	1.2025	-0.00022907	0.0087921
8.4754	1.2025	0	-0
9.9417	1.2025	0	-0
11.408	1.2025	0	-0
12.874	1.2025	0	-0
14.341	1.2025	0	-0
15.807	1.2025	0	-0
-14.985	-0.2638	0	-0
-13.519	-0.2638	0	-0
-12.053	-0.2638	0	-0
-10.587	-0.2638	0	-0
-9.1202	-0.2638	0	-0
-7.6539	-0.2638	0	-0
-6.1876	-0.2638	0	-0
-4.7213	-0.2638	0	-0
-3.255	-0.2638	0.010611	-0.041217
-1.7887	-0.2638	0.0098613	-0.034602
-0.32241	-0.2638	0.0072853	-0.027906
1.1439	-0.2638	0.0069464	-0.021536
2.6102	-0.2638	0.0056361	-0.01609
4.0765	-0.2638	0.001852	-0.0099698
5.5428	-0.2638	-0.0010724	-0.0043823
7.0091	-0.2638	-0.00094725	0.0012296
8.4754	-0.2638	0	-0
9.9417	-0.2638	0	-0
11.408	-0.2638	0	-0
12.874	-0.2638	0	-0
14.341	-0.2638	0	-0
15.807	-0.2638	0	-0
-14.985	-1.7301	0	-0
-13.519	-1.7301	0	-0
-12.053	-1.7301	0	-0
-10.587	-1.7301	0	-0
-9.1202	-1.7301	0	-0
-7.6539	-1.7301	0	-0
-6.1876	-1.7301	0	-0
-4.7213	-1.7301	0	-0
-3.255	-1.7301	0.014554	-0.050575
-1.7887	-1.7301	0.013247	-0.041766
-0.32241	-1.7301	0.011963	-0.03556
1.1439	-1.7301	0.011743	-0.030136
2.6102	-1.7301	0.0088892	-0.0255
4.0765	-1.7301	0.0040745	-0.019487
5.5428	-1.7301	0.0005318	-0.012359
7.0091	-1.7301	-0.00095032	-0.0069718
8.4754	-1.7301	0	-0
9.9417	-1.7301	0	-0
11.408	-1.7301	0	-0
12.874	-1.7301	0	-0
14.341	-1.7301	0	-0
15.807	-1.7301	0	-0
-14.985	-3.1964	0	-0
-13.519	-3.1964	0	-0
-12.053	-3.1964	0	-0
-10.587	-3.1964	0	-0
-9.1202	-3.1964	0	-0
-7.6539	-3.1964	0	-0
-6.1876	-3.1964	0	-0
-4.7213	-3.1964	0	-0
-3.255	-3.1964	0.024935	-0.068828
-1.7887	-3.1964	0.021405	-0.053065
-0.32241	-3.1964	0.018484	-0.044903
1.1439	-3.1964	0.016404	-0.040116
2.6102	-3.1964	0.01215	-0.036503
4.0765	-3.1964	0.0072516	-0.031359
5.5428	-3.1964	0.0027253	-0.02265
7.0091	-3.1964	-0.0010188	-0.015416
8.4754	-3.1964	0	-0
9.9417	-3.1964	0	-0
11.408	-3.1964	0	-0
12.874	-3.1964	0	-0
14.341	-3.1964	0	-0
15.807	-3.1964	0	-0
-14.985	-4.6627	0	-0
-13.519	-4.6627	0	-0
-12.053	-4.6627	0	-0
-10.587	-4.6627	0	-0
-9.1202	-4.6627	0	-0
-7.6539	-4.6627	0	-0
-6.1876	-4.6627	0	-0
-4.7213	-4.6627	0	-0
-3.255	-4.6627	0.038432	-0.091985
-1.7887	-4.6627	0.033357	-0.073651
-0.32241	-4.6627	0.027361	-0.06239
1.1439	-4.6627	0.022219	-0.055672
2.6102	-4.6627	0.015515	-0.049246
4.0765	-4.6627	0.013393	-0.04453
5.5428	-4.6627	0.0092655	-0.034297
7.0091	-4.6627	-0.002474	-0.027479
8.4754	-4.6627	0	-0
9.9417	-4.6627	0	-0
11.408	-4.6627	0	-0
12.874	-4.6627	0	-0
14.341	-4.6627	0	-0
15.807	-4.6627	0	-0
-14.985	-6.129	0	-0
-13.519	-6.129	0	-0
-12.053	-6.129	0	-0
-10.587	-6.129	0	-0
-9.1202	-6.129	0	-0
-7.6539	-6.129	0	-0
-6.1876	-6.129	0	-0
-4.7213	-6.129	0	-0
-3.255	-6.129	0.058083	-0.11594
-1.7887	-6.129	0.05045	-0.10526
-0.32241	-6.129	0.040114	-0.091912
1.1439	-6.129	0.030706	-0.080105
2.6102	-6.129	0.023723	-0.068241
4.0765	-6.129	0.020856	-0.058069
5.5428	-6.129	0.015586	-0.048656
7.0091	-6.129	0.0050719	-0.04084
8.4754	-6.129	0	-0
9.9417	-6.129	0	-0
11.408	-6.129	0	-0
12.874	-6.129	0	-0
14.341	-6.129	0	-0
15.807	-6.129	0	-0
-14.985	-7.5953	0	-0
-13.519	-7.5953	0	-0
-12.053	-7.5953	0	-0
-10.587	-7.5953	0	-0
-9.1202	-7.5953	0	-0
-7.6539	-7.5953	0	-0
-6.1876	-7.5953	0	-0
-4.7213	-7.5953	0	-0
-3.255	-7.5953	0.071828	-0.14605
-1.7887	-7.5953	0.062664	-0.14601
-0.32241	-7.5953	0.056431	-0.13318
1.1439	-7.5953	0.04525	-0.1161
2.6102	-7.5953	0.03715	-0.098589
4.0765	-7.5953	0.033063	-0.080723
5.5428	-7.5953	0.018697	-0.072226
7.0091	-7.5953	0.0057779	-0.062453
8.4754	-7.5953	0	-0
9.9417	-7.5953	0	-0
11.408	-7.5953	0	-0
12.874	-7.5953	0	-0
14.341	-7.5953	0	-0
15.807	-7.5953	0	-0
-14.985	-9.0616	0	-0
-13.519	-9.0616	0	-0
-12.053	-9.0616	0	-0
-10.587	-9.0616	0	-0
-9.1202	-9.0616	0	-0
-7.6539	-9.0616	0	-0
-6.1876	-9.0616	0	-0
-4.7213	-9.0616	0	-0
-3.255	-9.0616	0.079597	-0.17134
-1.7887	-9.0616	0.07097	-0.17442
-0.32241	-9.0616	0.065312	-0.17349
1.1439	-9.0616	0.058754	-0.16155
2.6102	-9.0616	0.05196	-0.14125
4.0765	-9.0616	0.043354	-0.12416
5.5428	-9.0616	0.017693	-0.1069
7.0091	-9.0616	-0.0041908	-0.11023
8.4754	-9.0616	0	-0
9.9417	-9.0616	0	-0
11.408	-9.0616	0	-0
12.874	-9.0616	0	-0
14.341	-9.0616	0	-0
15.807	-9.0616	0	-0
-14.985	-10.528	0	-0
-13.519	-10.528	0	-0
-12.053	-10.528	0	-0
-10.587	-10.528	0	-0
-9.1202	-10.528	0	-0
-7.6539	-10.528	0	-0
-6.1876	-10.528	0	-0
-4.7213	-10.528	0	-0
-3.255	-10.528	0.082345	-0.20559
-1.7887	-10.528	0.071162	-0.19464
-0.32241	-10.528	0.070727	-0.21345
1.1439	-10.528	0.065274	-0.20742
2.6102	-10.528	0.061095	-0.20194
4.0765	-10.528	0.047173	-0.19064
5.5428	-10.528	0.0083878	-0.1839
7.0091	-10.528	-0.032879	-0.19605
8.4754	-10.528	0	-0
9.9417	-10.528	0	-0
11.408	-10.528	0	-0
12.874	-10.528	0	-0
14.341	-10.528	0	-0
15.807	-10.528	0	-0
-14.985	-11.994	0	-0
-13.519	-11.994	0	-0
-12.053	-11.994	0	-0
-10.587	-11.994	0	-0
-9.1202	-11.994	0	-0
-7.6539	-11.994	0	-0
-6.1876	-11.994	0	-0
-4.7213	-11.994	0	-0
-3.255	-11.994	0	-0
-1.7887	-11.994	0	-0
-0.32241	-11.994	0	-0
1.1439	-11.994	0	-0
2.6102	-11.994	0	-0
4.0765	-11.994	0	-0
5.5428	-11.994	0	-0
7.0091	-11.994	0	-0
8.4754	-11.994	0	-0
9.9417	-11.994	0	-0
11.408	-11.994	0	-0
12.874	-11.994	0	-0
14.341	-11.994	0	-0
15.807	-11.994	0	-0
