#DaVis 7.4.0 2D-vector 96 22 22 "" "[mm]" "" "[mm]" "displacement" "[mm]"
-14.985	18.798	0	-0
-13.519	18.798	0	-0
-12.053	18.798	0	-0
-10.587	18.798	0	-0
-9.1202	18.798	0	-0
-7.6539	18.798	0	-0
-6.1876	18.798	0	-0
-4.7213	18.798	0	-0
-3.255	18.798	-0.13651	0.74218
-1.7887	18.798	-0.030368	0.61964
-0.32241	18.798	-0.614	-0.062667
1.1439	18.798	0.38996	-0.16376
2.6102	18.798	-0.9752	0.49982
4.0765	18.798	0.52069	-0.31089
5.5428	18.798	-0.027217	0.4642
7.0091	18.798	0.84699	-1.3661
8.4754	18.798	0	-0
9.9417	18.798	0	-0
11.408	18.798	0	-0
12.874	18.798	0	-0
14.341	18.798	0	-0
15.807	18.798	0	-0
-14.985	17.332	0	-0
-13.519	17.332	0	-0
-12.053	17.332	0	-0
-10.587	17.332	0	-0
-9.1202	17.332	0	-0
-7.6539	17.332	0	-0
-6.1876	17.332	0	-0
-4.7213	17.332	0	-0
-3.255	17.332	-0.07669	0.23919
-1.7887	17.332	-0.094999	-0.21942
-0.32241	17.332	0.062482	-0.63378
1.1439	17.332	-0.034945	-0.082159
2.6102	17.332	-0.55718	0.17098
4.0765	17.332	-0.040571	-0.78954
5.5428	17.332	-0.029912	-0.99525
7.0091	17.332	-0.014797	-0.76523
8.4754	17.332	0	-0
9.9417	17.332	0	-0
11.408	17.332	0	-0
12.874	17.332	0	-0
14.341	17.332	0	-0
15.807	17.332	0	-0
-14.985	15.866	0	-0
-13.519	15.866	0	-0
-12.053	15.866	0	-0
-10.587	15.866	0	-0
-9.1202	15.866	0	-0
-7.6539	15.866	0	-0
-6.1876	15.866	0	-0
-4.7213	15.866	0	-0
-3.255	15.866	-0.099481	-0.38116
-1.7887	15.866	-0.22055	-0.32335
-0.32241	15.866	-0.8758	-0.31413
1.1439	15.866	-0.045836	-0.17917
2.6102	15.866	-0.068199	0.14356
4.0765	15.866	-0.092779	0.18133
5.5428	15.866	-0.051477	0.11721
7.0091	15.866	-0.026334	-0.41663
8.4754	15.866	0	-0
9.9417	15.866	0	-0
11.408	15.866	0	-0
12.874	15.866	0	-0
14.341	15.866	0	-0
15.807	15.866	0	-0
-14.985	14.399	0	-0
-13.519	14.399	0	-0
-12.053	14.399	0	-0
-10.587	14.399	0	-0
-9.1202	14.399	0	-0
-7.6539	14.399	0	-0
-6.1876	14.399	0	-0
-4.7213	14.399	0	-0
-3.255	14.399	-0.019139	0.064296
-1.7887	14.399	-0.019924	0.077017
-0.32241	14.399	-0.019309	0.098935
1.1439	14.399	-0.028629	0.087126
2.6102	14.399	-0.032891	0.075071
4.0765	14.399	-0.06999	0.13045
5.5428	14.399	-0.058014	0.13464
7.0091	14.399	-0.057399	0.14717
8.4754	14.399	0	-0
9.9417	14.399	0	-0
11.408	14.399	0	-0
12.874	14.399	0	-0
14.341	14.399	0	-0
15.807	14.399	0	-0
-14.985	12.933	0	-0
-13.519	12.933	0	-0
-12.053	12.933	0	-0
-10.587	12.933	0	-0
-9.1202	12.933	0	-0
-7.6539	12.933	0	-0
-6.1876	12.933	0	-0
-4.7213	12.933	0	-0
-3.255	12.933	-0.019864	0.047425
-1.7887	12.933	-0.021977	0.045207
-0.32241	12.933	-0.024001	0.080695
1.1439	12.933	-0.025451	0.082302
2.6102	12.933	-0.030908	0.08043
4.0765	12.933	-0.034454	0.10028
5.5428	12.933	-0.050061	0.10901
7.0091	12.933	-0.050775	0.17191
8.4754	12.933	0	-0
9.9417	12.933	0	-0
11.408	12.933	0	-0
12.874	12.933	0	-0
14.341	12.933	0	-0
15.807	12.933	0	-0
-14.985	11.467	0	-0
-13.519	11.467	0	-0
-12.053	11.467	0	-0
-10.587	11.467	0	-0
-9.1202	11.467	0	-0
-7.6539	11.467	0	-0
-6.1876	11.467	0	-0
-4.7213	11.467	0	-0
-3.255	11.467	-0.017	0.029222
-1.7887	11.467	-0.018798	0.03444
-0.32241	11.467	-0.023599	0.039329
1.1439	11.467	-0.019443	0.040175
2.6102	11.467	-0.019199	0.042983
4.0765	11.467	-0.022727	0.047644
5.5428	11.467	-0.031706	0.07301
7.0091	11.467	-0.01088	0.033755
8.4754	11.467	0	-0
9.9417	11.467	0	-0
11.408	11.467	0	-0
12.874	11.467	0	-0
14.341	11.467	0	-0
15.807	11.467	0	-0
-14.985	10	0	-0
-13.519	10	0	-0
-12.053	10	0	-0
-10.587	10	0	-0
-9.1202	10	0	-0
-7.6539	10	0	-0
-6.1876	10	0	-0
-4.7213	10	0	-0
-3.255	10	-0.011038	0.013331
-1.7887	10	-0.012843	0.024179
-0.32241	10	-0.015105	0.033543
1.1439	10	-0.01774	0.039474
2.6102	10	-0.017935	0.041041
4.0765	10	-0.018877	0.04108
5.5428	10	-0.021704	0.04894
7.0091	10	-0.0031727	0.061377
8.4754	10	0	-0
9.9417	10	0	-0
11.408	10	0	-0
12.874	10	0	-0
14.341	10	0	-0
15.807	10	0	-0
-14.985	8.534	0	-0
-13.519	8.534	0	-0
-12.053	8.534	0	-0
-10.587	8.534	0	-0
-9.1202	8.534	0	-0
-7.6539	8.534	0	-0
-6.1876	8.534	0	-0
-4.7213	8.534	0	-0
-3.255	8.534	-0.0047196	0.0059965
-1.7887	8.534	-0.0060779	0.017967
-0.32241	8.534	-0.007383	0.025299
1.1439	8.534	-0.011292	0.030838
2.6102	8.534	-0.01333	0.03343
4.0765	8.534	-0.01634	0.035488
5.5428	8.534	-0.016243	0.036903
7.0091	8.534	-0.007975	0.043045
8.4754	8.534	0	-0
9.9417	8.534	0	-0
11.408	8.534	0	-0
12.874	8.534	0	-0
14.341	8.534	0	-0
15.807	8.534	0	-0
-14.985	7.0677	0	-0
-13.519	7.0677	0	-0
-12.053	7.0677	0	-0
-10.587	7.0677	0	-0
-9.1202	7.0677	0	-0
-7.6539	7.0677	0	-0
-6.1876	7.0677	0	-0
-4.7213	7.0677	0	-0
-3.255	7.0677	0.0015485	3.7073e-005
-1.7887	7.0677	-0.00050215	0.0093381
-0.32241	7.0677	-0.0035237	0.016307
1.1439	7.0677	-0.0074464	0.020782
2.6102	7.0677	-0.0093764	0.02469
4.0765	7.0677	-0.011428	0.027493
5.5428	7.0677	-0.01217	0.029273
7.0091	7.0677	-0.007335	0.032931
8.4754	7.0677	0	-0
9.9417	7.0677	0	-0
11.408	7.0677	0	-0
12.874	7.0677	0	-0
14.341	7.0677	0	-0
15.807	7.0677	0	-0
-14.985	5.6014	0	-0
-13.519	5.6014	0	-0
-12.053	5.6014	0	-0
-10.587	5.6014	0	-0
-9.1202	5.6014	0	-0
-7.6539	5.6014	0	-0
-6.1876	5.6014	0	-0
-4.7213	5.6014	0	-0
-3.255	5.6014	0.0061601	-0.0070763
-1.7887	5.6014	0.003332	-0.0012126
-0.32241	5.6014	-0.00061513	0.0044334
1.1439	5.6014	-0.0047618	0.0096457
2.6102	5.6014	-0.0074678	0.014464
4.0765	5.6014	-0.0089664	0.018286
5.5428	5.6014	-0.0098183	0.02074
7.0091	5.6014	-0.0052267	0.025841
8.4754	5.6014	0	-0
9.9417	5.6014	0	-0
11.408	5.6014	0	-0
12.874	5.6014	0	-0
14.341	5.6014	0	-0
15.807	5.6014	0	-0
-14.985	4.1351	0	-0
-13.519	4.1351	0	-0
-12.053	4.1351	0	-0
-10.587	4.1351	0	-0
-9.1202	4.1351	0	-0
-7.6539	4.1351	0	-0
-6.1876	4.1351	0	-0
-4.7213	4.1351	0	-0
-3.255	4.1351	0.0082575	-0.016475
-1.7887	4.1351	0.0053302	-0.011474
-0.32241	4.1351	0.0011357	-0.0066052
1.1439	4.1351	-0.002374	-0.00099471
2.6102	4.1351	-0.0059038	0.0039844
4.0765	4.1351	-0.0084733	0.0095834
5.5428	4.1351	-0.008159	0.013709
7.0091	4.1351	-0.0060293	0.019817
8.4754	4.1351	0	-0
9.9417	4.1351	0	-0
11.408	4.1351	0	-0
12.874	4.1351	0	-0
14.341	4.1351	0	-0
15.807	4.1351	0	-0
-14.985	2.6688	0	-0
-13.519	2.6688	0	-0
-12.053	2.6688	0	-0
-10.587	2.6688	0	-0
-9.1202	2.6688	0	-0
-7.6539	2.6688	0	-0
-6.1876	2.6688	0	-0
-4.7213	2.6688	0	-0
-3.255	2.6688	0.0095492	-0.026267
-1.7887	2.6688	0.0064668	-0.020277
-0.32241	2.6688	0.0032861	-0.015739
1.1439	2.6688	0.00028468	-0.010136
2.6102	2.6688	-0.0033262	-0.0030234
4.0765	2.6688	-0.0062079	0.0028566
5.5428	2.6688	-0.0060177	0.0077264
7.0091	2.6688	-0.0060723	0.013911
8.4754	2.6688	0	-0
9.9417	2.6688	0	-0
11.408	2.6688	0	-0
12.874	2.6688	0	-0
14.341	2.6688	0	-0
15.807	2.6688	0	-0
-14.985	1.2025	0	-0
-13.519	1.2025	0	-0
-12.053	1.2025	0	-0
-10.587	1.2025	0	-0
-9.1202	1.2025	0	-0
-7.6539	1.2025	0	-0
-6.1876	1.2025	0	-0
-4.7213	1.2025	0	-0
-3.255	1.2025	0.0095756	-0.0333
-1.7887	1.2025	0.0073378	-0.028085
-0.32241	1.2025	0.0053081	-0.023202
1.1439	1.2025	0.0029585	-0.016424
2.6102	1.2025	0.00051099	-0.0089716
4.0765	1.2025	-0.00074403	-0.0034051
5.5428	1.2025	-0.0036514	0.0018911
7.0091	1.2025	-0.0046383	0.0080264
8.4754	1.2025	0	-0
9.9417	1.2025	0	-0
11.408	1.2025	0	-0
12.874	1.2025	0	-0
14.341	1.2025	0	-0
15.807	1.2025	0	-0
-14.985	-0.2638	0	-0
-13.519	-0.2638	0	-0
-12.053	-0.2638	0	-0
-10.587	-0.2638	0	-0
-9.1202	-0.2638	0	-0
-7.6539	-0.2638	0	-0
-6.1876	-0.2638	0	-0
-4.7213	-0.2638	0	-0
-3.255	-0.2638	0.010165	-0.041601
-1.7887	-0.2638	0.0093854	-0.035054
-0.32241	-0.2638	0.0067456	-0.028431
1.1439	-0.2638	0.0061208	-0.02233
2.6102	-0.2638	0.0049509	-0.015956
4.0765	-0.2638	0.0011399	-0.010497
5.5428	-0.2638	-0.0031309	-0.0051581
7.0091	-0.2638	-0.0057607	0.001054
8.4754	-0.2638	0	-0
9.9417	-0.2638	0	-0
11.408	-0.2638	0	-0
12.874	-0.2638	0	-0
14.341	-0.2638	0	-0
15.807	-0.2638	0	-0
-14.985	-1.7301	0	-0
-13.519	-1.7301	0	-0
-12.053	-1.7301	0	-0
-10.587	-1.7301	0	-0
-9.1202	-1.7301	0	-0
-7.6539	-1.7301	0	-0
-6.1876	-1.7301	0	-0
-4.7213	-1.7301	0	-0
-3.255	-1.7301	0.014106	-0.051486
-1.7887	-1.7301	0.012487	-0.042334
-0.32241	-1.7301	0.011105	-0.035915
1.1439	-1.7301	0.010854	-0.031044
2.6102	-1.7301	0.0077009	-0.026601
4.0765	-1.7301	0.0030441	-0.019962
5.5428	-1.7301	-0.0010895	-0.013105
7.0091	-1.7301	-0.0056149	-0.0081425
8.4754	-1.7301	0	-0
9.9417	-1.7301	0	-0
11.408	-1.7301	0	-0
12.874	-1.7301	0	-0
14.341	-1.7301	0	-0
15.807	-1.7301	0	-0
-14.985	-3.1964	0	-0
-13.519	-3.1964	0	-0
-12.053	-3.1964	0	-0
-10.587	-3.1964	0	-0
-9.1202	-3.1964	0	-0
-7.6539	-3.1964	0	-0
-6.1876	-3.1964	0	-0
-4.7213	-3.1964	0	-0
-3.255	-3.1964	0.025352	-0.072339
-1.7887	-3.1964	0.02127	-0.054433
-0.32241	-3.1964	0.017721	-0.046783
1.1439	-3.1964	0.015293	-0.041671
2.6102	-3.1964	0.011178	-0.037808
4.0765	-3.1964	0.0063376	-0.032027
5.5428	-3.1964	0.00059613	-0.023059
7.0091	-3.1964	-0.005224	-0.016354
8.4754	-3.1964	0	-0
9.9417	-3.1964	0	-0
11.408	-3.1964	0	-0
12.874	-3.1964	0	-0
14.341	-3.1964	0	-0
15.807	-3.1964	0	-0
-14.985	-4.6627	0	-0
-13.519	-4.6627	0	-0
-12.053	-4.6627	0	-0
-10.587	-4.6627	0	-0
-9.1202	-4.6627	0	-0
-7.6539	-4.6627	0	-0
-6.1876	-4.6627	0	-0
-4.7213	-4.6627	0	-0
-3.255	-4.6627	0.04032	-0.098743
-1.7887	-4.6627	0.03436	-0.078414
-0.32241	-4.6627	0.027366	-0.065261
1.1439	-4.6627	0.021024	-0.057808
2.6102	-4.6627	0.014288	-0.050579
4.0765	-4.6627	0.012034	-0.045606
5.5428	-4.6627	0.0079181	-0.034867
7.0091	-4.6627	-0.0053223	-0.028319
8.4754	-4.6627	0	-0
9.9417	-4.6627	0	-0
11.408	-4.6627	0	-0
12.874	-4.6627	0	-0
14.341	-4.6627	0	-0
15.807	-4.6627	0	-0
-14.985	-6.129	0	-0
-13.519	-6.129	0	-0
-12.053	-6.129	0	-0
-10.587	-6.129	0	-0
-9.1202	-6.129	0	-0
-7.6539	-6.129	0	-0
-6.1876	-6.129	0	-0
-4.7213	-6.129	0	-0
-3.255	-6.129	0.063395	-0.12549
-1.7887	-6.129	0.053682	-0.11352
-0.32241	-6.129	0.041458	-0.098116
1.1439	-6.129	0.031209	-0.084949
2.6102	-6.129	0.022786	-0.071356
4.0765	-6.129	0.019813	-0.060042
5.5428	-6.129	0.014978	-0.049708
7.0091	-6.129	0.0030105	-0.042794
8.4754	-6.129	0	-0
9.9417	-6.129	0	-0
11.408	-6.129	0	-0
12.874	-6.129	0	-0
14.341	-6.129	0	-0
15.807	-6.129	0	-0
-14.985	-7.5953	0	-0
-13.519	-7.5953	0	-0
-12.053	-7.5953	0	-0
-10.587	-7.5953	0	-0
-9.1202	-7.5953	0	-0
-7.6539	-7.5953	0	-0
-6.1876	-7.5953	0	-0
-4.7213	-7.5953	0	-0
-3.255	-7.5953	0.076626	-0.1596
-1.7887	-7.5953	0.067486	-0.15845
-0.32241	-7.5953	0.061168	-0.14788
1.1439	-7.5953	0.045916	-0.12644
2.6102	-7.5953	0.038114	-0.10459
4.0765	-7.5953	0.033807	-0.084416
5.5428	-7.5953	0.018499	-0.075218
7.0091	-7.5953	0.0012339	-0.06498
8.4754	-7.5953	0	-0
9.9417	-7.5953	0	-0
11.408	-7.5953	0	-0
12.874	-7.5953	0	-0
14.341	-7.5953	0	-0
15.807	-7.5953	0	-0
-14.985	-9.0616	0	-0
-13.519	-9.0616	0	-0
-12.053	-9.0616	0	-0
-10.587	-9.0616	0	-0
-9.1202	-9.0616	0	-0
-7.6539	-9.0616	0	-0
-6.1876	-9.0616	0	-0
-4.7213	-9.0616	0	-0
-3.255	-9.0616	0.087785	-0.18978
-1.7887	-9.0616	0.077453	-0.1911
-0.32241	-9.0616	0.070271	-0.18919
1.1439	-9.0616	0.062756	-0.1753
2.6102	-9.0616	0.055518	-0.15231
4.0765	-9.0616	0.045907	-0.1325
5.5428	-9.0616	0.016406	-0.11265
7.0091	-9.0616	-0.011375	-0.11633
8.4754	-9.0616	0	-0
9.9417	-9.0616	0	-0
11.408	-9.0616	0	-0
12.874	-9.0616	0	-0
14.341	-9.0616	0	-0
15.807	-9.0616	0	-0
-14.985	-10.528	0	-0
-13.519	-10.528	0	-0
-12.053	-10.528	0	-0
-10.587	-10.528	0	-0
-9.1202	-10.528	0	-0
-7.6539	-10.528	0	-0
-6.1876	-10.528	0	-0
-4.7213	-10.528	0	-0
-3.255	-10.528	0.087815	-0.21737
-1.7887	-10.528	0.081699	-0.23128
-0.32241	-10.528	0.077611	-0.23369
1.1439	-10.528	0.072162	-0.22882
2.6102	-10.528	0.066899	-0.21947
4.0765	-10.528	0.052012	-0.20602
5.5428	-10.528	0.005533	-0.19572
7.0091	-10.528	-0.049022	-0.20873
8.4754	-10.528	0	-0
9.9417	-10.528	0	-0
11.408	-10.528	0	-0
12.874	-10.528	0	-0
14.341	-10.528	0	-0
15.807	-10.528	0	-0
-14.985	-11.994	0	-0
-13.519	-11.994	0	-0
-12.053	-11.994	0	-0
-10.587	-11.994	0	-0
-9.1202	-11.994	0	-0
-7.6539	-11.994	0	-0
-6.1876	-11.994	0	-0
-4.7213	-11.994	0	-0
-3.255	-11.994	0	-0
-1.7887	-11.994	0	-0
-0.32241	-11.994	0	-0
1.1439	-11.994	0	-0
2.6102	-11.994	0	-0
4.0765	-11.994	0	-0
5.5428	-11.994	0	-0
7.0091	-11.994	0	-0
8.4754	-11.994	0	-0
9.9417	-11.994	0	-0
11.408	-11.994	0	-0
12.874	-11.994	0	-0
14.341	-11.994	0	-0
15.807	-11.994	0	-0
