#DaVis 7.4.0 2D-vector 96 22 22 "" "[mm]" "" "[mm]" "displacement" "[mm]"
-14.985	18.798	0	-0
-13.519	18.798	0	-0
-12.053	18.798	0	-0
-10.587	18.798	0	-0
-9.1202	18.798	0	-0
-7.6539	18.798	0	-0
-6.1876	18.798	0	-0
-4.7213	18.798	0	-0
-3.255	18.798	0	-0
-1.7887	18.798	-0.020064	0.0017791
-0.32241	18.798	-0.023734	0.0040449
1.1439	18.798	-0.024337	0.0059736
2.6102	18.798	-0.024683	0.0083543
4.0765	18.798	-0.025472	0.011089
5.5428	18.798	-0.024732	0.0142
7.0091	18.798	-0.02446	0.015223
8.4754	18.798	-0.0015188	0.018264
9.9417	18.798	0	-0
11.408	18.798	0	-0
12.874	18.798	0	-0
14.341	18.798	0	-0
15.807	18.798	0	-0
-14.985	17.332	0	-0
-13.519	17.332	0	-0
-12.053	17.332	0	-0
-10.587	17.332	0	-0
-9.1202	17.332	0	-0
-7.6539	17.332	0	-0
-6.1876	17.332	0	-0
-4.7213	17.332	0	-0
-3.255	17.332	0	-0
-1.7887	17.332	-0.018368	0.00047738
-0.32241	17.332	-0.022371	0.0035834
1.1439	17.332	-0.022598	0.0059805
2.6102	17.332	-0.022846	0.0086679
4.0765	17.332	-0.023772	0.011107
5.5428	17.332	-0.023649	0.012965
7.0091	17.332	-0.023124	0.014755
8.4754	17.332	-0.0043748	0.016548
9.9417	17.332	0	-0
11.408	17.332	0	-0
12.874	17.332	0	-0
14.341	17.332	0	-0
15.807	17.332	0	-0
-14.985	15.866	0	-0
-13.519	15.866	0	-0
-12.053	15.866	0	-0
-10.587	15.866	0	-0
-9.1202	15.866	0	-0
-7.6539	15.866	0	-0
-6.1876	15.866	0	-0
-4.7213	15.866	0	-0
-3.255	15.866	0	-0
-1.7887	15.866	-0.015956	-0.00044318
-0.32241	15.866	-0.019938	0.0024817
1.1439	15.866	-0.020604	0.0047819
2.6102	15.866	-0.020007	0.0072715
4.0765	15.866	-0.020813	0.010089
5.5428	15.866	-0.022526	0.012025
7.0091	15.866	-0.021698	0.01386
8.4754	15.866	-0.0058792	0.016018
9.9417	15.866	0	-0
11.408	15.866	0	-0
12.874	15.866	0	-0
14.341	15.866	0	-0
15.807	15.866	0	-0
-14.985	14.399	0	-0
-13.519	14.399	0	-0
-12.053	14.399	0	-0
-10.587	14.399	0	-0
-9.1202	14.399	0	-0
-7.6539	14.399	0	-0
-6.1876	14.399	0	-0
-4.7213	14.399	0	-0
-3.255	14.399	0	-0
-1.7887	14.399	-0.011984	-0.0015527
-0.32241	14.399	-0.017774	0.0011101
1.1439	14.399	-0.017874	0.0030335
2.6102	14.399	-0.018012	0.0061305
4.0765	14.399	-0.018435	0.0090003
5.5428	14.399	-0.020034	0.010974
7.0091	14.399	-0.019993	0.012831
8.4754	14.399	-0.0031268	0.014231
9.9417	14.399	0	-0
11.408	14.399	0	-0
12.874	14.399	0	-0
14.341	14.399	0	-0
15.807	14.399	0	-0
-14.985	12.933	0	-0
-13.519	12.933	0	-0
-12.053	12.933	0	-0
-10.587	12.933	0	-0
-9.1202	12.933	0	-0
-7.6539	12.933	0	-0
-6.1876	12.933	0	-0
-4.7213	12.933	0	-0
-3.255	12.933	0	-0
-1.7887	12.933	0.0011455	-0.0016303
-0.32241	12.933	-0.015252	-0.00013044
1.1439	12.933	-0.015793	0.0023917
2.6102	12.933	-0.015733	0.0051407
4.0765	12.933	-0.015894	0.0079534
5.5428	12.933	-0.017283	0.0099522
7.0091	12.933	-0.017153	0.011671
8.4754	12.933	-0.0016924	0.01331
9.9417	12.933	0	-0
11.408	12.933	0	-0
12.874	12.933	0	-0
14.341	12.933	0	-0
15.807	12.933	0	-0
-14.985	11.467	0	-0
-13.519	11.467	0	-0
-12.053	11.467	0	-0
-10.587	11.467	0	-0
-9.1202	11.467	0	-0
-7.6539	11.467	0	-0
-6.1876	11.467	0	-0
-4.7213	11.467	0	-0
-3.255	11.467	0	-0
-1.7887	11.467	-0.0025157	-0.0032581
-0.32241	11.467	-0.011933	-0.0012174
1.1439	11.467	-0.013381	0.0015244
2.6102	11.467	-0.01334	0.0040859
4.0765	11.467	-0.013824	0.0067699
5.5428	11.467	-0.014538	0.0090366
7.0091	11.467	-0.014514	0.011007
8.4754	11.467	0.0017653	0.013226
9.9417	11.467	0	-0
11.408	11.467	0	-0
12.874	11.467	0	-0
14.341	11.467	0	-0
15.807	11.467	0	-0
-14.985	10	0	-0
-13.519	10	0	-0
-12.053	10	0	-0
-10.587	10	0	-0
-9.1202	10	0	-0
-7.6539	10	0	-0
-6.1876	10	0	-0
-4.7213	10	0	-0
-3.255	10	0	-0
-1.7887	10	-0.0043231	-0.0044355
-0.32241	10	-0.0096215	-0.0017285
1.1439	10	-0.010921	0.00048692
2.6102	10	-0.011013	0.0030641
4.0765	10	-0.011294	0.0054141
5.5428	10	-0.012241	0.0078732
7.0091	10	-0.011991	0.01001
8.4754	10	-0.005129	0.01229
9.9417	10	0	-0
11.408	10	0	-0
12.874	10	0	-0
14.341	10	0	-0
15.807	10	0	-0
-14.985	8.534	0	-0
-13.519	8.534	0	-0
-12.053	8.534	0	-0
-10.587	8.534	0	-0
-9.1202	8.534	0	-0
-7.6539	8.534	0	-0
-6.1876	8.534	0	-0
-4.7213	8.534	0	-0
-3.255	8.534	0	-0
-1.7887	8.534	-0.0035464	-0.0050438
-0.32241	8.534	-0.0075658	-0.0024349
1.1439	8.534	-0.0085241	-0.00011104
2.6102	8.534	-0.0086423	0.0021591
4.0765	8.534	-0.0089106	0.0041303
5.5428	8.534	-0.0099907	0.0067489
7.0091	8.534	-0.009958	0.0090629
8.4754	8.534	-0.0059346	0.011017
9.9417	8.534	0	-0
11.408	8.534	0	-0
12.874	8.534	0	-0
14.341	8.534	0	-0
15.807	8.534	0	-0
-14.985	7.0677	0	-0
-13.519	7.0677	0	-0
-12.053	7.0677	0	-0
-10.587	7.0677	0	-0
-9.1202	7.0677	0	-0
-7.6539	7.0677	0	-0
-6.1876	7.0677	0	-0
-4.7213	7.0677	0	-0
-3.255	7.0677	0	-0
-1.7887	7.0677	-0.0027374	-0.0055064
-0.32241	7.0677	-0.0054171	-0.0032265
1.1439	7.0677	-0.0065666	-0.0011345
2.6102	7.0677	-0.0064203	0.0012356
4.0765	7.0677	-0.0067997	0.0035238
5.5428	7.0677	-0.0075568	0.0056077
7.0091	7.0677	-0.0076316	0.0079063
8.4754	7.0677	-0.0044467	0.0098287
9.9417	7.0677	0	-0
11.408	7.0677	0	-0
12.874	7.0677	0	-0
14.341	7.0677	0	-0
15.807	7.0677	0	-0
-14.985	5.6014	0	-0
-13.519	5.6014	0	-0
-12.053	5.6014	0	-0
-10.587	5.6014	0	-0
-9.1202	5.6014	0	-0
-7.6539	5.6014	0	-0
-6.1876	5.6014	0	-0
-4.7213	5.6014	0	-0
-3.255	5.6014	0	-0
-1.7887	5.6014	-0.0017182	-0.0061684
-0.32241	5.6014	-0.0038816	-0.0038288
1.1439	5.6014	-0.0041439	-0.0011723
2.6102	5.6014	-0.0038593	0.00067874
4.0765	5.6014	-0.0040318	0.0023977
5.5428	5.6014	-0.0051191	0.0049636
7.0091	5.6014	-0.004961	0.0067861
8.4754	5.6014	-0.0034816	0.0085806
9.9417	5.6014	0	-0
11.408	5.6014	0	-0
12.874	5.6014	0	-0
14.341	5.6014	0	-0
15.807	5.6014	0	-0
-14.985	4.1351	0	-0
-13.519	4.1351	0	-0
-12.053	4.1351	0	-0
-10.587	4.1351	0	-0
-9.1202	4.1351	0	-0
-7.6539	4.1351	0	-0
-6.1876	4.1351	0	-0
-4.7213	4.1351	0	-0
-3.255	4.1351	0	-0
-1.7887	4.1351	-0.0011702	-0.0064035
-0.32241	4.1351	-0.0018198	-0.0042343
1.1439	4.1351	-0.0020768	-0.002248
2.6102	4.1351	-0.0021551	-2.2172e-005
4.0765	4.1351	-0.0021698	0.001716
5.5428	4.1351	-0.003121	0.0039075
7.0091	4.1351	-0.0030596	0.0057003
8.4754	4.1351	-0.002344	0.0073218
9.9417	4.1351	0	-0
11.408	4.1351	0	-0
12.874	4.1351	0	-0
14.341	4.1351	0	-0
15.807	4.1351	0	-0
-14.985	2.6688	0	-0
-13.519	2.6688	0	-0
-12.053	2.6688	0	-0
-10.587	2.6688	0	-0
-9.1202	2.6688	0	-0
-7.6539	2.6688	0	-0
-6.1876	2.6688	0	-0
-4.7213	2.6688	0	-0
-3.255	2.6688	0	-0
-1.7887	2.6688	0.00029926	-0.0067382
-0.32241	2.6688	0.00035553	-0.0047115
1.1439	2.6688	9.0354e-005	-0.0027567
2.6102	2.6688	-0.00043251	-0.00042842
4.0765	2.6688	-0.00072618	0.0013717
5.5428	2.6688	-0.0012571	0.002817
7.0091	2.6688	-0.0013285	0.0045329
8.4754	2.6688	-0.001236	0.0063477
9.9417	2.6688	0	-0
11.408	2.6688	0	-0
12.874	2.6688	0	-0
14.341	2.6688	0	-0
15.807	2.6688	0	-0
-14.985	1.2025	0	-0
-13.519	1.2025	0	-0
-12.053	1.2025	0	-0
-10.587	1.2025	0	-0
-9.1202	1.2025	0	-0
-7.6539	1.2025	0	-0
-6.1876	1.2025	0	-0
-4.7213	1.2025	0	-0
-3.255	1.2025	0	-0
-1.7887	1.2025	0.0022939	-0.0074723
-0.32241	1.2025	0.0022349	-0.005442
1.1439	1.2025	0.0020089	-0.0033983
2.6102	1.2025	0.0014938	-0.0013201
4.0765	1.2025	0.0010247	0.00059034
5.5428	1.2025	0.00086656	0.0020949
7.0091	1.2025	0.00036597	0.0035371
8.4754	1.2025	0.00027049	0.0050473
9.9417	1.2025	0	-0
11.408	1.2025	0	-0
12.874	1.2025	0	-0
14.341	1.2025	0	-0
15.807	1.2025	0	-0
-14.985	-0.2638	0	-0
-13.519	-0.2638	0	-0
-12.053	-0.2638	0	-0
-10.587	-0.2638	0	-0
-9.1202	-0.2638	0	-0
-7.6539	-0.2638	0	-0
-6.1876	-0.2638	0	-0
-4.7213	-0.2638	0	-0
-3.255	-0.2638	0	-0
-1.7887	-0.2638	0.0039898	-0.0081852
-0.32241	-0.2638	0.0040574	-0.006389
1.1439	-0.2638	0.0037504	-0.0043754
2.6102	-0.2638	0.0032141	-0.0025846
4.0765	-0.2638	0.0026576	-0.00083636
5.5428	-0.2638	0.0024106	0.0006934
7.0091	-0.2638	0.0020468	0.0024433
8.4754	-0.2638	0.0016928	0.0042406
9.9417	-0.2638	0	-0
11.408	-0.2638	0	-0
12.874	-0.2638	0	-0
14.341	-0.2638	0	-0
15.807	-0.2638	0	-0
-14.985	-1.7301	0	-0
-13.519	-1.7301	0	-0
-12.053	-1.7301	0	-0
-10.587	-1.7301	0	-0
-9.1202	-1.7301	0	-0
-7.6539	-1.7301	0	-0
-6.1876	-1.7301	0	-0
-4.7213	-1.7301	0	-0
-3.255	-1.7301	0	-0
-1.7887	-1.7301	0.0055416	-0.0092063
-0.32241	-1.7301	0.0054607	-0.0073348
1.1439	-1.7301	0.0069296	-0.0075491
2.6102	-1.7301	0.0047078	-0.0035716
4.0765	-1.7301	0.0043098	-0.0020475
5.5428	-1.7301	0.0039648	-0.00046814
7.0091	-1.7301	0.0035988	0.0011662
8.4754	-1.7301	0.0032253	0.0029596
9.9417	-1.7301	0	-0
11.408	-1.7301	0	-0
12.874	-1.7301	0	-0
14.341	-1.7301	0	-0
15.807	-1.7301	0	-0
-14.985	-3.1964	0	-0
-13.519	-3.1964	0	-0
-12.053	-3.1964	0	-0
-10.587	-3.1964	0	-0
-9.1202	-3.1964	0	-0
-7.6539	-3.1964	0	-0
-6.1876	-3.1964	0	-0
-4.7213	-3.1964	0	-0
-3.255	-3.1964	0	-0
-1.7887	-3.1964	0.0069774	-0.010087
-0.32241	-3.1964	0.0070134	-0.0083889
1.1439	-3.1964	0.0065629	-0.0066384
2.6102	-3.1964	0.0060036	-0.0049488
4.0765	-3.1964	0.0055306	-0.0030251
5.5428	-3.1964	0.0052396	-0.0014054
7.0091	-3.1964	0.0050631	0.0002455
8.4754	-3.1964	0.0047557	0.0019851
9.9417	-3.1964	0	-0
11.408	-3.1964	0	-0
12.874	-3.1964	0	-0
14.341	-3.1964	0	-0
15.807	-3.1964	0	-0
-14.985	-4.6627	0	-0
-13.519	-4.6627	0	-0
-12.053	-4.6627	0	-0
-10.587	-4.6627	0	-0
-9.1202	-4.6627	0	-0
-7.6539	-4.6627	0	-0
-6.1876	-4.6627	0	-0
-4.7213	-4.6627	0	-0
-3.255	-4.6627	0	-0
-1.7887	-4.6627	0.0081449	-0.011057
-0.32241	-4.6627	0.0081945	-0.0095278
1.1439	-4.6627	0.0077363	-0.0079805
2.6102	-4.6627	0.0072539	-0.0059997
4.0765	-4.6627	0.0069311	-0.0041072
5.5428	-4.6627	0.0066507	-0.0024535
7.0091	-4.6627	0.0065585	-0.00068803
8.4754	-4.6627	0.0061586	0.00092746
9.9417	-4.6627	0	-0
11.408	-4.6627	0	-0
12.874	-4.6627	0	-0
14.341	-4.6627	0	-0
15.807	-4.6627	0	-0
-14.985	-6.129	0	-0
-13.519	-6.129	0	-0
-12.053	-6.129	0	-0
-10.587	-6.129	0	-0
-9.1202	-6.129	0	-0
-7.6539	-6.129	0	-0
-6.1876	-6.129	0	-0
-4.7213	-6.129	0	-0
-3.255	-6.129	0	-0
-1.7887	-6.129	0.0089983	-0.012048
-0.32241	-6.129	0.0093588	-0.010392
1.1439	-6.129	0.0090063	-0.0088384
2.6102	-6.129	0.0085973	-0.007129
4.0765	-6.129	0.0084691	-0.0052282
5.5428	-6.129	0.0081907	-0.003404
7.0091	-6.129	0.0079193	-0.0017681
8.4754	-6.129	0.0075343	-0.00035669
9.9417	-6.129	0	-0
11.408	-6.129	0	-0
12.874	-6.129	0	-0
14.341	-6.129	0	-0
15.807	-6.129	0	-0
-14.985	-7.5953	0	-0
-13.519	-7.5953	0	-0
-12.053	-7.5953	0	-0
-10.587	-7.5953	0	-0
-9.1202	-7.5953	0	-0
-7.6539	-7.5953	0	-0
-6.1876	-7.5953	0	-0
-4.7213	-7.5953	0	-0
-3.255	-7.5953	0	-0
-1.7887	-7.5953	0.010087	-0.012605
-0.32241	-7.5953	0.010274	-0.011199
1.1439	-7.5953	0.010271	-0.0095948
2.6102	-7.5953	0.0099272	-0.0081022
4.0765	-7.5953	0.0097597	-0.0063613
5.5428	-7.5953	0.0094808	-0.0045553
7.0091	-7.5953	0.0092171	-0.0028241
8.4754	-7.5953	0.008863	-0.0014179
9.9417	-7.5953	0	-0
11.408	-7.5953	0	-0
12.874	-7.5953	0	-0
14.341	-7.5953	0	-0
15.807	-7.5953	0	-0
-14.985	-9.0616	0	-0
-13.519	-9.0616	0	-0
-12.053	-9.0616	0	-0
-10.587	-9.0616	0	-0
-9.1202	-9.0616	0	-0
-7.6539	-9.0616	0	-0
-6.1876	-9.0616	0	-0
-4.7213	-9.0616	0	-0
-3.255	-9.0616	0	-0
-1.7887	-9.0616	0.0099219	-0.013476
-0.32241	-9.0616	0.011171	-0.011945
1.1439	-9.0616	0.011286	-0.010289
2.6102	-9.0616	0.011091	-0.0087956
4.0765	-9.0616	0.011135	-0.0073688
5.5428	-9.0616	0.010851	-0.0055426
7.0091	-9.0616	0.010559	-0.0039377
8.4754	-9.0616	0.01041	-0.0028684
9.9417	-9.0616	0	-0
11.408	-9.0616	0	-0
12.874	-9.0616	0	-0
14.341	-9.0616	0	-0
15.807	-9.0616	0	-0
-14.985	-10.528	0	-0
-13.519	-10.528	0	-0
-12.053	-10.528	0	-0
-10.587	-10.528	0	-0
-9.1202	-10.528	0	-0
-7.6539	-10.528	0	-0
-6.1876	-10.528	0	-0
-4.7213	-10.528	0	-0
-3.255	-10.528	0	-0
-1.7887	-10.528	0.01034	-0.013829
-0.32241	-10.528	0.012158	-0.012403
1.1439	-10.528	0.01215	-0.010951
2.6102	-10.528	0.012321	-0.0096571
4.0765	-10.528	0.012089	-0.0082206
5.5428	-10.528	0.011915	-0.0065774
7.0091	-10.528	0.011874	-0.0052753
8.4754	-10.528	0.011102	-0.0039339
9.9417	-10.528	0	-0
11.408	-10.528	0	-0
12.874	-10.528	0	-0
14.341	-10.528	0	-0
15.807	-10.528	0	-0
-14.985	-11.994	0	-0
-13.519	-11.994	0	-0
-12.053	-11.994	0	-0
-10.587	-11.994	0	-0
-9.1202	-11.994	0	-0
-7.6539	-11.994	0	-0
-6.1876	-11.994	0	-0
-4.7213	-11.994	0	-0
-3.255	-11.994	0	-0
-1.7887	-11.994	0	-0
-0.32241	-11.994	0	-0
1.1439	-11.994	0	-0
2.6102	-11.994	0	-0
4.0765	-11.994	0	-0
5.5428	-11.994	0	-0
7.0091	-11.994	0	-0
8.4754	-11.994	0	-0
9.9417	-11.994	0	-0
11.408	-11.994	0	-0
12.874	-11.994	0	-0
14.341	-11.994	0	-0
15.807	-11.994	0	-0
