#DaVis 7.4.0 2D-vector 96 22 22 "" "[mm]" "" "[mm]" "displacement" "[mm]"
-14.985	18.798	0	-0
-13.519	18.798	0	-0
-12.053	18.798	0	-0
-10.587	18.798	0	-0
-9.1202	18.798	0	-0
-7.6539	18.798	0	-0
-6.1876	18.798	0	-0
-4.7213	18.798	0	-0
-3.255	18.798	0	-0
-1.7887	18.798	-0.031321	0.0021952
-0.32241	18.798	-0.03565	0.0061546
1.1439	18.798	-0.0359	0.0087469
2.6102	18.798	-0.03663	0.012281
4.0765	18.798	-0.038014	0.013241
5.5428	18.798	-0.036603	0.018949
7.0091	18.798	-0.03639	0.019703
8.4754	18.798	-0.011678	0.021975
9.9417	18.798	0	-0
11.408	18.798	0	-0
12.874	18.798	0	-0
14.341	18.798	0	-0
15.807	18.798	0	-0
-14.985	17.332	0	-0
-13.519	17.332	0	-0
-12.053	17.332	0	-0
-10.587	17.332	0	-0
-9.1202	17.332	0	-0
-7.6539	17.332	0	-0
-6.1876	17.332	0	-0
-4.7213	17.332	0	-0
-3.255	17.332	0	-0
-1.7887	17.332	-0.028388	0.00075546
-0.32241	17.332	-0.032609	0.005811
1.1439	17.332	-0.032897	0.0092242
2.6102	17.332	-0.03327	0.012938
4.0765	17.332	-0.034384	0.016622
5.5428	17.332	-0.03429	0.019596
7.0091	17.332	-0.033313	0.022368
8.4754	17.332	-0.013778	0.025255
9.9417	17.332	0	-0
11.408	17.332	0	-0
12.874	17.332	0	-0
14.341	17.332	0	-0
15.807	17.332	0	-0
-14.985	15.866	0	-0
-13.519	15.866	0	-0
-12.053	15.866	0	-0
-10.587	15.866	0	-0
-9.1202	15.866	0	-0
-7.6539	15.866	0	-0
-6.1876	15.866	0	-0
-4.7213	15.866	0	-0
-3.255	15.866	0	-0
-1.7887	15.866	-0.024952	-0.00044389
-0.32241	15.866	-0.028677	0.003788
1.1439	15.866	-0.029891	0.0076325
2.6102	15.866	-0.029221	0.011605
4.0765	15.866	-0.029597	0.015243
5.5428	15.866	-0.032153	0.01871
7.0091	15.866	-0.030982	0.021119
8.4754	15.866	-0.014395	0.024322
9.9417	15.866	0	-0
11.408	15.866	0	-0
12.874	15.866	0	-0
14.341	15.866	0	-0
15.807	15.866	0	-0
-14.985	14.399	0	-0
-13.519	14.399	0	-0
-12.053	14.399	0	-0
-10.587	14.399	0	-0
-9.1202	14.399	0	-0
-7.6539	14.399	0	-0
-6.1876	14.399	0	-0
-4.7213	14.399	0	-0
-3.255	14.399	0	-0
-1.7887	14.399	-0.01942	-0.0021247
-0.32241	14.399	-0.025445	0.0022043
1.1439	14.399	-0.026123	0.0054375
2.6102	14.399	-0.025762	0.0095949
4.0765	14.399	-0.026145	0.013458
5.5428	14.399	-0.028134	0.016593
7.0091	14.399	-0.028343	0.019442
8.4754	14.399	-0.0099378	0.021551
9.9417	14.399	0	-0
11.408	14.399	0	-0
12.874	14.399	0	-0
14.341	14.399	0	-0
15.807	14.399	0	-0
-14.985	12.933	0	-0
-13.519	12.933	0	-0
-12.053	12.933	0	-0
-10.587	12.933	0	-0
-9.1202	12.933	0	-0
-7.6539	12.933	0	-0
-6.1876	12.933	0	-0
-4.7213	12.933	0	-0
-3.255	12.933	0	-0
-1.7887	12.933	-0.0043296	-0.0022435
-0.32241	12.933	-0.02171	0.000325
1.1439	12.933	-0.022288	0.0036221
2.6102	12.933	-0.022628	0.0075297
4.0765	12.933	-0.02254	0.011548
5.5428	12.933	-0.02422	0.014665
7.0091	12.933	-0.024146	0.017224
8.4754	12.933	-0.0078388	0.019582
9.9417	12.933	0	-0
11.408	12.933	0	-0
12.874	12.933	0	-0
14.341	12.933	0	-0
15.807	12.933	0	-0
-14.985	11.467	0	-0
-13.519	11.467	0	-0
-12.053	11.467	0	-0
-10.587	11.467	0	-0
-9.1202	11.467	0	-0
-7.6539	11.467	0	-0
-6.1876	11.467	0	-0
-4.7213	11.467	0	-0
-3.255	11.467	0	-0
-1.7887	11.467	0.00048705	-0.0043088
-0.32241	11.467	-0.01692	-0.0014115
1.1439	11.467	-0.018516	0.0023499
2.6102	11.467	-0.018204	0.0060772
4.0765	11.467	-0.019001	0.0099142
5.5428	11.467	-0.020433	0.013058
7.0091	11.467	-0.020141	0.016172
8.4754	11.467	-0.0032719	0.018647
9.9417	11.467	0	-0
11.408	11.467	0	-0
12.874	11.467	0	-0
14.341	11.467	0	-0
15.807	11.467	0	-0
-14.985	10	0	-0
-13.519	10	0	-0
-12.053	10	0	-0
-10.587	10	0	-0
-9.1202	10	0	-0
-7.6539	10	0	-0
-6.1876	10	0	-0
-4.7213	10	0	-0
-3.255	10	0	-0
-1.7887	10	0.0045404	-0.0058036
-0.32241	10	-0.013085	-0.0019647
1.1439	10	-0.015074	0.0010705
2.6102	10	-0.014571	0.0046287
4.0765	10	-0.015039	0.0080672
5.5428	10	-0.016806	0.011171
7.0091	10	-0.01659	0.01396
8.4754	10	-0.0021788	0.017189
9.9417	10	0	-0
11.408	10	0	-0
12.874	10	0	-0
14.341	10	0	-0
15.807	10	0	-0
-14.985	8.534	0	-0
-13.519	8.534	0	-0
-12.053	8.534	0	-0
-10.587	8.534	0	-0
-9.1202	8.534	0	-0
-7.6539	8.534	0	-0
-6.1876	8.534	0	-0
-4.7213	8.534	0	-0
-3.255	8.534	0	-0
-1.7887	8.534	-0.0043669	-0.0066684
-0.32241	8.534	-0.010358	-0.0030733
1.1439	8.534	-0.011502	-2.359e-005
2.6102	8.534	-0.011315	0.0032104
4.0765	8.534	-0.011763	0.0060827
5.5428	8.534	-0.0132	0.00944
7.0091	8.534	-0.013452	0.012505
8.4754	8.534	-0.0037597	0.015163
9.9417	8.534	0	-0
11.408	8.534	0	-0
12.874	8.534	0	-0
14.341	8.534	0	-0
15.807	8.534	0	-0
-14.985	7.0677	0	-0
-13.519	7.0677	0	-0
-12.053	7.0677	0	-0
-10.587	7.0677	0	-0
-9.1202	7.0677	0	-0
-7.6539	7.0677	0	-0
-6.1876	7.0677	0	-0
-4.7213	7.0677	0	-0
-3.255	7.0677	0	-0
-1.7887	7.0677	-0.0039755	-0.0071952
-0.32241	7.0677	-0.0074596	-0.0042316
1.1439	7.0677	-0.0086019	-0.0013076
2.6102	7.0677	-0.0084191	0.0018571
4.0765	7.0677	-0.0087355	0.0050724
5.5428	7.0677	-0.0098151	0.0078098
7.0091	7.0677	-0.010038	0.010678
8.4754	7.0677	-0.0030392	0.013179
9.9417	7.0677	0	-0
11.408	7.0677	0	-0
12.874	7.0677	0	-0
14.341	7.0677	0	-0
15.807	7.0677	0	-0
-14.985	5.6014	0	-0
-13.519	5.6014	0	-0
-12.053	5.6014	0	-0
-10.587	5.6014	0	-0
-9.1202	5.6014	0	-0
-7.6539	5.6014	0	-0
-6.1876	5.6014	0	-0
-4.7213	5.6014	0	-0
-3.255	5.6014	0	-0
-1.7887	5.6014	-0.0022194	-0.0081712
-0.32241	5.6014	-0.0051845	-0.0051303
1.1439	5.6014	-0.0052636	-0.0019301
2.6102	5.6014	-0.0050495	0.0010033
4.0765	5.6014	-0.0055622	0.003177
5.5428	5.6014	-0.0068526	0.0063767
7.0091	5.6014	-0.0066792	0.0091426
8.4754	5.6014	-0.0047378	0.011331
9.9417	5.6014	0	-0
11.408	5.6014	0	-0
12.874	5.6014	0	-0
14.341	5.6014	0	-0
15.807	5.6014	0	-0
-14.985	4.1351	0	-0
-13.519	4.1351	0	-0
-12.053	4.1351	0	-0
-10.587	4.1351	0	-0
-9.1202	4.1351	0	-0
-7.6539	4.1351	0	-0
-6.1876	4.1351	0	-0
-4.7213	4.1351	0	-0
-3.255	4.1351	0	-0
-1.7887	4.1351	-0.0013415	-0.0085062
-0.32241	4.1351	-0.0024063	-0.0057387
1.1439	4.1351	-0.0028427	-0.0032331
2.6102	4.1351	-0.0028754	-0.00023883
4.0765	4.1351	-0.0028379	0.0019846
5.5428	4.1351	-0.0042497	0.0050429
7.0091	4.1351	-0.0039695	0.0072572
8.4754	4.1351	-0.0029586	0.0092282
9.9417	4.1351	0	-0
11.408	4.1351	0	-0
12.874	4.1351	0	-0
14.341	4.1351	0	-0
15.807	4.1351	0	-0
-14.985	2.6688	0	-0
-13.519	2.6688	0	-0
-12.053	2.6688	0	-0
-10.587	2.6688	0	-0
-9.1202	2.6688	0	-0
-7.6539	2.6688	0	-0
-6.1876	2.6688	0	-0
-4.7213	2.6688	0	-0
-3.255	2.6688	0	-0
-1.7887	2.6688	0.00083276	-0.0088858
-0.32241	2.6688	0.00044497	-0.0063648
1.1439	2.6688	-9.7985e-005	-0.0038818
2.6102	2.6688	-0.00039631	-0.00087035
4.0765	2.6688	-0.00077738	0.001469
5.5428	2.6688	-0.0016537	0.003411
7.0091	2.6688	-0.0016608	0.0055836
8.4754	2.6688	-0.0013776	0.0076353
9.9417	2.6688	0	-0
11.408	2.6688	0	-0
12.874	2.6688	0	-0
14.341	2.6688	0	-0
15.807	2.6688	0	-0
-14.985	1.2025	0	-0
-13.519	1.2025	0	-0
-12.053	1.2025	0	-0
-10.587	1.2025	0	-0
-9.1202	1.2025	0	-0
-7.6539	1.2025	0	-0
-6.1876	1.2025	0	-0
-4.7213	1.2025	0	-0
-3.255	1.2025	0	-0
-1.7887	1.2025	0.0030824	-0.0098546
-0.32241	1.2025	0.0028901	-0.0073423
1.1439	1.2025	0.0026684	-0.0047583
2.6102	1.2025	0.0021333	-0.0022232
4.0765	1.2025	0.001542	0.00025653
5.5428	1.2025	0.0011641	0.0021655
7.0091	1.2025	0.00058862	0.0038619
8.4754	1.2025	0.0006536	0.0055822
9.9417	1.2025	0	-0
11.408	1.2025	0	-0
12.874	1.2025	0	-0
14.341	1.2025	0	-0
15.807	1.2025	0	-0
-14.985	-0.2638	0	-0
-13.519	-0.2638	0	-0
-12.053	-0.2638	0	-0
-10.587	-0.2638	0	-0
-9.1202	-0.2638	0	-0
-7.6539	-0.2638	0	-0
-6.1876	-0.2638	0	-0
-4.7213	-0.2638	0	-0
-3.255	-0.2638	0	-0
-1.7887	-0.2638	0.0049836	-0.010942
-0.32241	-0.2638	0.0052066	-0.0086956
1.1439	-0.2638	0.0047896	-0.0061548
2.6102	-0.2638	0.0042246	-0.0039485
4.0765	-0.2638	0.0035968	-0.0018305
5.5428	-0.2638	0.0031497	-9.533e-006
7.0091	-0.2638	0.0026766	0.0020419
8.4754	-0.2638	0.0023278	0.0041175
9.9417	-0.2638	0	-0
11.408	-0.2638	0	-0
12.874	-0.2638	0	-0
14.341	-0.2638	0	-0
15.807	-0.2638	0	-0
-14.985	-1.7301	0	-0
-13.519	-1.7301	0	-0
-12.053	-1.7301	0	-0
-10.587	-1.7301	0	-0
-9.1202	-1.7301	0	-0
-7.6539	-1.7301	0	-0
-6.1876	-1.7301	0	-0
-4.7213	-1.7301	0	-0
-3.255	-1.7301	0	-0
-1.7887	-1.7301	0.0068131	-0.012236
-0.32241	-1.7301	0.006796	-0.010101
1.1439	-1.7301	0.0084157	-0.010185
2.6102	-1.7301	0.0060459	-0.0055253
4.0765	-1.7301	0.0055362	-0.0037364
5.5428	-1.7301	0.0049715	-0.0018425
7.0091	-1.7301	0.0045029	1.6497e-005
8.4754	-1.7301	0.0041025	0.0021305
9.9417	-1.7301	0	-0
11.408	-1.7301	0	-0
12.874	-1.7301	0	-0
14.341	-1.7301	0	-0
15.807	-1.7301	0	-0
-14.985	-3.1964	0	-0
-13.519	-3.1964	0	-0
-12.053	-3.1964	0	-0
-10.587	-3.1964	0	-0
-9.1202	-3.1964	0	-0
-7.6539	-3.1964	0	-0
-6.1876	-3.1964	0	-0
-4.7213	-3.1964	0	-0
-3.255	-3.1964	0	-0
-1.7887	-3.1964	0.008444	-0.013561
-0.32241	-3.1964	0.0085296	-0.011565
1.1439	-3.1964	0.0081332	-0.0095918
2.6102	-3.1964	0.0075375	-0.0076006
4.0765	-3.1964	0.0068748	-0.0052629
5.5428	-3.1964	0.0064344	-0.0033671
7.0091	-3.1964	0.006294	-0.0014422
8.4754	-3.1964	0.0058601	0.00059027
9.9417	-3.1964	0	-0
11.408	-3.1964	0	-0
12.874	-3.1964	0	-0
14.341	-3.1964	0	-0
15.807	-3.1964	0	-0
-14.985	-4.6627	0	-0
-13.519	-4.6627	0	-0
-12.053	-4.6627	0	-0
-10.587	-4.6627	0	-0
-9.1202	-4.6627	0	-0
-7.6539	-4.6627	0	-0
-6.1876	-4.6627	0	-0
-4.7213	-4.6627	0	-0
-3.255	-4.6627	0	-0
-1.7887	-4.6627	0.0096202	-0.014617
-0.32241	-4.6627	0.0095751	-0.013146
1.1439	-4.6627	0.0094175	-0.011532
2.6102	-4.6627	0.0088542	-0.0091882
4.0765	-4.6627	0.0085259	-0.0068363
5.5428	-4.6627	0.0081175	-0.0049357
7.0091	-4.6627	0.0080483	-0.0028409
8.4754	-4.6627	0.0075833	-0.0010728
9.9417	-4.6627	0	-0
11.408	-4.6627	0	-0
12.874	-4.6627	0	-0
14.341	-4.6627	0	-0
15.807	-4.6627	0	-0
-14.985	-6.129	0	-0
-13.519	-6.129	0	-0
-12.053	-6.129	0	-0
-10.587	-6.129	0	-0
-9.1202	-6.129	0	-0
-7.6539	-6.129	0	-0
-6.1876	-6.129	0	-0
-4.7213	-6.129	0	-0
-3.255	-6.129	0	-0
-1.7887	-6.129	0.010493	-0.015851
-0.32241	-6.129	0.010866	-0.014281
1.1439	-6.129	0.010858	-0.012691
2.6102	-6.129	0.01042	-0.010816
4.0765	-6.129	0.010287	-0.0084693
5.5428	-6.129	0.0099109	-0.0063419
7.0091	-6.129	0.0095643	-0.0045456
8.4754	-6.129	0.00915	-0.0030813
9.9417	-6.129	0	-0
11.408	-6.129	0	-0
12.874	-6.129	0	-0
14.341	-6.129	0	-0
15.807	-6.129	0	-0
-14.985	-7.5953	0	-0
-13.519	-7.5953	0	-0
-12.053	-7.5953	0	-0
-10.587	-7.5953	0	-0
-9.1202	-7.5953	0	-0
-7.6539	-7.5953	0	-0
-6.1876	-7.5953	0	-0
-4.7213	-7.5953	0	-0
-3.255	-7.5953	0	-0
-1.7887	-7.5953	0.011565	-0.016532
-0.32241	-7.5953	0.011961	-0.015428
1.1439	-7.5953	0.011938	-0.013864
2.6102	-7.5953	0.011815	-0.012062
4.0765	-7.5953	0.011577	-0.010163
5.5428	-7.5953	0.011354	-0.0079963
7.0091	-7.5953	0.010968	-0.0061697
8.4754	-7.5953	0.010439	-0.0048219
9.9417	-7.5953	0	-0
11.408	-7.5953	0	-0
12.874	-7.5953	0	-0
14.341	-7.5953	0	-0
15.807	-7.5953	0	-0
-14.985	-9.0616	0	-0
-13.519	-9.0616	0	-0
-12.053	-9.0616	0	-0
-10.587	-9.0616	0	-0
-9.1202	-9.0616	0	-0
-7.6539	-9.0616	0	-0
-6.1876	-9.0616	0	-0
-4.7213	-9.0616	0	-0
-3.255	-9.0616	0	-0
-1.7887	-9.0616	0.011062	-0.017602
-0.32241	-9.0616	0.012788	-0.016286
1.1439	-9.0616	0.012803	-0.014807
2.6102	-9.0616	0.012957	-0.013326
4.0765	-9.0616	0.012867	-0.011858
5.5428	-9.0616	0.012614	-0.0096745
7.0091	-9.0616	0.0122	-0.0079978
8.4754	-9.0616	0.011291	-0.0071018
9.9417	-9.0616	0	-0
11.408	-9.0616	0	-0
12.874	-9.0616	0	-0
14.341	-9.0616	0	-0
15.807	-9.0616	0	-0
-14.985	-10.528	0	-0
-13.519	-10.528	0	-0
-12.053	-10.528	0	-0
-10.587	-10.528	0	-0
-9.1202	-10.528	0	-0
-7.6539	-10.528	0	-0
-6.1876	-10.528	0	-0
-4.7213	-10.528	0	-0
-3.255	-10.528	0	-0
-1.7887	-10.528	0.011392	-0.018195
-0.32241	-10.528	0.013377	-0.017052
1.1439	-10.528	0.013497	-0.015701
2.6102	-10.528	0.014028	-0.014088
4.0765	-10.528	0.013465	-0.012472
5.5428	-10.528	0.013375	-0.010843
7.0091	-10.528	0.01339	-0.0098927
8.4754	-10.528	0.012639	-0.0087262
9.9417	-10.528	0	-0
11.408	-10.528	0	-0
12.874	-10.528	0	-0
14.341	-10.528	0	-0
15.807	-10.528	0	-0
-14.985	-11.994	0	-0
-13.519	-11.994	0	-0
-12.053	-11.994	0	-0
-10.587	-11.994	0	-0
-9.1202	-11.994	0	-0
-7.6539	-11.994	0	-0
-6.1876	-11.994	0	-0
-4.7213	-11.994	0	-0
-3.255	-11.994	0	-0
-1.7887	-11.994	0	-0
-0.32241	-11.994	0	-0
1.1439	-11.994	0	-0
2.6102	-11.994	0	-0
4.0765	-11.994	0	-0
5.5428	-11.994	0	-0
7.0091	-11.994	0	-0
8.4754	-11.994	0	-0
9.9417	-11.994	0	-0
11.408	-11.994	0	-0
12.874	-11.994	0	-0
14.341	-11.994	0	-0
15.807	-11.994	0	-0
