#DaVis 7.4.0 2D-vector 96 22 22 "" "[mm]" "" "[mm]" "displacement" "[mm]"
-14.985	18.798	0	-0
-13.519	18.798	0	-0
-12.053	18.798	0	-0
-10.587	18.798	0	-0
-9.1202	18.798	0	-0
-7.6539	18.798	0	-0
-6.1876	18.798	0	-0
-4.7213	18.798	0	-0
-3.255	18.798	0	-0
-1.7887	18.798	-0.0072779	0.00077829
-0.32241	18.798	-0.0069372	0.0016115
1.1439	18.798	-0.0074214	0.0023053
2.6102	18.798	-0.0075522	0.0030053
4.0765	18.798	-0.0078389	0.0031327
5.5428	18.798	-0.0083759	0.0042427
7.0091	18.798	-0.008449	0.0052579
8.4754	18.798	-0.0085421	0.0056201
9.9417	18.798	0	-0
11.408	18.798	0	-0
12.874	18.798	0	-0
14.341	18.798	0	-0
15.807	18.798	0	-0
-14.985	17.332	0	-0
-13.519	17.332	0	-0
-12.053	17.332	0	-0
-10.587	17.332	0	-0
-9.1202	17.332	0	-0
-7.6539	17.332	0	-0
-6.1876	17.332	0	-0
-4.7213	17.332	0	-0
-3.255	17.332	0	-0
-1.7887	17.332	-0.0067359	0.00025414
-0.32241	17.332	-0.0068123	0.0013608
1.1439	17.332	-0.0070439	0.0021784
2.6102	17.332	-0.0072194	0.0029358
4.0765	17.332	-0.0076274	0.0036739
5.5428	17.332	-0.0078091	0.0043128
7.0091	17.332	-0.0078332	0.0048066
8.4754	17.332	-0.0080753	0.0054909
9.9417	17.332	0	-0
11.408	17.332	0	-0
12.874	17.332	0	-0
14.341	17.332	0	-0
15.807	17.332	0	-0
-14.985	15.866	0	-0
-13.519	15.866	0	-0
-12.053	15.866	0	-0
-10.587	15.866	0	-0
-9.1202	15.866	0	-0
-7.6539	15.866	0	-0
-6.1876	15.866	0	-0
-4.7213	15.866	0	-0
-3.255	15.866	0	-0
-1.7887	15.866	-0.0061139	-0.00024747
-0.32241	15.866	-0.0063284	0.00087714
1.1439	15.866	-0.0066144	0.0017438
2.6102	15.866	-0.0065171	0.0024303
4.0765	15.866	-0.0069392	0.0033024
5.5428	15.866	-0.0072797	0.0039803
7.0091	15.866	-0.0073392	0.0045519
8.4754	15.866	-0.007617	0.0052283
9.9417	15.866	0	-0
11.408	15.866	0	-0
12.874	15.866	0	-0
14.341	15.866	0	-0
15.807	15.866	0	-0
-14.985	14.399	0	-0
-13.519	14.399	0	-0
-12.053	14.399	0	-0
-10.587	14.399	0	-0
-9.1202	14.399	0	-0
-7.6539	14.399	0	-0
-6.1876	14.399	0	-0
-4.7213	14.399	0	-0
-3.255	14.399	0	-0
-1.7887	14.399	-0.005409	-0.00070971
-0.32241	14.399	-0.0057294	0.00043299
1.1439	14.399	-0.006043	0.0012314
2.6102	14.399	-0.0062165	0.0021993
4.0765	14.399	-0.0063509	0.0030452
5.5428	14.399	-0.0067042	0.0036732
7.0091	14.399	-0.0068545	0.0043412
8.4754	14.399	-0.0069959	0.0049514
9.9417	14.399	0	-0
11.408	14.399	0	-0
12.874	14.399	0	-0
14.341	14.399	0	-0
15.807	14.399	0	-0
-14.985	12.933	0	-0
-13.519	12.933	0	-0
-12.053	12.933	0	-0
-10.587	12.933	0	-0
-9.1202	12.933	0	-0
-7.6539	12.933	0	-0
-6.1876	12.933	0	-0
-4.7213	12.933	0	-0
-3.255	12.933	0	-0
-1.7887	12.933	-0.0046576	-0.0010118
-0.32241	12.933	-0.0050551	-4.4249e-005
1.1439	12.933	-0.0054431	0.00084324
2.6102	12.933	-0.0055987	0.0017927
4.0765	12.933	-0.0058151	0.0027084
5.5428	12.933	-0.0061371	0.0034038
7.0091	12.933	-0.0061718	0.003991
8.4754	12.933	-0.0064389	0.004688
9.9417	12.933	0	-0
11.408	12.933	0	-0
12.874	12.933	0	-0
14.341	12.933	0	-0
15.807	12.933	0	-0
-14.985	11.467	0	-0
-13.519	11.467	0	-0
-12.053	11.467	0	-0
-10.587	11.467	0	-0
-9.1202	11.467	0	-0
-7.6539	11.467	0	-0
-6.1876	11.467	0	-0
-4.7213	11.467	0	-0
-3.255	11.467	0	-0
-1.7887	11.467	-0.0038097	-0.0012511
-0.32241	11.467	-0.0044559	-0.00043039
1.1439	11.467	-0.0047556	0.00062891
2.6102	11.467	-0.0047787	0.0015791
4.0765	11.467	-0.0051292	0.0024455
5.5428	11.467	-0.0053437	0.0031516
7.0091	11.467	-0.0054849	0.003831
8.4754	11.467	-0.0056962	0.0045842
9.9417	11.467	0	-0
11.408	11.467	0	-0
12.874	11.467	0	-0
14.341	11.467	0	-0
15.807	11.467	0	-0
-14.985	10	0	-0
-13.519	10	0	-0
-12.053	10	0	-0
-10.587	10	0	-0
-9.1202	10	0	-0
-7.6539	10	0	-0
-6.1876	10	0	-0
-4.7213	10	0	-0
-3.255	10	0	-0
-1.7887	10	-0.0028614	-0.0013847
-0.32241	10	-0.0037013	-0.00064612
1.1439	10	-0.0037874	0.00026388
2.6102	10	-0.0039982	0.0012429
4.0765	10	-0.0042032	0.002053
5.5428	10	-0.004492	0.0028609
7.0091	10	-0.0047494	0.003673
8.4754	10	-0.0048279	0.0043604
9.9417	10	0	-0
11.408	10	0	-0
12.874	10	0	-0
14.341	10	0	-0
15.807	10	0	-0
-14.985	8.534	0	-0
-13.519	8.534	0	-0
-12.053	8.534	0	-0
-10.587	8.534	0	-0
-9.1202	8.534	0	-0
-7.6539	8.534	0	-0
-6.1876	8.534	0	-0
-4.7213	8.534	0	-0
-3.255	8.534	0	-0
-1.7887	8.534	-0.0022339	-0.0017727
-0.32241	8.534	-0.0026794	-0.00090336
1.1439	8.534	-0.0029638	-3.1077e-005
2.6102	8.534	-0.0032744	0.0009326
4.0765	8.534	-0.0032971	0.0016476
5.5428	8.534	-0.0037134	0.0024957
7.0091	8.534	-0.0038312	0.0033576
8.4754	8.534	-0.0040174	0.004069
9.9417	8.534	0	-0
11.408	8.534	0	-0
12.874	8.534	0	-0
14.341	8.534	0	-0
15.807	8.534	0	-0
-14.985	7.0677	0	-0
-13.519	7.0677	0	-0
-12.053	7.0677	0	-0
-10.587	7.0677	0	-0
-9.1202	7.0677	0	-0
-7.6539	7.0677	0	-0
-6.1876	7.0677	0	-0
-4.7213	7.0677	0	-0
-3.255	7.0677	0	-0
-1.7887	7.0677	-0.0016279	-0.0020316
-0.32241	7.0677	-0.0020197	-0.0011778
1.1439	7.0677	-0.0021876	-0.00035253
2.6102	7.0677	-0.0024404	0.00052111
4.0765	7.0677	-0.0025968	0.0013927
5.5428	7.0677	-0.0028309	0.0021722
7.0091	7.0677	-0.003045	0.0029858
8.4754	7.0677	-0.0030919	0.0038078
9.9417	7.0677	0	-0
11.408	7.0677	0	-0
12.874	7.0677	0	-0
14.341	7.0677	0	-0
15.807	7.0677	0	-0
-14.985	5.6014	0	-0
-13.519	5.6014	0	-0
-12.053	5.6014	0	-0
-10.587	5.6014	0	-0
-9.1202	5.6014	0	-0
-7.6539	5.6014	0	-0
-6.1876	5.6014	0	-0
-4.7213	5.6014	0	-0
-3.255	5.6014	0	-0
-1.7887	5.6014	-0.00087001	-0.0022658
-0.32241	5.6014	-0.0013415	-0.0014672
1.1439	5.6014	-0.0014164	-0.00046657
2.6102	5.6014	-0.0015423	0.00031341
4.0765	5.6014	-0.0016749	0.00095957
5.5428	5.6014	-0.0021136	0.0019383
7.0091	5.6014	-0.0021736	0.002774
8.4754	5.6014	-0.0022934	0.003508
9.9417	5.6014	0	-0
11.408	5.6014	0	-0
12.874	5.6014	0	-0
14.341	5.6014	0	-0
15.807	5.6014	0	-0
-14.985	4.1351	0	-0
-13.519	4.1351	0	-0
-12.053	4.1351	0	-0
-10.587	4.1351	0	-0
-9.1202	4.1351	0	-0
-7.6539	4.1351	0	-0
-6.1876	4.1351	0	-0
-4.7213	4.1351	0	-0
-3.255	4.1351	0	-0
-1.7887	4.1351	-0.00054901	-0.0024599
-0.32241	4.1351	-0.00056113	-0.0016014
1.1439	4.1351	-0.00072331	-0.00079125
2.6102	4.1351	-0.00088811	8.7901e-005
4.0765	4.1351	-0.00086346	0.00073367
5.5428	4.1351	-0.0012715	0.0016851
7.0091	4.1351	-0.0013156	0.0022415
8.4754	4.1351	-0.0015149	0.0029777
9.9417	4.1351	0	-0
11.408	4.1351	0	-0
12.874	4.1351	0	-0
14.341	4.1351	0	-0
15.807	4.1351	0	-0
-14.985	2.6688	0	-0
-13.519	2.6688	0	-0
-12.053	2.6688	0	-0
-10.587	2.6688	0	-0
-9.1202	2.6688	0	-0
-7.6539	2.6688	0	-0
-6.1876	2.6688	0	-0
-4.7213	2.6688	0	-0
-3.255	2.6688	0	-0
-1.7887	2.6688	-5.2339e-005	-0.0027487
-0.32241	2.6688	0.00013856	-0.0019077
1.1439	2.6688	0.00013813	-0.0011086
2.6102	2.6688	-0.00021783	-7.5577e-005
4.0765	2.6688	-0.00029298	0.00070382
5.5428	2.6688	-0.00050087	0.0012571
7.0091	2.6688	-0.00053952	0.0018823
8.4754	2.6688	-0.00085193	0.0026712
9.9417	2.6688	0	-0
11.408	2.6688	0	-0
12.874	2.6688	0	-0
14.341	2.6688	0	-0
15.807	2.6688	0	-0
-14.985	1.2025	0	-0
-13.519	1.2025	0	-0
-12.053	1.2025	0	-0
-10.587	1.2025	0	-0
-9.1202	1.2025	0	-0
-7.6539	1.2025	0	-0
-6.1876	1.2025	0	-0
-4.7213	1.2025	0	-0
-3.255	1.2025	0	-0
-1.7887	1.2025	0.0003963	-0.0030366
-0.32241	1.2025	0.00084593	-0.0022
1.1439	1.2025	0.00088139	-0.0013738
2.6102	1.2025	0.00049225	-0.00058869
4.0765	1.2025	0.00056443	0.00033357
5.5428	1.2025	0.00028022	0.00097928
7.0091	1.2025	2.3417e-005	0.0015877
8.4754	1.2025	-0.00026133	0.0023035
9.9417	1.2025	0	-0
11.408	1.2025	0	-0
12.874	1.2025	0	-0
14.341	1.2025	0	-0
15.807	1.2025	0	-0
-14.985	-0.2638	0	-0
-13.519	-0.2638	0	-0
-12.053	-0.2638	0	-0
-10.587	-0.2638	0	-0
-9.1202	-0.2638	0	-0
-7.6539	-0.2638	0	-0
-6.1876	-0.2638	0	-0
-4.7213	-0.2638	0	-0
-3.255	-0.2638	0	-0
-1.7887	-0.2638	0.00045458	-0.0032696
-0.32241	-0.2638	0.0015798	-0.002602
1.1439	-0.2638	0.0016589	-0.001797
2.6102	-0.2638	0.0012357	-0.00094619
4.0765	-0.2638	0.0010975	-3.2467e-005
5.5428	-0.2638	0.00096898	0.00058534
7.0091	-0.2638	0.00053228	0.0011685
8.4754	-0.2638	0.00020137	0.0019319
9.9417	-0.2638	0	-0
11.408	-0.2638	0	-0
12.874	-0.2638	0	-0
14.341	-0.2638	0	-0
15.807	-0.2638	0	-0
-14.985	-1.7301	0	-0
-13.519	-1.7301	0	-0
-12.053	-1.7301	0	-0
-10.587	-1.7301	0	-0
-9.1202	-1.7301	0	-0
-7.6539	-1.7301	0	-0
-6.1876	-1.7301	0	-0
-4.7213	-1.7301	0	-0
-3.255	-1.7301	0	-0
-1.7887	-1.7301	0.00099006	-0.0037221
-0.32241	-1.7301	0.0022078	-0.0029634
1.1439	-1.7301	0.0030043	-0.0028065
2.6102	-1.7301	0.0018549	-0.0014803
4.0765	-1.7301	0.0017212	-0.00058833
5.5428	-1.7301	0.0015325	0.00012413
7.0091	-1.7301	0.0013295	0.00088302
8.4754	-1.7301	0.00079395	0.0016278
9.9417	-1.7301	0	-0
11.408	-1.7301	0	-0
12.874	-1.7301	0	-0
14.341	-1.7301	0	-0
15.807	-1.7301	0	-0
-14.985	-3.1964	0	-0
-13.519	-3.1964	0	-0
-12.053	-3.1964	0	-0
-10.587	-3.1964	0	-0
-9.1202	-3.1964	0	-0
-7.6539	-3.1964	0	-0
-6.1876	-3.1964	0	-0
-4.7213	-3.1964	0	-0
-3.255	-3.1964	0	-0
-1.7887	-3.1964	0.0011363	-0.0041454
-0.32241	-3.1964	0.0028318	-0.0035102
1.1439	-3.1964	0.0029221	-0.0026557
2.6102	-3.1964	0.0023863	-0.0018409
4.0765	-3.1964	0.0022342	-0.00099842
5.5428	-3.1964	0.0021017	-0.00023527
7.0091	-3.1964	0.0019652	0.00050206
8.4754	-3.1964	0.0013407	0.001256
9.9417	-3.1964	0	-0
11.408	-3.1964	0	-0
12.874	-3.1964	0	-0
14.341	-3.1964	0	-0
15.807	-3.1964	0	-0
-14.985	-4.6627	0	-0
-13.519	-4.6627	0	-0
-12.053	-4.6627	0	-0
-10.587	-4.6627	0	-0
-9.1202	-4.6627	0	-0
-7.6539	-4.6627	0	-0
-6.1876	-4.6627	0	-0
-4.7213	-4.6627	0	-0
-3.255	-4.6627	0	-0
-1.7887	-4.6627	0.0012364	-0.0043654
-0.32241	-4.6627	0.0032428	-0.0038094
1.1439	-4.6627	0.0033325	-0.0030105
2.6102	-4.6627	0.00317	-0.0022663
4.0765	-4.6627	0.0028127	-0.0014659
5.5428	-4.6627	0.0028183	-0.00062797
7.0091	-4.6627	0.0026249	0.00014226
8.4754	-4.6627	0.0013979	0.00085666
9.9417	-4.6627	0	-0
11.408	-4.6627	0	-0
12.874	-4.6627	0	-0
14.341	-4.6627	0	-0
15.807	-4.6627	0	-0
-14.985	-6.129	0	-0
-13.519	-6.129	0	-0
-12.053	-6.129	0	-0
-10.587	-6.129	0	-0
-9.1202	-6.129	0	-0
-7.6539	-6.129	0	-0
-6.1876	-6.129	0	-0
-4.7213	-6.129	0	-0
-3.255	-6.129	0	-0
-1.7887	-6.129	0.0023159	-0.0051299
-0.32241	-6.129	0.0036626	-0.0040642
1.1439	-6.129	0.004101	-0.0033824
2.6102	-6.129	0.0037371	-0.0026961
4.0765	-6.129	0.0035299	-0.0018971
5.5428	-6.129	0.0035743	-0.0010129
7.0091	-6.129	0.0032302	-0.00035173
8.4754	-6.129	0.0016632	0.00029801
9.9417	-6.129	0	-0
11.408	-6.129	0	-0
12.874	-6.129	0	-0
14.341	-6.129	0	-0
15.807	-6.129	0	-0
-14.985	-7.5953	0	-0
-13.519	-7.5953	0	-0
-12.053	-7.5953	0	-0
-10.587	-7.5953	0	-0
-9.1202	-7.5953	0	-0
-7.6539	-7.5953	0	-0
-6.1876	-7.5953	0	-0
-4.7213	-7.5953	0	-0
-3.255	-7.5953	0	-0
-1.7887	-7.5953	0.0024382	-0.0049901
-0.32241	-7.5953	0.004275	-0.0044133
1.1439	-7.5953	0.0045559	-0.0037045
2.6102	-7.5953	0.0041988	-0.0030517
4.0765	-7.5953	0.0041353	-0.0021686
5.5428	-7.5953	0.0040106	-0.0014134
7.0091	-7.5953	0.0038056	-0.00071534
8.4754	-7.5953	0.0022689	-6.7159e-006
9.9417	-7.5953	0	-0
11.408	-7.5953	0	-0
12.874	-7.5953	0	-0
14.341	-7.5953	0	-0
15.807	-7.5953	0	-0
-14.985	-9.0616	0	-0
-13.519	-9.0616	0	-0
-12.053	-9.0616	0	-0
-10.587	-9.0616	0	-0
-9.1202	-9.0616	0	-0
-7.6539	-9.0616	0	-0
-6.1876	-9.0616	0	-0
-4.7213	-9.0616	0	-0
-3.255	-9.0616	0	-0
-1.7887	-9.0616	0.0021758	-0.0052928
-0.32241	-9.0616	0.0048798	-0.004587
1.1439	-9.0616	0.0048226	-0.0039386
2.6102	-9.0616	0.0049995	-0.0032971
4.0765	-9.0616	0.0045685	-0.0026779
5.5428	-9.0616	0.0045916	-0.0018445
7.0091	-9.0616	0.0043533	-0.0011234
8.4754	-9.0616	0.0025767	-0.00047125
9.9417	-9.0616	0	-0
11.408	-9.0616	0	-0
12.874	-9.0616	0	-0
14.341	-9.0616	0	-0
15.807	-9.0616	0	-0
-14.985	-10.528	0	-0
-13.519	-10.528	0	-0
-12.053	-10.528	0	-0
-10.587	-10.528	0	-0
-9.1202	-10.528	0	-0
-7.6539	-10.528	0	-0
-6.1876	-10.528	0	-0
-4.7213	-10.528	0	-0
-3.255	-10.528	0	-0
-1.7887	-10.528	0.0031222	-0.0051604
-0.32241	-10.528	0.0051332	-0.0042769
1.1439	-10.528	0.0050642	-0.0036182
2.6102	-10.528	0.00534	-0.002905
4.0765	-10.528	0.0049992	-0.0023253
5.5428	-10.528	0.004917	-0.0012622
7.0091	-10.528	0.0048145	-0.0012434
8.4754	-10.528	0.0035696	-0.00039115
9.9417	-10.528	0	-0
11.408	-10.528	0	-0
12.874	-10.528	0	-0
14.341	-10.528	0	-0
15.807	-10.528	0	-0
-14.985	-11.994	0	-0
-13.519	-11.994	0	-0
-12.053	-11.994	0	-0
-10.587	-11.994	0	-0
-9.1202	-11.994	0	-0
-7.6539	-11.994	0	-0
-6.1876	-11.994	0	-0
-4.7213	-11.994	0	-0
-3.255	-11.994	0	-0
-1.7887	-11.994	0	-0
-0.32241	-11.994	0	-0
1.1439	-11.994	0	-0
2.6102	-11.994	0	-0
4.0765	-11.994	0	-0
5.5428	-11.994	0	-0
7.0091	-11.994	0	-0
8.4754	-11.994	0	-0
9.9417	-11.994	0	-0
11.408	-11.994	0	-0
12.874	-11.994	0	-0
14.341	-11.994	0	-0
15.807	-11.994	0	-0
