#DaVis 7.4.0 2D-vector 96 22 22 "" "[mm]" "" "[mm]" "displacement" "[mm]"
-14.985	18.798	0	-0
-13.519	18.798	0	-0
-12.053	18.798	0	-0
-10.587	18.798	0	-0
-9.1202	18.798	0	-0
-7.6539	18.798	0	-0
-6.1876	18.798	0	-0
-4.7213	18.798	0	-0
-3.255	18.798	0	-0
-1.7887	18.798	-0.031992	0.0034237
-0.32241	18.798	-0.036344	0.0073094
1.1439	18.798	-0.036281	0.0096048
2.6102	18.798	-0.037324	0.013897
4.0765	18.798	-0.039007	0.014222
5.5428	18.798	-0.037391	0.0201
7.0091	18.798	-0.037247	0.021626
8.4754	18.798	-0.011477	0.025059
9.9417	18.798	0	-0
11.408	18.798	0	-0
12.874	18.798	0	-0
14.341	18.798	0	-0
15.807	18.798	0	-0
-14.985	17.332	0	-0
-13.519	17.332	0	-0
-12.053	17.332	0	-0
-10.587	17.332	0	-0
-9.1202	17.332	0	-0
-7.6539	17.332	0	-0
-6.1876	17.332	0	-0
-4.7213	17.332	0	-0
-3.255	17.332	0	-0
-1.7887	17.332	-0.029273	0.0012594
-0.32241	17.332	-0.033476	0.0063148
1.1439	17.332	-0.033683	0.0097476
2.6102	17.332	-0.033942	0.013911
4.0765	17.332	-0.03489	0.017896
5.5428	17.332	-0.035076	0.020882
7.0091	17.332	-0.03388	0.023623
8.4754	17.332	-0.014057	0.02657
9.9417	17.332	0	-0
11.408	17.332	0	-0
12.874	17.332	0	-0
14.341	17.332	0	-0
15.807	17.332	0	-0
-14.985	15.866	0	-0
-13.519	15.866	0	-0
-12.053	15.866	0	-0
-10.587	15.866	0	-0
-9.1202	15.866	0	-0
-7.6539	15.866	0	-0
-6.1876	15.866	0	-0
-4.7213	15.866	0	-0
-3.255	15.866	0	-0
-1.7887	15.866	-0.025282	-0.00016193
-0.32241	15.866	-0.029344	0.0040875
1.1439	15.866	-0.030359	0.0079722
2.6102	15.866	-0.03022	0.012163
4.0765	15.866	-0.030648	0.016137
5.5428	15.866	-0.032428	0.019515
7.0091	15.866	-0.031639	0.02206
8.4754	15.866	-0.015141	0.025487
9.9417	15.866	0	-0
11.408	15.866	0	-0
12.874	15.866	0	-0
14.341	15.866	0	-0
15.807	15.866	0	-0
-14.985	14.399	0	-0
-13.519	14.399	0	-0
-12.053	14.399	0	-0
-10.587	14.399	0	-0
-9.1202	14.399	0	-0
-7.6539	14.399	0	-0
-6.1876	14.399	0	-0
-4.7213	14.399	0	-0
-3.255	14.399	0	-0
-1.7887	14.399	-0.019618	-0.0020531
-0.32241	14.399	-0.025601	0.002511
1.1439	14.399	-0.026228	0.0055284
2.6102	14.399	-0.026372	0.010344
4.0765	14.399	-0.026935	0.014377
5.5428	14.399	-0.028669	0.017437
7.0091	14.399	-0.028619	0.020271
8.4754	14.399	-0.0105	0.022601
9.9417	14.399	0	-0
11.408	14.399	0	-0
12.874	14.399	0	-0
14.341	14.399	0	-0
15.807	14.399	0	-0
-14.985	12.933	0	-0
-13.519	12.933	0	-0
-12.053	12.933	0	-0
-10.587	12.933	0	-0
-9.1202	12.933	0	-0
-7.6539	12.933	0	-0
-6.1876	12.933	0	-0
-4.7213	12.933	0	-0
-3.255	12.933	0	-0
-1.7887	12.933	-0.0056671	-0.0025436
-0.32241	12.933	-0.021602	0.00048475
1.1439	12.933	-0.022341	0.0042433
2.6102	12.933	-0.022433	0.0086201
4.0765	12.933	-0.022658	0.01271
5.5428	12.933	-0.024705	0.015723
7.0091	12.933	-0.02439	0.018224
8.4754	12.933	-0.0078824	0.02077
9.9417	12.933	0	-0
11.408	12.933	0	-0
12.874	12.933	0	-0
14.341	12.933	0	-0
15.807	12.933	0	-0
-14.985	11.467	0	-0
-13.519	11.467	0	-0
-12.053	11.467	0	-0
-10.587	11.467	0	-0
-9.1202	11.467	0	-0
-7.6539	11.467	0	-0
-6.1876	11.467	0	-0
-4.7213	11.467	0	-0
-3.255	11.467	0	-0
-1.7887	11.467	-0.0064946	-0.0042035
-0.32241	11.467	-0.01711	-0.00087303
1.1439	11.467	-0.018538	0.0029409
2.6102	11.467	-0.018751	0.0067341
4.0765	11.467	-0.019227	0.010582
5.5428	11.467	-0.020412	0.013858
7.0091	11.467	-0.020496	0.016819
8.4754	11.467	-0.0066854	0.019673
9.9417	11.467	0	-0
11.408	11.467	0	-0
12.874	11.467	0	-0
14.341	11.467	0	-0
15.807	11.467	0	-0
-14.985	10	0	-0
-13.519	10	0	-0
-12.053	10	0	-0
-10.587	10	0	-0
-9.1202	10	0	-0
-7.6539	10	0	-0
-6.1876	10	0	-0
-4.7213	10	0	-0
-3.255	10	0	-0
-1.7887	10	-0.0091075	-0.0058564
-0.32241	10	-0.013862	-0.002023
1.1439	10	-0.014727	0.0013475
2.6102	10	-0.014943	0.0048653
4.0765	10	-0.015491	0.0082638
5.5428	10	-0.016565	0.011791
7.0091	10	-0.016633	0.014972
8.4754	10	-0.011485	0.017909
9.9417	10	0	-0
11.408	10	0	-0
12.874	10	0	-0
14.341	10	0	-0
15.807	10	0	-0
-14.985	8.534	0	-0
-13.519	8.534	0	-0
-12.053	8.534	0	-0
-10.587	8.534	0	-0
-9.1202	8.534	0	-0
-7.6539	8.534	0	-0
-6.1876	8.534	0	-0
-4.7213	8.534	0	-0
-3.255	8.534	0	-0
-1.7887	8.534	-0.0072316	-0.0066596
-0.32241	8.534	-0.010356	-0.0030424
1.1439	8.534	-0.011439	0.00051229
2.6102	8.534	-0.01145	0.0035668
4.0765	8.534	-0.011992	0.0062181
5.5428	8.534	-0.013064	0.0098047
7.0091	8.534	-0.013353	0.012989
8.4754	8.534	-0.0098646	0.015711
9.9417	8.534	0	-0
11.408	8.534	0	-0
12.874	8.534	0	-0
14.341	8.534	0	-0
15.807	8.534	0	-0
-14.985	7.0677	0	-0
-13.519	7.0677	0	-0
-12.053	7.0677	0	-0
-10.587	7.0677	0	-0
-9.1202	7.0677	0	-0
-7.6539	7.0677	0	-0
-6.1876	7.0677	0	-0
-4.7213	7.0677	0	-0
-3.255	7.0677	0	-0
-1.7887	7.0677	-0.0053953	-0.0072967
-0.32241	7.0677	-0.007318	-0.0041785
1.1439	7.0677	-0.0081326	-0.0006781
2.6102	7.0677	-0.0082749	0.002236
4.0765	7.0677	-0.0086992	0.00507
5.5428	7.0677	-0.0096373	0.0078669
7.0091	7.0677	-0.0098278	0.011036
8.4754	7.0677	-0.0074246	0.013532
9.9417	7.0677	0	-0
11.408	7.0677	0	-0
12.874	7.0677	0	-0
14.341	7.0677	0	-0
15.807	7.0677	0	-0
-14.985	5.6014	0	-0
-13.519	5.6014	0	-0
-12.053	5.6014	0	-0
-10.587	5.6014	0	-0
-9.1202	5.6014	0	-0
-7.6539	5.6014	0	-0
-6.1876	5.6014	0	-0
-4.7213	5.6014	0	-0
-3.255	5.6014	0	-0
-1.7887	5.6014	-0.0034818	-0.0082751
-0.32241	5.6014	-0.0049263	-0.0051243
1.1439	5.6014	-0.004483	-0.0016751
2.6102	5.6014	-0.0049584	0.0011479
4.0765	5.6014	-0.0049288	0.0033758
5.5428	5.6014	-0.0062262	0.0065359
7.0091	5.6014	-0.0065871	0.0087903
8.4754	5.6014	-0.0056196	0.011394
9.9417	5.6014	0	-0
11.408	5.6014	0	-0
12.874	5.6014	0	-0
14.341	5.6014	0	-0
15.807	5.6014	0	-0
-14.985	4.1351	0	-0
-13.519	4.1351	0	-0
-12.053	4.1351	0	-0
-10.587	4.1351	0	-0
-9.1202	4.1351	0	-0
-7.6539	4.1351	0	-0
-6.1876	4.1351	0	-0
-4.7213	4.1351	0	-0
-3.255	4.1351	0	-0
-1.7887	4.1351	-0.0020344	-0.0087788
-0.32241	4.1351	-0.0022094	-0.0059253
1.1439	4.1351	-0.00229	-0.0031826
2.6102	4.1351	-0.0028245	-0.00012476
4.0765	4.1351	-0.0023864	0.0019404
5.5428	4.1351	-0.0036325	0.0049621
7.0091	4.1351	-0.0039078	0.0070789
8.4754	4.1351	-0.0037796	0.0089528
9.9417	4.1351	0	-0
11.408	4.1351	0	-0
12.874	4.1351	0	-0
14.341	4.1351	0	-0
15.807	4.1351	0	-0
-14.985	2.6688	0	-0
-13.519	2.6688	0	-0
-12.053	2.6688	0	-0
-10.587	2.6688	0	-0
-9.1202	2.6688	0	-0
-7.6539	2.6688	0	-0
-6.1876	2.6688	0	-0
-4.7213	2.6688	0	-0
-3.255	2.6688	0	-0
-1.7887	2.6688	0.00010261	-0.0093323
-0.32241	2.6688	0.00056432	-0.0067643
1.1439	2.6688	0.00015944	-0.00418
2.6102	2.6688	-0.00034159	-0.00082451
4.0765	2.6688	-0.00052272	0.0016357
5.5428	2.6688	-0.0012694	0.0032575
7.0091	2.6688	-0.0016206	0.0051047
8.4754	2.6688	-0.0020242	0.0071541
9.9417	2.6688	0	-0
11.408	2.6688	0	-0
12.874	2.6688	0	-0
14.341	2.6688	0	-0
15.807	2.6688	0	-0
-14.985	1.2025	0	-0
-13.519	1.2025	0	-0
-12.053	1.2025	0	-0
-10.587	1.2025	0	-0
-9.1202	1.2025	0	-0
-7.6539	1.2025	0	-0
-6.1876	1.2025	0	-0
-4.7213	1.2025	0	-0
-3.255	1.2025	0	-0
-1.7887	1.2025	0.0024212	-0.010302
-0.32241	1.2025	0.002898	-0.0078467
1.1439	1.2025	0.0028188	-0.0052338
2.6102	1.2025	0.0021536	-0.0028683
4.0765	1.2025	0.0022769	-0.0001656
5.5428	1.2025	0.0012675	0.0018625
7.0091	1.2025	0.00069335	0.0034005
8.4754	1.2025	0.00025706	0.0050038
9.9417	1.2025	0	-0
11.408	1.2025	0	-0
12.874	1.2025	0	-0
14.341	1.2025	0	-0
15.807	1.2025	0	-0
-14.985	-0.2638	0	-0
-13.519	-0.2638	0	-0
-12.053	-0.2638	0	-0
-10.587	-0.2638	0	-0
-9.1202	-0.2638	0	-0
-7.6539	-0.2638	0	-0
-6.1876	-0.2638	0	-0
-4.7213	-0.2638	0	-0
-3.255	-0.2638	0	-0
-1.7887	-0.2638	0.004035	-0.011413
-0.32241	-0.2638	0.0051973	-0.0092329
1.1439	-0.2638	0.0051682	-0.0070989
2.6102	-0.2638	0.0044572	-0.0044806
4.0765	-0.2638	0.0041526	-0.0017301
5.5428	-0.2638	0.0033437	-7.1877e-005
7.0091	-0.2638	0.0025963	0.0014273
8.4754	-0.2638	0.0021918	0.0033548
9.9417	-0.2638	0	-0
11.408	-0.2638	0	-0
12.874	-0.2638	0	-0
14.341	-0.2638	0	-0
15.807	-0.2638	0	-0
-14.985	-1.7301	0	-0
-13.519	-1.7301	0	-0
-12.053	-1.7301	0	-0
-10.587	-1.7301	0	-0
-9.1202	-1.7301	0	-0
-7.6539	-1.7301	0	-0
-6.1876	-1.7301	0	-0
-4.7213	-1.7301	0	-0
-3.255	-1.7301	0	-0
-1.7887	-1.7301	0.0057525	-0.01262
-0.32241	-1.7301	0.0068864	-0.010706
1.1439	-1.7301	0.0091691	-0.010691
2.6102	-1.7301	0.0060202	-0.0068377
4.0765	-1.7301	0.0057088	-0.0043276
5.5428	-1.7301	0.0050268	-0.0023277
7.0091	-1.7301	0.0045987	-0.0004508
8.4754	-1.7301	0.0039866	0.0015992
9.9417	-1.7301	0	-0
11.408	-1.7301	0	-0
12.874	-1.7301	0	-0
14.341	-1.7301	0	-0
15.807	-1.7301	0	-0
-14.985	-3.1964	0	-0
-13.519	-3.1964	0	-0
-12.053	-3.1964	0	-0
-10.587	-3.1964	0	-0
-9.1202	-3.1964	0	-0
-7.6539	-3.1964	0	-0
-6.1876	-3.1964	0	-0
-4.7213	-3.1964	0	-0
-3.255	-3.1964	0	-0
-1.7887	-3.1964	0.0043202	-0.014354
-0.32241	-3.1964	0.0086882	-0.012463
1.1439	-3.1964	0.0085313	-0.010615
2.6102	-3.1964	0.0075494	-0.0085531
4.0765	-3.1964	0.0069798	-0.0062088
5.5428	-3.1964	0.0065145	-0.004181
7.0091	-3.1964	0.00651	-0.0022235
8.4754	-3.1964	0.0053847	-0.00021937
9.9417	-3.1964	0	-0
11.408	-3.1964	0	-0
12.874	-3.1964	0	-0
14.341	-3.1964	0	-0
15.807	-3.1964	0	-0
-14.985	-4.6627	0	-0
-13.519	-4.6627	0	-0
-12.053	-4.6627	0	-0
-10.587	-4.6627	0	-0
-9.1202	-4.6627	0	-0
-7.6539	-4.6627	0	-0
-6.1876	-4.6627	0	-0
-4.7213	-4.6627	0	-0
-3.255	-4.6627	0	-0
-1.7887	-4.6627	0.0014793	-0.015415
-0.32241	-4.6627	0.0096044	-0.013796
1.1439	-4.6627	0.0097963	-0.012223
2.6102	-4.6627	0.0092755	-0.01027
4.0765	-4.6627	0.0084913	-0.0083511
5.5428	-4.6627	0.0084527	-0.0061571
7.0091	-4.6627	0.0082812	-0.0037793
8.4754	-4.6627	0.0059682	-0.0020581
9.9417	-4.6627	0	-0
11.408	-4.6627	0	-0
12.874	-4.6627	0	-0
14.341	-4.6627	0	-0
15.807	-4.6627	0	-0
-14.985	-6.129	0	-0
-13.519	-6.129	0	-0
-12.053	-6.129	0	-0
-10.587	-6.129	0	-0
-9.1202	-6.129	0	-0
-7.6539	-6.129	0	-0
-6.1876	-6.129	0	-0
-4.7213	-6.129	0	-0
-3.255	-6.129	0	-0
-1.7887	-6.129	0.00636	-0.016602
-0.32241	-6.129	0.010745	-0.014878
1.1439	-6.129	0.011149	-0.0134
2.6102	-6.129	0.010645	-0.011861
4.0765	-6.129	0.010203	-0.0098504
5.5428	-6.129	0.010206	-0.0075513
7.0091	-6.129	0.0096563	-0.0058057
8.4754	-6.129	0.0078504	-0.0043431
9.9417	-6.129	0	-0
11.408	-6.129	0	-0
12.874	-6.129	0	-0
14.341	-6.129	0	-0
15.807	-6.129	0	-0
-14.985	-7.5953	0	-0
-13.519	-7.5953	0	-0
-12.053	-7.5953	0	-0
-10.587	-7.5953	0	-0
-9.1202	-7.5953	0	-0
-7.6539	-7.5953	0	-0
-6.1876	-7.5953	0	-0
-4.7213	-7.5953	0	-0
-3.255	-7.5953	0	-0
-1.7887	-7.5953	0.0090983	-0.017136
-0.32241	-7.5953	0.011837	-0.015921
1.1439	-7.5953	0.012164	-0.014515
2.6102	-7.5953	0.011646	-0.013097
4.0765	-7.5953	0.011526	-0.011046
5.5428	-7.5953	0.011233	-0.0090669
7.0091	-7.5953	0.010769	-0.0075976
8.4754	-7.5953	0.0089322	-0.0063469
9.9417	-7.5953	0	-0
11.408	-7.5953	0	-0
12.874	-7.5953	0	-0
14.341	-7.5953	0	-0
15.807	-7.5953	0	-0
-14.985	-9.0616	0	-0
-13.519	-9.0616	0	-0
-12.053	-9.0616	0	-0
-10.587	-9.0616	0	-0
-9.1202	-9.0616	0	-0
-7.6539	-9.0616	0	-0
-6.1876	-9.0616	0	-0
-4.7213	-9.0616	0	-0
-3.255	-9.0616	0	-0
-1.7887	-9.0616	0.0097787	-0.018118
-0.32241	-9.0616	0.012803	-0.016842
1.1439	-9.0616	0.012773	-0.015535
2.6102	-9.0616	0.012813	-0.014217
4.0765	-9.0616	0.012563	-0.012987
5.5428	-9.0616	0.012378	-0.011192
7.0091	-9.0616	0.011949	-0.0095972
8.4754	-9.0616	0.01018	-0.008802
9.9417	-9.0616	0	-0
11.408	-9.0616	0	-0
12.874	-9.0616	0	-0
14.341	-9.0616	0	-0
15.807	-9.0616	0	-0
-14.985	-10.528	0	-0
-13.519	-10.528	0	-0
-12.053	-10.528	0	-0
-10.587	-10.528	0	-0
-9.1202	-10.528	0	-0
-7.6539	-10.528	0	-0
-6.1876	-10.528	0	-0
-4.7213	-10.528	0	-0
-3.255	-10.528	0	-0
-1.7887	-10.528	0.01087	-0.018844
-0.32241	-10.528	0.013096	-0.017707
1.1439	-10.528	0.013195	-0.016414
2.6102	-10.528	0.013519	-0.014949
4.0765	-10.528	0.013041	-0.01356
5.5428	-10.528	0.01292	-0.011352
7.0091	-10.528	0.01299	-0.01064
8.4754	-10.528	0.011614	-0.008296
9.9417	-10.528	0	-0
11.408	-10.528	0	-0
12.874	-10.528	0	-0
14.341	-10.528	0	-0
15.807	-10.528	0	-0
-14.985	-11.994	0	-0
-13.519	-11.994	0	-0
-12.053	-11.994	0	-0
-10.587	-11.994	0	-0
-9.1202	-11.994	0	-0
-7.6539	-11.994	0	-0
-6.1876	-11.994	0	-0
-4.7213	-11.994	0	-0
-3.255	-11.994	0	-0
-1.7887	-11.994	0	-0
-0.32241	-11.994	0	-0
1.1439	-11.994	0	-0
2.6102	-11.994	0	-0
4.0765	-11.994	0	-0
5.5428	-11.994	0	-0
7.0091	-11.994	0	-0
8.4754	-11.994	0	-0
9.9417	-11.994	0	-0
11.408	-11.994	0	-0
12.874	-11.994	0	-0
14.341	-11.994	0	-0
15.807	-11.994	0	-0
