#DaVis 7.4.0 2D-vector 96 22 22 "" "[mm]" "" "[mm]" "displacement" "[mm]"
-14.985	18.798	0	-0
-13.519	18.798	0	-0
-12.053	18.798	0	-0
-10.587	18.798	0	-0
-9.1202	18.798	0	-0
-7.6539	18.798	0	-0
-6.1876	18.798	0	-0
-4.7213	18.798	0	-0
-3.255	18.798	0	-0
-1.7887	18.798	-0.018087	0.0020049
-0.32241	18.798	-0.021847	0.004179
1.1439	18.798	-0.022343	0.0054609
2.6102	18.798	-0.023125	0.0068034
4.0765	18.798	-0.023852	0.0087897
5.5428	18.798	-0.023751	0.013073
7.0091	18.798	-0.023712	0.014101
8.4754	18.798	-0.0051389	0.016876
9.9417	18.798	0	-0
11.408	18.798	0	-0
12.874	18.798	0	-0
14.341	18.798	0	-0
15.807	18.798	0	-0
-14.985	17.332	0	-0
-13.519	17.332	0	-0
-12.053	17.332	0	-0
-10.587	17.332	0	-0
-9.1202	17.332	0	-0
-7.6539	17.332	0	-0
-6.1876	17.332	0	-0
-4.7213	17.332	0	-0
-3.255	17.332	0	-0
-1.7887	17.332	-0.016812	0.00064485
-0.32241	17.332	-0.020888	0.0034906
1.1439	17.332	-0.021044	0.0054604
2.6102	17.332	-0.021444	0.0077404
4.0765	17.332	-0.022248	0.01018
5.5428	17.332	-0.022306	0.012194
7.0091	17.332	-0.021829	0.014033
8.4754	17.332	-0.0048516	0.016068
9.9417	17.332	0	-0
11.408	17.332	0	-0
12.874	17.332	0	-0
14.341	17.332	0	-0
15.807	17.332	0	-0
-14.985	15.866	0	-0
-13.519	15.866	0	-0
-12.053	15.866	0	-0
-10.587	15.866	0	-0
-9.1202	15.866	0	-0
-7.6539	15.866	0	-0
-6.1876	15.866	0	-0
-4.7213	15.866	0	-0
-3.255	15.866	0	-0
-1.7887	15.866	-0.015011	-0.00021656
-0.32241	15.866	-0.018761	0.0021685
1.1439	15.866	-0.019419	0.0043996
2.6102	15.866	-0.018846	0.0066719
4.0765	15.866	-0.019527	0.0093653
5.5428	15.866	-0.020814	0.011499
7.0091	15.866	-0.020392	0.013089
8.4754	15.866	-0.0078543	0.01531
9.9417	15.866	0	-0
11.408	15.866	0	-0
12.874	15.866	0	-0
14.341	15.866	0	-0
15.807	15.866	0	-0
-14.985	14.399	0	-0
-13.519	14.399	0	-0
-12.053	14.399	0	-0
-10.587	14.399	0	-0
-9.1202	14.399	0	-0
-7.6539	14.399	0	-0
-6.1876	14.399	0	-0
-4.7213	14.399	0	-0
-3.255	14.399	0	-0
-1.7887	14.399	-0.012052	-0.0013879
-0.32241	14.399	-0.016603	0.0012014
1.1439	14.399	-0.01714	0.0029194
2.6102	14.399	-0.01727	0.0056611
4.0765	14.399	-0.017393	0.0083235
5.5428	14.399	-0.018787	0.010194
7.0091	14.399	-0.018791	0.012316
8.4754	14.399	-0.010933	0.013664
9.9417	14.399	0	-0
11.408	14.399	0	-0
12.874	14.399	0	-0
14.341	14.399	0	-0
15.807	14.399	0	-0
-14.985	12.933	0	-0
-13.519	12.933	0	-0
-12.053	12.933	0	-0
-10.587	12.933	0	-0
-9.1202	12.933	0	-0
-7.6539	12.933	0	-0
-6.1876	12.933	0	-0
-4.7213	12.933	0	-0
-3.255	12.933	0	-0
-1.7887	12.933	-0.0099992	-0.0022514
-0.32241	12.933	-0.014076	-1.0413e-005
1.1439	12.933	-0.014608	0.001975
2.6102	12.933	-0.014995	0.0045275
4.0765	12.933	-0.01541	0.0072475
5.5428	12.933	-0.016376	0.0092616
7.0091	12.933	-0.016006	0.01106
8.4754	12.933	-0.010297	0.012645
9.9417	12.933	0	-0
11.408	12.933	0	-0
12.874	12.933	0	-0
14.341	12.933	0	-0
15.807	12.933	0	-0
-14.985	11.467	0	-0
-13.519	11.467	0	-0
-12.053	11.467	0	-0
-10.587	11.467	0	-0
-9.1202	11.467	0	-0
-7.6539	11.467	0	-0
-6.1876	11.467	0	-0
-4.7213	11.467	0	-0
-3.255	11.467	0	-0
-1.7887	11.467	-0.0081301	-0.0031933
-0.32241	11.467	-0.011345	-0.00099254
1.1439	11.467	-0.01228	0.0014941
2.6102	11.467	-0.012529	0.0038786
4.0765	11.467	-0.013107	0.0062485
5.5428	11.467	-0.013778	0.0083577
7.0091	11.467	-0.013499	0.010248
8.4754	11.467	-0.0090865	0.012214
9.9417	11.467	0	-0
11.408	11.467	0	-0
12.874	11.467	0	-0
14.341	11.467	0	-0
15.807	11.467	0	-0
-14.985	10	0	-0
-13.519	10	0	-0
-12.053	10	0	-0
-10.587	10	0	-0
-9.1202	10	0	-0
-7.6539	10	0	-0
-6.1876	10	0	-0
-4.7213	10	0	-0
-3.255	10	0	-0
-1.7887	10	-0.0062837	-0.0042875
-0.32241	10	-0.0089822	-0.0014137
1.1439	10	-0.010046	0.0006718
2.6102	10	-0.010096	0.002868
4.0765	10	-0.010532	0.0049238
5.5428	10	-0.011406	0.0071744
7.0091	10	-0.011357	0.0091793
8.4754	10	-0.0080479	0.011257
9.9417	10	0	-0
11.408	10	0	-0
12.874	10	0	-0
14.341	10	0	-0
15.807	10	0	-0
-14.985	8.534	0	-0
-13.519	8.534	0	-0
-12.053	8.534	0	-0
-10.587	8.534	0	-0
-9.1202	8.534	0	-0
-7.6539	8.534	0	-0
-6.1876	8.534	0	-0
-4.7213	8.534	0	-0
-3.255	8.534	0	-0
-1.7887	8.534	-0.0052679	-0.0048037
-0.32241	8.534	-0.0071445	-0.002231
1.1439	8.534	-0.007849	-0.00020883
2.6102	8.534	-0.0078456	0.0018666
4.0765	8.534	-0.0080948	0.0036011
5.5428	8.534	-0.0092482	0.0058299
7.0091	8.534	-0.0092138	0.0081233
8.4754	8.534	-0.0070954	0.010013
9.9417	8.534	0	-0
11.408	8.534	0	-0
12.874	8.534	0	-0
14.341	8.534	0	-0
15.807	8.534	0	-0
-14.985	7.0677	0	-0
-13.519	7.0677	0	-0
-12.053	7.0677	0	-0
-10.587	7.0677	0	-0
-9.1202	7.0677	0	-0
-7.6539	7.0677	0	-0
-6.1876	7.0677	0	-0
-4.7213	7.0677	0	-0
-3.255	7.0677	0	-0
-1.7887	7.0677	-0.0042749	-0.0053514
-0.32241	7.0677	-0.0052142	-0.0031563
1.1439	7.0677	-0.0054021	-0.00076231
2.6102	7.0677	-0.0058393	0.0012555
4.0765	7.0677	-0.0061572	0.0031988
5.5428	7.0677	-0.0068729	0.0050879
7.0091	7.0677	-0.0071187	0.0073522
8.4754	7.0677	-0.0059553	0.0091037
9.9417	7.0677	0	-0
11.408	7.0677	0	-0
12.874	7.0677	0	-0
14.341	7.0677	0	-0
15.807	7.0677	0	-0
-14.985	5.6014	0	-0
-13.519	5.6014	0	-0
-12.053	5.6014	0	-0
-10.587	5.6014	0	-0
-9.1202	5.6014	0	-0
-7.6539	5.6014	0	-0
-6.1876	5.6014	0	-0
-4.7213	5.6014	0	-0
-3.255	5.6014	0	-0
-1.7887	5.6014	-0.0028832	-0.0059454
-0.32241	5.6014	-0.0032967	-0.0037442
1.1439	5.6014	-0.0033314	-0.0011713
2.6102	5.6014	-0.0037055	0.00075301
4.0765	5.6014	-0.0036935	0.0022463
5.5428	5.6014	-0.004491	0.0045621
7.0091	5.6014	-0.0049444	0.0061626
8.4754	5.6014	-0.004797	0.0078282
9.9417	5.6014	0	-0
11.408	5.6014	0	-0
12.874	5.6014	0	-0
14.341	5.6014	0	-0
15.807	5.6014	0	-0
-14.985	4.1351	0	-0
-13.519	4.1351	0	-0
-12.053	4.1351	0	-0
-10.587	4.1351	0	-0
-9.1202	4.1351	0	-0
-7.6539	4.1351	0	-0
-6.1876	4.1351	0	-0
-4.7213	4.1351	0	-0
-3.255	4.1351	0	-0
-1.7887	4.1351	-0.0014544	-0.0062806
-0.32241	4.1351	-0.0014729	-0.0041176
1.1439	4.1351	-0.0017652	-0.0021435
2.6102	4.1351	-0.002085	4.7856e-005
4.0765	4.1351	-0.0019172	0.0015118
5.5428	4.1351	-0.0027338	0.0036208
7.0091	4.1351	-0.0029052	0.0051916
8.4754	4.1351	-0.0032673	0.0066831
9.9417	4.1351	0	-0
11.408	4.1351	0	-0
12.874	4.1351	0	-0
14.341	4.1351	0	-0
15.807	4.1351	0	-0
-14.985	2.6688	0	-0
-13.519	2.6688	0	-0
-12.053	2.6688	0	-0
-10.587	2.6688	0	-0
-9.1202	2.6688	0	-0
-7.6539	2.6688	0	-0
-6.1876	2.6688	0	-0
-4.7213	2.6688	0	-0
-3.255	2.6688	0	-0
-1.7887	2.6688	0.00012987	-0.0067599
-0.32241	2.6688	0.00022121	-0.0048553
1.1439	2.6688	9.9663e-005	-0.0028287
2.6102	2.6688	-0.00045047	-0.00037702
4.0765	2.6688	-0.00061322	0.0013874
5.5428	2.6688	-0.0010467	0.0026067
7.0091	2.6688	-0.0012354	0.003984
8.4754	2.6688	-0.0016252	0.0057346
9.9417	2.6688	0	-0
11.408	2.6688	0	-0
12.874	2.6688	0	-0
14.341	2.6688	0	-0
15.807	2.6688	0	-0
-14.985	1.2025	0	-0
-13.519	1.2025	0	-0
-12.053	1.2025	0	-0
-10.587	1.2025	0	-0
-9.1202	1.2025	0	-0
-7.6539	1.2025	0	-0
-6.1876	1.2025	0	-0
-4.7213	1.2025	0	-0
-3.255	1.2025	0	-0
-1.7887	1.2025	0.001969	-0.0075141
-0.32241	1.2025	0.0019223	-0.005602
1.1439	1.2025	0.0018194	-0.0036106
2.6102	1.2025	0.0013179	-0.0016139
4.0765	1.2025	0.0013783	0.0003529
5.5428	1.2025	0.00074583	0.0018278
7.0091	1.2025	0.0003474	0.0031648
8.4754	1.2025	0.00015161	0.0045502
9.9417	1.2025	0	-0
11.408	1.2025	0	-0
12.874	1.2025	0	-0
14.341	1.2025	0	-0
15.807	1.2025	0	-0
-14.985	-0.2638	0	-0
-13.519	-0.2638	0	-0
-12.053	-0.2638	0	-0
-10.587	-0.2638	0	-0
-9.1202	-0.2638	0	-0
-7.6539	-0.2638	0	-0
-6.1876	-0.2638	0	-0
-4.7213	-0.2638	0	-0
-3.255	-0.2638	0	-0
-1.7887	-0.2638	0.0030879	-0.0081602
-0.32241	-0.2638	0.0037851	-0.0065123
1.1439	-0.2638	0.0038297	-0.0044575
2.6102	-0.2638	0.0029328	-0.0025527
4.0765	-0.2638	0.002833	-0.0006026
5.5428	-0.2638	0.0023477	0.00070672
7.0091	-0.2638	0.0018956	0.0020556
8.4754	-0.2638	0.001579	0.0036496
9.9417	-0.2638	0	-0
11.408	-0.2638	0	-0
12.874	-0.2638	0	-0
14.341	-0.2638	0	-0
15.807	-0.2638	0	-0
-14.985	-1.7301	0	-0
-13.519	-1.7301	0	-0
-12.053	-1.7301	0	-0
-10.587	-1.7301	0	-0
-9.1202	-1.7301	0	-0
-7.6539	-1.7301	0	-0
-6.1876	-1.7301	0	-0
-4.7213	-1.7301	0	-0
-3.255	-1.7301	0	-0
-1.7887	-1.7301	0.0043675	-0.0092315
-0.32241	-1.7301	0.0051864	-0.0075101
1.1439	-1.7301	0.0071584	-0.0074104
2.6102	-1.7301	0.0047319	-0.0035562
4.0765	-1.7301	0.0043355	-0.0021382
5.5428	-1.7301	0.0038776	-0.00063893
7.0091	-1.7301	0.0034714	0.0010056
8.4754	-1.7301	0.0030485	0.0026461
9.9417	-1.7301	0	-0
11.408	-1.7301	0	-0
12.874	-1.7301	0	-0
14.341	-1.7301	0	-0
15.807	-1.7301	0	-0
-14.985	-3.1964	0	-0
-13.519	-3.1964	0	-0
-12.053	-3.1964	0	-0
-10.587	-3.1964	0	-0
-9.1202	-3.1964	0	-0
-7.6539	-3.1964	0	-0
-6.1876	-3.1964	0	-0
-4.7213	-3.1964	0	-0
-3.255	-3.1964	0	-0
-1.7887	-3.1964	0.0053134	-0.010262
-0.32241	-3.1964	0.0066891	-0.0087706
1.1439	-3.1964	0.0065748	-0.0070155
2.6102	-3.1964	0.0058377	-0.0050477
4.0765	-3.1964	0.005494	-0.0031197
5.5428	-3.1964	0.0051496	-0.001484
7.0091	-3.1964	0.0050039	2.4892e-005
8.4754	-3.1964	0.0044232	0.0016645
9.9417	-3.1964	0	-0
11.408	-3.1964	0	-0
12.874	-3.1964	0	-0
14.341	-3.1964	0	-0
15.807	-3.1964	0	-0
-14.985	-4.6627	0	-0
-13.519	-4.6627	0	-0
-12.053	-4.6627	0	-0
-10.587	-4.6627	0	-0
-9.1202	-4.6627	0	-0
-7.6539	-4.6627	0	-0
-6.1876	-4.6627	0	-0
-4.7213	-4.6627	0	-0
-3.255	-4.6627	0	-0
-1.7887	-4.6627	0.0059294	-0.010952
-0.32241	-4.6627	0.0076082	-0.0096792
1.1439	-4.6627	0.0075921	-0.0080264
2.6102	-4.6627	0.0073853	-0.006222
4.0765	-4.6627	0.0067526	-0.0044131
5.5428	-4.6627	0.0065076	-0.0026172
7.0091	-4.6627	0.0064291	-0.00085929
8.4754	-4.6627	0.0049458	0.0006817
9.9417	-4.6627	0	-0
11.408	-4.6627	0	-0
12.874	-4.6627	0	-0
14.341	-4.6627	0	-0
15.807	-4.6627	0	-0
-14.985	-6.129	0	-0
-13.519	-6.129	0	-0
-12.053	-6.129	0	-0
-10.587	-6.129	0	-0
-9.1202	-6.129	0	-0
-7.6539	-6.129	0	-0
-6.1876	-6.129	0	-0
-4.7213	-6.129	0	-0
-3.255	-6.129	0	-0
-1.7887	-6.129	0.0057569	-0.012167
-0.32241	-6.129	0.0086472	-0.010379
1.1439	-6.129	0.0091077	-0.0089105
2.6102	-6.129	0.0086053	-0.007384
4.0765	-6.129	0.008252	-0.0055643
5.5428	-6.129	0.0081164	-0.0035531
7.0091	-6.129	0.007686	-0.0020162
8.4754	-6.129	0.0060571	-0.00064971
9.9417	-6.129	0	-0
11.408	-6.129	0	-0
12.874	-6.129	0	-0
14.341	-6.129	0	-0
15.807	-6.129	0	-0
-14.985	-7.5953	0	-0
-13.519	-7.5953	0	-0
-12.053	-7.5953	0	-0
-10.587	-7.5953	0	-0
-9.1202	-7.5953	0	-0
-7.6539	-7.5953	0	-0
-6.1876	-7.5953	0	-0
-4.7213	-7.5953	0	-0
-3.255	-7.5953	0	-0
-1.7887	-7.5953	0.0073047	-0.012491
-0.32241	-7.5953	0.0098283	-0.011179
1.1439	-7.5953	0.010119	-0.0097276
2.6102	-7.5953	0.0096628	-0.0081824
4.0765	-7.5953	0.009555	-0.006225
5.5428	-7.5953	0.0093029	-0.0045109
7.0091	-7.5953	0.0089316	-0.0030303
8.4754	-7.5953	0.0072751	-0.0016586
9.9417	-7.5953	0	-0
11.408	-7.5953	0	-0
12.874	-7.5953	0	-0
14.341	-7.5953	0	-0
15.807	-7.5953	0	-0
-14.985	-9.0616	0	-0
-13.519	-9.0616	0	-0
-12.053	-9.0616	0	-0
-10.587	-9.0616	0	-0
-9.1202	-9.0616	0	-0
-7.6539	-9.0616	0	-0
-6.1876	-9.0616	0	-0
-4.7213	-9.0616	0	-0
-3.255	-9.0616	0	-0
-1.7887	-9.0616	0.0080841	-0.013139
-0.32241	-9.0616	0.011014	-0.01176
1.1439	-9.0616	0.010916	-0.010342
2.6102	-9.0616	0.011114	-0.0089971
4.0765	-9.0616	0.010559	-0.0076932
5.5428	-9.0616	0.010497	-0.0058644
7.0091	-9.0616	0.010115	-0.0041717
8.4754	-9.0616	0.0083939	-0.0030853
9.9417	-9.0616	0	-0
11.408	-9.0616	0	-0
12.874	-9.0616	0	-0
14.341	-9.0616	0	-0
15.807	-9.0616	0	-0
-14.985	-10.528	0	-0
-13.519	-10.528	0	-0
-12.053	-10.528	0	-0
-10.587	-10.528	0	-0
-9.1202	-10.528	0	-0
-7.6539	-10.528	0	-0
-6.1876	-10.528	0	-0
-4.7213	-10.528	0	-0
-3.255	-10.528	0	-0
-1.7887	-10.528	0.0095374	-0.013484
-0.32241	-10.528	0.011765	-0.01209
1.1439	-10.528	0.011747	-0.010673
2.6102	-10.528	0.012104	-0.0091424
4.0765	-10.528	0.01156	-0.007779
5.5428	-10.528	0.01139	-0.0055031
7.0091	-10.528	0.011367	-0.0051368
8.4754	-10.528	0.010181	-0.0037641
9.9417	-10.528	0	-0
11.408	-10.528	0	-0
12.874	-10.528	0	-0
14.341	-10.528	0	-0
15.807	-10.528	0	-0
-14.985	-11.994	0	-0
-13.519	-11.994	0	-0
-12.053	-11.994	0	-0
-10.587	-11.994	0	-0
-9.1202	-11.994	0	-0
-7.6539	-11.994	0	-0
-6.1876	-11.994	0	-0
-4.7213	-11.994	0	-0
-3.255	-11.994	0	-0
-1.7887	-11.994	0	-0
-0.32241	-11.994	0	-0
1.1439	-11.994	0	-0
2.6102	-11.994	0	-0
4.0765	-11.994	0	-0
5.5428	-11.994	0	-0
7.0091	-11.994	0	-0
8.4754	-11.994	0	-0
9.9417	-11.994	0	-0
11.408	-11.994	0	-0
12.874	-11.994	0	-0
14.341	-11.994	0	-0
15.807	-11.994	0	-0
