#DaVis 7.4.0 2D-vector 96 22 22 "" "[mm]" "" "[mm]" "displacement" "[mm]"
-14.985	18.798	0	-0
-13.519	18.798	0	-0
-12.053	18.798	0	-0
-10.587	18.798	0	-0
-9.1202	18.798	0	-0
-7.6539	18.798	0	-0
-6.1876	18.798	0	-0
-4.7213	18.798	0	-0
-3.255	18.798	0	-0
-1.7887	18.798	-0.033394	0.0030738
-0.32241	18.798	-0.037746	0.0073586
1.1439	18.798	-0.037877	0.010078
2.6102	18.798	-0.038816	0.014325
4.0765	18.798	-0.040073	0.014619
5.5428	18.798	-0.038768	0.019774
7.0091	18.798	-0.03829	0.020507
8.4754	18.798	-0.013614	0.024158
9.9417	18.798	0	-0
11.408	18.798	0	-0
12.874	18.798	0	-0
14.341	18.798	0	-0
15.807	18.798	0	-0
-14.985	17.332	0	-0
-13.519	17.332	0	-0
-12.053	17.332	0	-0
-10.587	17.332	0	-0
-9.1202	17.332	0	-0
-7.6539	17.332	0	-0
-6.1876	17.332	0	-0
-4.7213	17.332	0	-0
-3.255	17.332	0	-0
-1.7887	17.332	-0.029971	0.0015211
-0.32241	17.332	-0.034385	0.0070073
1.1439	17.332	-0.034726	0.010465
2.6102	17.332	-0.035235	0.014706
4.0765	17.332	-0.036284	0.018837
5.5428	17.332	-0.036138	0.021768
7.0091	17.332	-0.035299	0.024632
8.4754	17.332	-0.016085	0.027753
9.9417	17.332	0	-0
11.408	17.332	0	-0
12.874	17.332	0	-0
14.341	17.332	0	-0
15.807	17.332	0	-0
-14.985	15.866	0	-0
-13.519	15.866	0	-0
-12.053	15.866	0	-0
-10.587	15.866	0	-0
-9.1202	15.866	0	-0
-7.6539	15.866	0	-0
-6.1876	15.866	0	-0
-4.7213	15.866	0	-0
-3.255	15.866	0	-0
-1.7887	15.866	-0.026179	0.00017328
-0.32241	15.866	-0.03002	0.0048359
1.1439	15.866	-0.031394	0.0088709
2.6102	15.866	-0.030771	0.013148
4.0765	15.866	-0.031147	0.017074
5.5428	15.866	-0.0338	0.020645
7.0091	15.866	-0.032555	0.02325
8.4754	15.866	-0.016527	0.026591
9.9417	15.866	0	-0
11.408	15.866	0	-0
12.874	15.866	0	-0
14.341	15.866	0	-0
15.807	15.866	0	-0
-14.985	14.399	0	-0
-13.519	14.399	0	-0
-12.053	14.399	0	-0
-10.587	14.399	0	-0
-9.1202	14.399	0	-0
-7.6539	14.399	0	-0
-6.1876	14.399	0	-0
-4.7213	14.399	0	-0
-3.255	14.399	0	-0
-1.7887	14.399	-0.020487	-0.0016327
-0.32241	14.399	-0.026572	0.0030856
1.1439	14.399	-0.02731	0.0062942
2.6102	14.399	-0.02696	0.01057
4.0765	14.399	-0.027281	0.014973
5.5428	14.399	-0.02962	0.018344
7.0091	14.399	-0.029798	0.021426
8.4754	14.399	-0.011494	0.023925
9.9417	14.399	0	-0
11.408	14.399	0	-0
12.874	14.399	0	-0
14.341	14.399	0	-0
15.807	14.399	0	-0
-14.985	12.933	0	-0
-13.519	12.933	0	-0
-12.053	12.933	0	-0
-10.587	12.933	0	-0
-9.1202	12.933	0	-0
-7.6539	12.933	0	-0
-6.1876	12.933	0	-0
-4.7213	12.933	0	-0
-3.255	12.933	0	-0
-1.7887	12.933	-0.0046813	-0.0018559
-0.32241	12.933	-0.022589	0.0010202
1.1439	12.933	-0.023122	0.0043566
2.6102	12.933	-0.023519	0.0085757
4.0765	12.933	-0.023606	0.012893
5.5428	12.933	-0.025202	0.016157
7.0091	12.933	-0.025289	0.019054
8.4754	12.933	-0.0088561	0.021488
9.9417	12.933	0	-0
11.408	12.933	0	-0
12.874	12.933	0	-0
14.341	12.933	0	-0
15.807	12.933	0	-0
-14.985	11.467	0	-0
-13.519	11.467	0	-0
-12.053	11.467	0	-0
-10.587	11.467	0	-0
-9.1202	11.467	0	-0
-7.6539	11.467	0	-0
-6.1876	11.467	0	-0
-4.7213	11.467	0	-0
-3.255	11.467	0	-0
-1.7887	11.467	0.00040418	-0.0040515
-0.32241	11.467	-0.017527	-0.00092905
1.1439	11.467	-0.019201	0.002958
2.6102	11.467	-0.018925	0.0068913
4.0765	11.467	-0.019764	0.010911
5.5428	11.467	-0.02121	0.014305
7.0091	11.467	-0.020921	0.0176
8.4754	11.467	-0.004449	0.020398
9.9417	11.467	0	-0
11.408	11.467	0	-0
12.874	11.467	0	-0
14.341	11.467	0	-0
15.807	11.467	0	-0
-14.985	10	0	-0
-13.519	10	0	-0
-12.053	10	0	-0
-10.587	10	0	-0
-9.1202	10	0	-0
-7.6539	10	0	-0
-6.1876	10	0	-0
-4.7213	10	0	-0
-3.255	10	0	-0
-1.7887	10	0.0047499	-0.0056421
-0.32241	10	-0.013297	-0.0014604
1.1439	10	-0.01545	0.001762
2.6102	10	-0.014775	0.0053933
4.0765	10	-0.015495	0.0089458
5.5428	10	-0.017326	0.012151
7.0091	10	-0.017161	0.015054
8.4754	10	-0.0031843	0.018507
9.9417	10	0	-0
11.408	10	0	-0
12.874	10	0	-0
14.341	10	0	-0
15.807	10	0	-0
-14.985	8.534	0	-0
-13.519	8.534	0	-0
-12.053	8.534	0	-0
-10.587	8.534	0	-0
-9.1202	8.534	0	-0
-7.6539	8.534	0	-0
-6.1876	8.534	0	-0
-4.7213	8.534	0	-0
-3.255	8.534	0	-0
-1.7887	8.534	-0.0041725	-0.0064697
-0.32241	8.534	-0.010682	-0.0027097
1.1439	8.534	-0.011709	0.00047336
2.6102	8.534	-0.011388	0.0039047
4.0765	8.534	-0.012028	0.0067864
5.5428	8.534	-0.013593	0.01016
7.0091	8.534	-0.013794	0.013342
8.4754	8.534	-0.0042833	0.016169
9.9417	8.534	0	-0
11.408	8.534	0	-0
12.874	8.534	0	-0
14.341	8.534	0	-0
15.807	8.534	0	-0
-14.985	7.0677	0	-0
-13.519	7.0677	0	-0
-12.053	7.0677	0	-0
-10.587	7.0677	0	-0
-9.1202	7.0677	0	-0
-7.6539	7.0677	0	-0
-6.1876	7.0677	0	-0
-4.7213	7.0677	0	-0
-3.255	7.0677	0	-0
-1.7887	7.0677	-0.0040473	-0.0070521
-0.32241	7.0677	-0.0077049	-0.0039454
1.1439	7.0677	-0.0087953	-0.00084526
2.6102	7.0677	-0.0083742	0.002347
4.0765	7.0677	-0.0089125	0.0055941
5.5428	7.0677	-0.0099891	0.0083925
7.0091	7.0677	-0.01027	0.01135
8.4754	7.0677	-0.001619	0.013979
9.9417	7.0677	0	-0
11.408	7.0677	0	-0
12.874	7.0677	0	-0
14.341	7.0677	0	-0
15.807	7.0677	0	-0
-14.985	5.6014	0	-0
-13.519	5.6014	0	-0
-12.053	5.6014	0	-0
-10.587	5.6014	0	-0
-9.1202	5.6014	0	-0
-7.6539	5.6014	0	-0
-6.1876	5.6014	0	-0
-4.7213	5.6014	0	-0
-3.255	5.6014	0	-0
-1.7887	5.6014	-0.0022875	-0.0081132
-0.32241	5.6014	-0.005271	-0.0049634
1.1439	5.6014	-0.0052896	-0.0016739
2.6102	5.6014	-0.0050669	0.0013467
4.0765	5.6014	-0.0056542	0.0035469
5.5428	5.6014	-0.0069225	0.0068047
7.0091	5.6014	-0.0068356	0.0095818
8.4754	5.6014	-0.0037403	0.011926
9.9417	5.6014	0	-0
11.408	5.6014	0	-0
12.874	5.6014	0	-0
14.341	5.6014	0	-0
15.807	5.6014	0	-0
-14.985	4.1351	0	-0
-13.519	4.1351	0	-0
-12.053	4.1351	0	-0
-10.587	4.1351	0	-0
-9.1202	4.1351	0	-0
-7.6539	4.1351	0	-0
-6.1876	4.1351	0	-0
-4.7213	4.1351	0	-0
-3.255	4.1351	0	-0
-1.7887	4.1351	-0.0013129	-0.0084765
-0.32241	4.1351	-0.0023918	-0.0056506
1.1439	4.1351	-0.0028247	-0.0031074
2.6102	4.1351	-0.0028917	-8.4099e-005
4.0765	4.1351	-0.0027937	0.0021172
5.5428	4.1351	-0.0043361	0.0053346
7.0091	4.1351	-0.0040411	0.0074116
8.4754	4.1351	-0.0030236	0.0094381
9.9417	4.1351	0	-0
11.408	4.1351	0	-0
12.874	4.1351	0	-0
14.341	4.1351	0	-0
15.807	4.1351	0	-0
-14.985	2.6688	0	-0
-13.519	2.6688	0	-0
-12.053	2.6688	0	-0
-10.587	2.6688	0	-0
-9.1202	2.6688	0	-0
-7.6539	2.6688	0	-0
-6.1876	2.6688	0	-0
-4.7213	2.6688	0	-0
-3.255	2.6688	0	-0
-1.7887	2.6688	0.00094328	-0.0089409
-0.32241	2.6688	0.0005151	-0.0063704
1.1439	2.6688	-3.5697e-005	-0.0039101
2.6102	2.6688	-0.00031173	-0.00088643
4.0765	2.6688	-0.00072529	0.0014951
5.5428	2.6688	-0.0016704	0.0034425
7.0091	2.6688	-0.0017118	0.0055612
8.4754	2.6688	-0.001419	0.0075913
9.9417	2.6688	0	-0
11.408	2.6688	0	-0
12.874	2.6688	0	-0
14.341	2.6688	0	-0
15.807	2.6688	0	-0
-14.985	1.2025	0	-0
-13.519	1.2025	0	-0
-12.053	1.2025	0	-0
-10.587	1.2025	0	-0
-9.1202	1.2025	0	-0
-7.6539	1.2025	0	-0
-6.1876	1.2025	0	-0
-4.7213	1.2025	0	-0
-3.255	1.2025	0	-0
-1.7887	1.2025	0.0032057	-0.0099711
-0.32241	1.2025	0.0030171	-0.0074444
1.1439	1.2025	0.0027821	-0.004855
2.6102	1.2025	0.0022818	-0.0023508
4.0765	1.2025	0.0016174	0.00014339
5.5428	1.2025	0.0011874	0.0020169
7.0091	1.2025	0.00056817	0.0036105
8.4754	1.2025	0.00062153	0.005295
9.9417	1.2025	0	-0
11.408	1.2025	0	-0
12.874	1.2025	0	-0
14.341	1.2025	0	-0
15.807	1.2025	0	-0
-14.985	-0.2638	0	-0
-13.519	-0.2638	0	-0
-12.053	-0.2638	0	-0
-10.587	-0.2638	0	-0
-9.1202	-0.2638	0	-0
-7.6539	-0.2638	0	-0
-6.1876	-0.2638	0	-0
-4.7213	-0.2638	0	-0
-3.255	-0.2638	0	-0
-1.7887	-0.2638	0.0051047	-0.011105
-0.32241	-0.2638	0.0052906	-0.008887
1.1439	-0.2638	0.0048771	-0.0063854
2.6102	-0.2638	0.0043344	-0.0042192
4.0765	-0.2638	0.0036422	-0.0021584
5.5428	-0.2638	0.0031469	-0.00040087
7.0091	-0.2638	0.0026471	0.0015818
8.4754	-0.2638	0.0022864	0.0036013
9.9417	-0.2638	0	-0
11.408	-0.2638	0	-0
12.874	-0.2638	0	-0
14.341	-0.2638	0	-0
15.807	-0.2638	0	-0
-14.985	-1.7301	0	-0
-13.519	-1.7301	0	-0
-12.053	-1.7301	0	-0
-10.587	-1.7301	0	-0
-9.1202	-1.7301	0	-0
-7.6539	-1.7301	0	-0
-6.1876	-1.7301	0	-0
-4.7213	-1.7301	0	-0
-3.255	-1.7301	0	-0
-1.7887	-1.7301	0.0068542	-0.012499
-0.32241	-1.7301	0.0068056	-0.010407
1.1439	-1.7301	0.0084128	-0.010532
2.6102	-1.7301	0.006066	-0.0060077
4.0765	-1.7301	0.0055241	-0.0042471
5.5428	-1.7301	0.0049134	-0.0024278
7.0091	-1.7301	0.0044234	-0.0006778
8.4754	-1.7301	0.0040049	0.0014078
9.9417	-1.7301	0	-0
11.408	-1.7301	0	-0
12.874	-1.7301	0	-0
14.341	-1.7301	0	-0
15.807	-1.7301	0	-0
-14.985	-3.1964	0	-0
-13.519	-3.1964	0	-0
-12.053	-3.1964	0	-0
-10.587	-3.1964	0	-0
-9.1202	-3.1964	0	-0
-7.6539	-3.1964	0	-0
-6.1876	-3.1964	0	-0
-4.7213	-3.1964	0	-0
-3.255	-3.1964	0	-0
-1.7887	-3.1964	0.0084362	-0.01393
-0.32241	-3.1964	0.0084978	-0.012008
1.1439	-3.1964	0.0081064	-0.010143
2.6102	-3.1964	0.0075024	-0.0082396
4.0765	-3.1964	0.0067966	-0.0059536
5.5428	-3.1964	0.0063204	-0.0041492
7.0091	-3.1964	0.0061857	-0.0022866
8.4754	-3.1964	0.0057346	-0.00030569
9.9417	-3.1964	0	-0
11.408	-3.1964	0	-0
12.874	-3.1964	0	-0
14.341	-3.1964	0	-0
15.807	-3.1964	0	-0
-14.985	-4.6627	0	-0
-13.519	-4.6627	0	-0
-12.053	-4.6627	0	-0
-10.587	-4.6627	0	-0
-9.1202	-4.6627	0	-0
-7.6539	-4.6627	0	-0
-6.1876	-4.6627	0	-0
-4.7213	-4.6627	0	-0
-3.255	-4.6627	0	-0
-1.7887	-4.6627	0.0096778	-0.01505
-0.32241	-4.6627	0.0094473	-0.013713
1.1439	-4.6627	0.0092973	-0.012238
2.6102	-4.6627	0.0087314	-0.010007
4.0765	-4.6627	0.0083888	-0.0077031
5.5428	-4.6627	0.0079698	-0.005897
7.0091	-4.6627	0.0078754	-0.0038547
8.4754	-4.6627	0.0074168	-0.0021526
9.9417	-4.6627	0	-0
11.408	-4.6627	0	-0
12.874	-4.6627	0	-0
14.341	-4.6627	0	-0
15.807	-4.6627	0	-0
-14.985	-6.129	0	-0
-13.519	-6.129	0	-0
-12.053	-6.129	0	-0
-10.587	-6.129	0	-0
-9.1202	-6.129	0	-0
-7.6539	-6.129	0	-0
-6.1876	-6.129	0	-0
-4.7213	-6.129	0	-0
-3.255	-6.129	0	-0
-1.7887	-6.129	0.010507	-0.01634
-0.32241	-6.129	0.010624	-0.014946
1.1439	-6.129	0.010508	-0.013514
2.6102	-6.129	0.010201	-0.011792
4.0765	-6.129	0.010003	-0.0094713
5.5428	-6.129	0.009629	-0.0074397
7.0091	-6.129	0.0092619	-0.0057314
8.4754	-6.129	0.0088555	-0.0044385
9.9417	-6.129	0	-0
11.408	-6.129	0	-0
12.874	-6.129	0	-0
14.341	-6.129	0	-0
15.807	-6.129	0	-0
-14.985	-7.5953	0	-0
-13.519	-7.5953	0	-0
-12.053	-7.5953	0	-0
-10.587	-7.5953	0	-0
-9.1202	-7.5953	0	-0
-7.6539	-7.5953	0	-0
-6.1876	-7.5953	0	-0
-4.7213	-7.5953	0	-0
-3.255	-7.5953	0	-0
-1.7887	-7.5953	0.011405	-0.017162
-0.32241	-7.5953	0.011587	-0.016134
1.1439	-7.5953	0.011433	-0.014753
2.6102	-7.5953	0.011386	-0.013244
4.0765	-7.5953	0.011092	-0.011481
5.5428	-7.5953	0.010932	-0.0094276
7.0091	-7.5953	0.010526	-0.0075516
8.4754	-7.5953	0.0099946	-0.0063697
9.9417	-7.5953	0	-0
11.408	-7.5953	0	-0
12.874	-7.5953	0	-0
14.341	-7.5953	0	-0
15.807	-7.5953	0	-0
-14.985	-9.0616	0	-0
-13.519	-9.0616	0	-0
-12.053	-9.0616	0	-0
-10.587	-9.0616	0	-0
-9.1202	-9.0616	0	-0
-7.6539	-9.0616	0	-0
-6.1876	-9.0616	0	-0
-4.7213	-9.0616	0	-0
-3.255	-9.0616	0	-0
-1.7887	-9.0616	0.011229	-0.018272
-0.32241	-9.0616	0.01227	-0.017132
1.1439	-9.0616	0.012242	-0.015824
2.6102	-9.0616	0.012362	-0.014503
4.0765	-9.0616	0.01222	-0.013198
5.5428	-9.0616	0.012012	-0.011089
7.0091	-9.0616	0.011609	-0.0095342
8.4754	-9.0616	0.011674	-0.0088876
9.9417	-9.0616	0	-0
11.408	-9.0616	0	-0
12.874	-9.0616	0	-0
14.341	-9.0616	0	-0
15.807	-9.0616	0	-0
-14.985	-10.528	0	-0
-13.519	-10.528	0	-0
-12.053	-10.528	0	-0
-10.587	-10.528	0	-0
-9.1202	-10.528	0	-0
-7.6539	-10.528	0	-0
-6.1876	-10.528	0	-0
-4.7213	-10.528	0	-0
-3.255	-10.528	0	-0
-1.7887	-10.528	0.011008	-0.018903
-0.32241	-10.528	0.012715	-0.017948
1.1439	-10.528	0.012814	-0.016791
2.6102	-10.528	0.013216	-0.015363
4.0765	-10.528	0.012643	-0.013898
5.5428	-10.528	0.012564	-0.011799
7.0091	-10.528	0.012632	-0.011651
8.4754	-10.528	0.012017	-0.010687
9.9417	-10.528	0	-0
11.408	-10.528	0	-0
12.874	-10.528	0	-0
14.341	-10.528	0	-0
15.807	-10.528	0	-0
-14.985	-11.994	0	-0
-13.519	-11.994	0	-0
-12.053	-11.994	0	-0
-10.587	-11.994	0	-0
-9.1202	-11.994	0	-0
-7.6539	-11.994	0	-0
-6.1876	-11.994	0	-0
-4.7213	-11.994	0	-0
-3.255	-11.994	0	-0
-1.7887	-11.994	0	-0
-0.32241	-11.994	0	-0
1.1439	-11.994	0	-0
2.6102	-11.994	0	-0
4.0765	-11.994	0	-0
5.5428	-11.994	0	-0
7.0091	-11.994	0	-0
8.4754	-11.994	0	-0
9.9417	-11.994	0	-0
11.408	-11.994	0	-0
12.874	-11.994	0	-0
14.341	-11.994	0	-0
15.807	-11.994	0	-0
