#DaVis 7.4.0 2D-vector 96 22 22 "" "[mm]" "" "[mm]" "displacement" "[mm]"
-14.985	18.798	0	-0
-13.519	18.798	0	-0
-12.053	18.798	0	-0
-10.587	18.798	0	-0
-9.1202	18.798	0	-0
-7.6539	18.798	0	-0
-6.1876	18.798	0	-0
-4.7213	18.798	0	-0
-3.255	18.798	0	-0
-1.7887	18.798	-0.061375	0.0087627
-0.32241	18.798	-0.066543	0.026831
1.1439	18.798	-0.85812	-0.47494
2.6102	18.798	-0.069731	-0.83605
4.0765	18.798	-0.038101	-0.57551
5.5428	18.798	-0.069167	0.04883
7.0091	18.798	-0.068329	0.05191
8.4754	18.798	-0.043605	0.053949
9.9417	18.798	0	-0
11.408	18.798	0	-0
12.874	18.798	0	-0
14.341	18.798	0	-0
15.807	18.798	0	-0
-14.985	17.332	0	-0
-13.519	17.332	0	-0
-12.053	17.332	0	-0
-10.587	17.332	0	-0
-9.1202	17.332	0	-0
-7.6539	17.332	0	-0
-6.1876	17.332	0	-0
-4.7213	17.332	0	-0
-3.255	17.332	0	-0
-1.7887	17.332	-0.055701	0.0082681
-0.32241	17.332	-0.059773	0.01796
1.1439	17.332	-0.060905	0.025449
2.6102	17.332	-0.062228	0.032694
4.0765	17.332	-0.063796	0.040298
5.5428	17.332	-0.064076	0.045799
7.0091	17.332	-0.061589	0.050804
8.4754	17.332	-0.04198	0.055057
9.9417	17.332	0	-0
11.408	17.332	0	-0
12.874	17.332	0	-0
14.341	17.332	0	-0
15.807	17.332	0	-0
-14.985	15.866	0	-0
-13.519	15.866	0	-0
-12.053	15.866	0	-0
-10.587	15.866	0	-0
-9.1202	15.866	0	-0
-7.6539	15.866	0	-0
-6.1876	15.866	0	-0
-4.7213	15.866	0	-0
-3.255	15.866	0	-0
-1.7887	15.866	-0.04815	0.0049257
-0.32241	15.866	-0.053302	0.013632
1.1439	15.866	-0.054079	0.021135
2.6102	15.866	-0.055384	0.028504
4.0765	15.866	-0.057331	0.03554
5.5428	15.866	-0.057166	0.041919
7.0091	15.866	-0.058688	0.046962
8.4754	15.866	-0.042448	0.05205
9.9417	15.866	0	-0
11.408	15.866	0	-0
12.874	15.866	0	-0
14.341	15.866	0	-0
15.807	15.866	0	-0
-14.985	14.399	0	-0
-13.519	14.399	0	-0
-12.053	14.399	0	-0
-10.587	14.399	0	-0
-9.1202	14.399	0	-0
-7.6539	14.399	0	-0
-6.1876	14.399	0	-0
-4.7213	14.399	0	-0
-3.255	14.399	0	-0
-1.7887	14.399	-0.039606	0.0011062
-0.32241	14.399	-0.04632	0.0097279
1.1439	14.399	-0.047322	0.015491
2.6102	14.399	-0.047567	0.024256
4.0765	14.399	-0.048796	0.032062
5.5428	14.399	-0.052281	0.038137
7.0091	14.399	-0.052857	0.043248
8.4754	14.399	-0.034283	0.047278
9.9417	14.399	0	-0
11.408	14.399	0	-0
12.874	14.399	0	-0
14.341	14.399	0	-0
15.807	14.399	0	-0
-14.985	12.933	0	-0
-13.519	12.933	0	-0
-12.053	12.933	0	-0
-10.587	12.933	0	-0
-9.1202	12.933	0	-0
-7.6539	12.933	0	-0
-6.1876	12.933	0	-0
-4.7213	12.933	0	-0
-3.255	12.933	0	-0
-1.7887	12.933	-0.020373	-0.00084609
-0.32241	12.933	-0.03895	0.0060694
1.1439	12.933	-0.040129	0.012147
2.6102	12.933	-0.040864	0.020033
4.0765	12.933	-0.041664	0.027584
5.5428	12.933	-0.044767	0.033706
7.0091	12.933	-0.044938	0.038913
8.4754	12.933	-0.027793	0.043384
9.9417	12.933	0	-0
11.408	12.933	0	-0
12.874	12.933	0	-0
14.341	12.933	0	-0
15.807	12.933	0	-0
-14.985	11.467	0	-0
-13.519	11.467	0	-0
-12.053	11.467	0	-0
-10.587	11.467	0	-0
-9.1202	11.467	0	-0
-7.6539	11.467	0	-0
-6.1876	11.467	0	-0
-4.7213	11.467	0	-0
-3.255	11.467	0	-0
-1.7887	11.467	-0.010818	-0.0034721
-0.32241	11.467	-0.030376	0.002275
1.1439	11.467	-0.032588	0.0096801
2.6102	11.467	-0.033826	0.016303
4.0765	11.467	-0.035141	0.023529
5.5428	11.467	-0.037195	0.029617
7.0091	11.467	-0.037656	0.035183
8.4754	11.467	-0.020975	0.040303
9.9417	11.467	0	-0
11.408	11.467	0	-0
12.874	11.467	0	-0
14.341	11.467	0	-0
15.807	11.467	0	-0
-14.985	10	0	-0
-13.519	10	0	-0
-12.053	10	0	-0
-10.587	10	0	-0
-9.1202	10	0	-0
-7.6539	10	0	-0
-6.1876	10	0	-0
-4.7213	10	0	-0
-3.255	10	0	-0
-1.7887	10	-0.0033048	-0.0068548
-0.32241	10	-0.023103	0.00051852
1.1439	10	-0.025572	0.0069075
2.6102	10	-0.026312	0.012772
4.0765	10	-0.027792	0.01896
5.5428	10	-0.030251	0.025298
7.0091	10	-0.030557	0.030553
8.4754	10	-0.016827	0.035957
9.9417	10	0	-0
11.408	10	0	-0
12.874	10	0	-0
14.341	10	0	-0
15.807	10	0	-0
-14.985	8.534	0	-0
-13.519	8.534	0	-0
-12.053	8.534	0	-0
-10.587	8.534	0	-0
-9.1202	8.534	0	-0
-7.6539	8.534	0	-0
-6.1876	8.534	0	-0
-4.7213	8.534	0	-0
-3.255	8.534	0	-0
-1.7887	8.534	-0.0059255	-0.0085137
-0.32241	8.534	-0.01824	-0.0014895
1.1439	8.534	-0.019508	0.0042542
2.6102	8.534	-0.019872	0.009778
4.0765	8.534	-0.021613	0.014299
5.5428	8.534	-0.023574	0.021235
7.0091	8.534	-0.024445	0.026328
8.4754	8.534	-0.013584	0.031173
9.9417	8.534	0	-0
11.408	8.534	0	-0
12.874	8.534	0	-0
14.341	8.534	0	-0
15.807	8.534	0	-0
-14.985	7.0677	0	-0
-13.519	7.0677	0	-0
-12.053	7.0677	0	-0
-10.587	7.0677	0	-0
-9.1202	7.0677	0	-0
-7.6539	7.0677	0	-0
-6.1876	7.0677	0	-0
-4.7213	7.0677	0	-0
-3.255	7.0677	0	-0
-1.7887	7.0677	-0.0070956	-0.010349
-0.32241	7.0677	-0.013178	-0.0040467
1.1439	7.0677	-0.014875	0.001997
2.6102	7.0677	-0.014233	0.0066101
4.0765	7.0677	-0.015723	0.011357
5.5428	7.0677	-0.017159	0.016944
7.0091	7.0677	-0.018163	0.02229
8.4754	7.0677	-0.0081014	0.026423
9.9417	7.0677	0	-0
11.408	7.0677	0	-0
12.874	7.0677	0	-0
14.341	7.0677	0	-0
15.807	7.0677	0	-0
-14.985	5.6014	0	-0
-13.519	5.6014	0	-0
-12.053	5.6014	0	-0
-10.587	5.6014	0	-0
-9.1202	5.6014	0	-0
-7.6539	5.6014	0	-0
-6.1876	5.6014	0	-0
-4.7213	5.6014	0	-0
-3.255	5.6014	0	-0
-1.7887	5.6014	-0.0049969	-0.012067
-0.32241	5.6014	-0.0083195	-0.006531
1.1439	5.6014	-0.0085694	-0.00069239
2.6102	5.6014	-0.0089634	0.0047219
4.0765	5.6014	-0.010366	0.0083221
5.5428	5.6014	-0.011695	0.013434
7.0091	5.6014	-0.012264	0.018134
8.4754	5.6014	-0.0069008	0.022307
9.9417	5.6014	0	-0
11.408	5.6014	0	-0
12.874	5.6014	0	-0
14.341	5.6014	0	-0
15.807	5.6014	0	-0
-14.985	4.1351	0	-0
-13.519	4.1351	0	-0
-12.053	4.1351	0	-0
-10.587	4.1351	0	-0
-9.1202	4.1351	0	-0
-7.6539	4.1351	0	-0
-6.1876	4.1351	0	-0
-4.7213	4.1351	0	-0
-3.255	4.1351	0	-0
-1.7887	4.1351	-0.0027729	-0.013271
-0.32241	4.1351	-0.0035017	-0.0079687
1.1439	4.1351	-0.0040616	-0.0033465
2.6102	4.1351	-0.0048255	0.0016575
4.0765	4.1351	-0.0053012	0.0057731
5.5428	4.1351	-0.007324	0.0108
7.0091	4.1351	-0.0076572	0.014227
8.4754	4.1351	-0.0057737	0.017057
9.9417	4.1351	0	-0
11.408	4.1351	0	-0
12.874	4.1351	0	-0
14.341	4.1351	0	-0
15.807	4.1351	0	-0
-14.985	2.6688	0	-0
-13.519	2.6688	0	-0
-12.053	2.6688	0	-0
-10.587	2.6688	0	-0
-9.1202	2.6688	0	-0
-7.6539	2.6688	0	-0
-6.1876	2.6688	0	-0
-4.7213	2.6688	0	-0
-3.255	2.6688	0	-0
-1.7887	2.6688	0.0017761	-0.014779
-0.32241	2.6688	0.00094388	-0.0098879
1.1439	2.6688	0.00061136	-0.0054436
2.6102	2.6688	0.00014117	-0.00053271
4.0765	2.6688	-0.00094761	0.0038034
5.5428	2.6688	-0.0029536	0.0073938
7.0091	2.6688	-0.0034082	0.010466
8.4754	2.6688	-0.0034597	0.013553
9.9417	2.6688	0	-0
11.408	2.6688	0	-0
12.874	2.6688	0	-0
14.341	2.6688	0	-0
15.807	2.6688	0	-0
-14.985	1.2025	0	-0
-13.519	1.2025	0	-0
-12.053	1.2025	0	-0
-10.587	1.2025	0	-0
-9.1202	1.2025	0	-0
-7.6539	1.2025	0	-0
-6.1876	1.2025	0	-0
-4.7213	1.2025	0	-0
-3.255	1.2025	0	-0
-1.7887	1.2025	0.0054359	-0.01705
-0.32241	1.2025	0.0051285	-0.012082
1.1439	1.2025	0.0046917	-0.0077526
2.6102	1.2025	0.0037073	-0.003718
4.0765	1.2025	0.0030536	0.00043403
5.5428	1.2025	0.0014641	0.0039
7.0091	1.2025	0.00011641	0.0063447
8.4754	1.2025	-0.00042174	0.0089374
9.9417	1.2025	0	-0
11.408	1.2025	0	-0
12.874	1.2025	0	-0
14.341	1.2025	0	-0
15.807	1.2025	0	-0
-14.985	-0.2638	0	-0
-13.519	-0.2638	0	-0
-12.053	-0.2638	0	-0
-10.587	-0.2638	0	-0
-9.1202	-0.2638	0	-0
-7.6539	-0.2638	0	-0
-6.1876	-0.2638	0	-0
-4.7213	-0.2638	0	-0
-3.255	-0.2638	0	-0
-1.7887	-0.2638	0.0080776	-0.019766
-0.32241	-0.2638	0.008757	-0.015311
1.1439	-0.2638	0.0080008	-0.011429
2.6102	-0.2638	0.0065891	-0.007453
4.0765	-0.2638	0.0062126	-0.0034329
5.5428	-0.2638	0.0045639	-0.00071871
7.0091	-0.2638	0.0034233	0.0020498
8.4754	-0.2638	0.0025786	0.0049836
9.9417	-0.2638	0	-0
11.408	-0.2638	0	-0
12.874	-0.2638	0	-0
14.341	-0.2638	0	-0
15.807	-0.2638	0	-0
-14.985	-1.7301	0	-0
-13.519	-1.7301	0	-0
-12.053	-1.7301	0	-0
-10.587	-1.7301	0	-0
-9.1202	-1.7301	0	-0
-7.6539	-1.7301	0	-0
-6.1876	-1.7301	0	-0
-4.7213	-1.7301	0	-0
-3.255	-1.7301	0	-0
-1.7887	-1.7301	0.010699	-0.022322
-0.32241	-1.7301	0.011653	-0.018832
1.1439	-1.7301	0.011415	-0.013031
2.6102	-1.7301	0.0094512	-0.011594
4.0765	-1.7301	0.0086162	-0.0083565
5.5428	-1.7301	0.0073959	-0.0054512
7.0091	-1.7301	0.006161	-0.0025098
8.4754	-1.7301	0.0053128	0.0008472
9.9417	-1.7301	0	-0
11.408	-1.7301	0	-0
12.874	-1.7301	0	-0
14.341	-1.7301	0	-0
15.807	-1.7301	0	-0
-14.985	-3.1964	0	-0
-13.519	-3.1964	0	-0
-12.053	-3.1964	0	-0
-10.587	-3.1964	0	-0
-9.1202	-3.1964	0	-0
-7.6539	-3.1964	0	-0
-6.1876	-3.1964	0	-0
-4.7213	-3.1964	0	-0
-3.255	-3.1964	0	-0
-1.7887	-3.1964	0.0098663	-0.026278
-0.32241	-3.1964	0.014558	-0.022603
1.1439	-3.1964	0.013677	-0.01932
2.6102	-3.1964	0.011911	-0.016055
4.0765	-3.1964	0.010609	-0.012537
5.5428	-3.1964	0.0096278	-0.0092746
7.0091	-3.1964	0.0092286	-0.0062039
8.4754	-3.1964	0.0079892	-0.0027266
9.9417	-3.1964	0	-0
11.408	-3.1964	0	-0
12.874	-3.1964	0	-0
14.341	-3.1964	0	-0
15.807	-3.1964	0	-0
-14.985	-4.6627	0	-0
-13.519	-4.6627	0	-0
-12.053	-4.6627	0	-0
-10.587	-4.6627	0	-0
-9.1202	-4.6627	0	-0
-7.6539	-4.6627	0	-0
-6.1876	-4.6627	0	-0
-4.7213	-4.6627	0	-0
-3.255	-4.6627	0	-0
-1.7887	-4.6627	0.008259	-0.028858
-0.32241	-4.6627	0.015936	-0.026193
1.1439	-4.6627	0.015666	-0.023734
2.6102	-4.6627	0.014344	-0.020176
4.0765	-4.6627	0.013364	-0.017051
5.5428	-4.6627	0.012777	-0.013416
7.0091	-4.6627	0.012357	-0.0099769
8.4754	-4.6627	0.0097916	-0.0066586
9.9417	-4.6627	0	-0
11.408	-4.6627	0	-0
12.874	-4.6627	0	-0
14.341	-4.6627	0	-0
15.807	-4.6627	0	-0
-14.985	-6.129	0	-0
-13.519	-6.129	0	-0
-12.053	-6.129	0	-0
-10.587	-6.129	0	-0
-9.1202	-6.129	0	-0
-7.6539	-6.129	0	-0
-6.1876	-6.129	0	-0
-4.7213	-6.129	0	-0
-3.255	-6.129	0	-0
-1.7887	-6.129	0.013204	-0.03195
-0.32241	-6.129	0.017159	-0.029268
1.1439	-6.129	0.017697	-0.026824
2.6102	-6.129	0.016562	-0.023821
4.0765	-6.129	0.015942	-0.019816
5.5428	-6.129	0.015391	-0.016165
7.0091	-6.129	0.014352	-0.013526
8.4754	-6.129	0.011893	-0.01115
9.9417	-6.129	0	-0
11.408	-6.129	0	-0
12.874	-6.129	0	-0
14.341	-6.129	0	-0
15.807	-6.129	0	-0
-14.985	-7.5953	0	-0
-13.519	-7.5953	0	-0
-12.053	-7.5953	0	-0
-10.587	-7.5953	0	-0
-9.1202	-7.5953	0	-0
-7.6539	-7.5953	0	-0
-6.1876	-7.5953	0	-0
-4.7213	-7.5953	0	-0
-3.255	-7.5953	0	-0
-1.7887	-7.5953	0.015753	-0.033645
-0.32241	-7.5953	0.01835	-0.031663
1.1439	-7.5953	0.01853	-0.029501
2.6102	-7.5953	0.017964	-0.026691
4.0765	-7.5953	0.017382	-0.023395
5.5428	-7.5953	0.016944	-0.01991
7.0091	-7.5953	0.015984	-0.017107
8.4754	-7.5953	0.013713	-0.015256
9.9417	-7.5953	0	-0
11.408	-7.5953	0	-0
12.874	-7.5953	0	-0
14.341	-7.5953	0	-0
15.807	-7.5953	0	-0
-14.985	-9.0616	0	-0
-13.519	-9.0616	0	-0
-12.053	-9.0616	0	-0
-10.587	-9.0616	0	-0
-9.1202	-9.0616	0	-0
-7.6539	-9.0616	0	-0
-6.1876	-9.0616	0	-0
-4.7213	-9.0616	0	-0
-3.255	-9.0616	0	-0
-1.7887	-9.0616	0.016179	-0.03566
-0.32241	-9.0616	0.019295	-0.033671
1.1439	-9.0616	0.019114	-0.031762
2.6102	-9.0616	0.019172	-0.029489
4.0765	-9.0616	0.018424	-0.026459
5.5428	-9.0616	0.018218	-0.023085
7.0091	-9.0616	0.017375	-0.021151
8.4754	-9.0616	0.015341	-0.019332
9.9417	-9.0616	0	-0
11.408	-9.0616	0	-0
12.874	-9.0616	0	-0
14.341	-9.0616	0	-0
15.807	-9.0616	0	-0
-14.985	-10.528	0	-0
-13.519	-10.528	0	-0
-12.053	-10.528	0	-0
-10.587	-10.528	0	-0
-9.1202	-10.528	0	-0
-7.6539	-10.528	0	-0
-6.1876	-10.528	0	-0
-4.7213	-10.528	0	-0
-3.255	-10.528	0	-0
-1.7887	-10.528	0.016985	-0.037843
-0.32241	-10.528	0.019254	-0.036268
1.1439	-10.528	0.019595	-0.034282
2.6102	-10.528	0.019895	-0.032097
4.0765	-10.528	0.018934	-0.029287
5.5428	-10.528	0.018879	-0.026334
7.0091	-10.528	0.018512	-0.02454
8.4754	-10.528	0.017421	-0.021768
9.9417	-10.528	0	-0
11.408	-10.528	0	-0
12.874	-10.528	0	-0
14.341	-10.528	0	-0
15.807	-10.528	0	-0
-14.985	-11.994	0	-0
-13.519	-11.994	0	-0
-12.053	-11.994	0	-0
-10.587	-11.994	0	-0
-9.1202	-11.994	0	-0
-7.6539	-11.994	0	-0
-6.1876	-11.994	0	-0
-4.7213	-11.994	0	-0
-3.255	-11.994	0	-0
-1.7887	-11.994	0	-0
-0.32241	-11.994	0	-0
1.1439	-11.994	0	-0
2.6102	-11.994	0	-0
4.0765	-11.994	0	-0
5.5428	-11.994	0	-0
7.0091	-11.994	0	-0
8.4754	-11.994	0	-0
9.9417	-11.994	0	-0
11.408	-11.994	0	-0
12.874	-11.994	0	-0
14.341	-11.994	0	-0
15.807	-11.994	0	-0
