#DaVis 7.4.0 2D-vector 96 22 22 "" "[mm]" "" "[mm]" "displacement" "[mm]"
-14.985	18.798	0	-0
-13.519	18.798	0	-0
-12.053	18.798	0	-0
-10.587	18.798	0	-0
-9.1202	18.798	0	-0
-7.6539	18.798	0	-0
-6.1876	18.798	0	-0
-4.7213	18.798	0	-0
-3.255	18.798	0	-0
-1.7887	18.798	-0.010765	-0.00013997
-0.32241	18.798	-0.014305	0.0011216
1.1439	18.798	-0.014701	0.0024228
2.6102	18.798	-0.015102	0.0037524
4.0765	18.798	-0.015548	0.0047815
5.5428	18.798	-0.015596	0.0065966
7.0091	18.798	-0.015467	0.0078246
8.4754	18.798	0.0027011	0.0090078
9.9417	18.798	0	-0
11.408	18.798	0	-0
12.874	18.798	0	-0
14.341	18.798	0	-0
15.807	18.798	0	-0
-14.985	17.332	0	-0
-13.519	17.332	0	-0
-12.053	17.332	0	-0
-10.587	17.332	0	-0
-9.1202	17.332	0	-0
-7.6539	17.332	0	-0
-6.1876	17.332	0	-0
-4.7213	17.332	0	-0
-3.255	17.332	0	-0
-1.7887	17.332	-0.010288	-0.0010311
-0.32241	17.332	-0.013968	0.0007961
1.1439	17.332	-0.013972	0.0021562
2.6102	17.332	-0.014334	0.003486
4.0765	17.332	-0.014815	0.0050448
5.5428	17.332	-0.014804	0.0062674
7.0091	17.332	-0.014237	0.0074792
8.4754	17.332	0.0021475	0.0089379
9.9417	17.332	0	-0
11.408	17.332	0	-0
12.874	17.332	0	-0
14.341	17.332	0	-0
15.807	17.332	0	-0
-14.985	15.866	0	-0
-13.519	15.866	0	-0
-12.053	15.866	0	-0
-10.587	15.866	0	-0
-9.1202	15.866	0	-0
-7.6539	15.866	0	-0
-6.1876	15.866	0	-0
-4.7213	15.866	0	-0
-3.255	15.866	0	-0
-1.7887	15.866	-0.0091299	-0.0012624
-0.32241	15.866	-0.012646	0.0001916
1.1439	15.866	-0.013081	0.0015319
2.6102	15.866	-0.012381	0.0029601
4.0765	15.866	-0.012939	0.0045699
5.5428	15.866	-0.014092	0.0059101
7.0091	15.866	-0.013666	0.0070223
8.4754	15.866	-0.0020639	0.0086051
9.9417	15.866	0	-0
11.408	15.866	0	-0
12.874	15.866	0	-0
14.341	15.866	0	-0
15.807	15.866	0	-0
-14.985	14.399	0	-0
-13.519	14.399	0	-0
-12.053	14.399	0	-0
-10.587	14.399	0	-0
-9.1202	14.399	0	-0
-7.6539	14.399	0	-0
-6.1876	14.399	0	-0
-4.7213	14.399	0	-0
-3.255	14.399	0	-0
-1.7887	14.399	-0.0068481	-0.0018046
-0.32241	14.399	-0.011529	-0.00032757
1.1439	14.399	-0.011707	0.00087498
2.6102	14.399	-0.011706	0.0025232
4.0765	14.399	-0.011765	0.0041108
5.5428	14.399	-0.012844	0.0053711
7.0091	14.399	-0.012673	0.0066755
8.4754	14.399	-0.0052899	0.0076944
9.9417	14.399	0	-0
11.408	14.399	0	-0
12.874	14.399	0	-0
14.341	14.399	0	-0
15.807	14.399	0	-0
-14.985	12.933	0	-0
-13.519	12.933	0	-0
-12.053	12.933	0	-0
-10.587	12.933	0	-0
-9.1202	12.933	0	-0
-7.6539	12.933	0	-0
-6.1876	12.933	0	-0
-4.7213	12.933	0	-0
-3.255	12.933	0	-0
-1.7887	12.933	-0.0043749	-0.0023014
-0.32241	12.933	-0.0099222	-0.00081718
1.1439	12.933	-0.010471	0.00048605
2.6102	12.933	-0.010101	0.0020752
4.0765	12.933	-0.01056	0.0037006
5.5428	12.933	-0.01146	0.0049201
7.0091	12.933	-0.010916	0.006114
8.4754	12.933	-0.0047516	0.0071641
9.9417	12.933	0	-0
11.408	12.933	0	-0
12.874	12.933	0	-0
14.341	12.933	0	-0
15.807	12.933	0	-0
-14.985	11.467	0	-0
-13.519	11.467	0	-0
-12.053	11.467	0	-0
-10.587	11.467	0	-0
-9.1202	11.467	0	-0
-7.6539	11.467	0	-0
-6.1876	11.467	0	-0
-4.7213	11.467	0	-0
-3.255	11.467	0	-0
-1.7887	11.467	-0.0023997	-0.0027586
-0.32241	11.467	-0.0074703	-0.0015092
1.1439	11.467	-0.0090394	0.00017005
2.6102	11.467	-0.0088494	0.001725
4.0765	11.467	-0.0091393	0.0032366
5.5428	11.467	-0.0098064	0.0046747
7.0091	11.467	-0.0092598	0.0059004
8.4754	11.467	-0.0036999	0.0072462
9.9417	11.467	0	-0
11.408	11.467	0	-0
12.874	11.467	0	-0
14.341	11.467	0	-0
15.807	11.467	0	-0
-14.985	10	0	-0
-13.519	10	0	-0
-12.053	10	0	-0
-10.587	10	0	-0
-9.1202	10	0	-0
-7.6539	10	0	-0
-6.1876	10	0	-0
-4.7213	10	0	-0
-3.255	10	0	-0
-1.7887	10	-0.0010187	-0.0032657
-0.32241	10	-0.0058099	-0.0016615
1.1439	10	-0.0073839	-0.00032313
2.6102	10	-0.0073951	0.001295
4.0765	10	-0.0075417	0.002666
5.5428	10	-0.0083729	0.0042663
7.0091	10	-0.0078335	0.0056306
8.4754	10	-0.0031014	0.0071321
9.9417	10	0	-0
11.408	10	0	-0
12.874	10	0	-0
14.341	10	0	-0
15.807	10	0	-0
-14.985	8.534	0	-0
-13.519	8.534	0	-0
-12.053	8.534	0	-0
-10.587	8.534	0	-0
-9.1202	8.534	0	-0
-7.6539	8.534	0	-0
-6.1876	8.534	0	-0
-4.7213	8.534	0	-0
-3.255	8.534	0	-0
-1.7887	8.534	-0.0010529	-0.0035988
-0.32241	8.534	-0.0051884	-0.0019664
1.1439	8.534	-0.0058782	-0.00055889
2.6102	8.534	-0.0059273	0.000911
4.0765	8.534	-0.0060045	0.0021461
5.5428	8.534	-0.0067952	0.0036584
7.0091	8.534	-0.0066228	0.0052185
8.4754	8.534	-0.0029149	0.0065386
9.9417	8.534	0	-0
11.408	8.534	0	-0
12.874	8.534	0	-0
14.341	8.534	0	-0
15.807	8.534	0	-0
-14.985	7.0677	0	-0
-13.519	7.0677	0	-0
-12.053	7.0677	0	-0
-10.587	7.0677	0	-0
-9.1202	7.0677	0	-0
-7.6539	7.0677	0	-0
-6.1876	7.0677	0	-0
-4.7213	7.0677	0	-0
-3.255	7.0677	0	-0
-1.7887	7.0677	-0.0010623	-0.0038316
-0.32241	7.0677	-0.003746	-0.002274
1.1439	7.0677	-0.0047062	-0.00094231
2.6102	7.0677	-0.0044166	0.00053551
4.0765	7.0677	-0.0046484	0.001897
5.5428	7.0677	-0.0052159	0.0031749
7.0091	7.0677	-0.0052232	0.0047633
8.4754	7.0677	-0.002465	0.0060171
9.9417	7.0677	0	-0
11.408	7.0677	0	-0
12.874	7.0677	0	-0
14.341	7.0677	0	-0
15.807	7.0677	0	-0
-14.985	5.6014	0	-0
-13.519	5.6014	0	-0
-12.053	5.6014	0	-0
-10.587	5.6014	0	-0
-9.1202	5.6014	0	-0
-7.6539	5.6014	0	-0
-6.1876	5.6014	0	-0
-4.7213	5.6014	0	-0
-3.255	5.6014	0	-0
-1.7887	5.6014	-0.00077676	-0.0041335
-0.32241	5.6014	-0.0028407	-0.0026231
1.1439	5.6014	-0.0031377	-0.00095153
2.6102	5.6014	-0.0027068	0.00013639
4.0765	5.6014	-0.0029303	0.0014046
5.5428	5.6014	-0.0037179	0.0030745
7.0091	5.6014	-0.0035401	0.0042696
8.4754	5.6014	-0.0022117	0.0055293
9.9417	5.6014	0	-0
11.408	5.6014	0	-0
12.874	5.6014	0	-0
14.341	5.6014	0	-0
15.807	5.6014	0	-0
-14.985	4.1351	0	-0
-13.519	4.1351	0	-0
-12.053	4.1351	0	-0
-10.587	4.1351	0	-0
-9.1202	4.1351	0	-0
-7.6539	4.1351	0	-0
-6.1876	4.1351	0	-0
-4.7213	4.1351	0	-0
-3.255	4.1351	0	-0
-1.7887	4.1351	-0.00093539	-0.0042393
-0.32241	4.1351	-0.0014989	-0.0028054
1.1439	4.1351	-0.0015842	-0.0015208
2.6102	4.1351	-0.0016283	-0.00013041
4.0765	4.1351	-0.0017197	0.0010811
5.5428	4.1351	-0.0022743	0.0025403
7.0091	4.1351	-0.0023597	0.0038562
8.4754	4.1351	-0.0016972	0.0050007
9.9417	4.1351	0	-0
11.408	4.1351	0	-0
12.874	4.1351	0	-0
14.341	4.1351	0	-0
15.807	4.1351	0	-0
-14.985	2.6688	0	-0
-13.519	2.6688	0	-0
-12.053	2.6688	0	-0
-10.587	2.6688	0	-0
-9.1202	2.6688	0	-0
-7.6539	2.6688	0	-0
-6.1876	2.6688	0	-0
-4.7213	2.6688	0	-0
-3.255	2.6688	0	-0
-1.7887	2.6688	5.9709e-005	-0.0044458
-0.32241	2.6688	-0.00012367	-0.0030057
1.1439	2.6688	-0.0002169	-0.0017577
2.6102	2.6688	-0.00051495	-0.00029086
4.0765	2.6688	-0.00071105	0.00097472
5.5428	2.6688	-0.00092646	0.0020677
7.0091	2.6688	-0.0010707	0.0032408
8.4754	2.6688	-0.0009916	0.0045816
9.9417	2.6688	0	-0
11.408	2.6688	0	-0
12.874	2.6688	0	-0
14.341	2.6688	0	-0
15.807	2.6688	0	-0
-14.985	1.2025	0	-0
-13.519	1.2025	0	-0
-12.053	1.2025	0	-0
-10.587	1.2025	0	-0
-9.1202	1.2025	0	-0
-7.6539	1.2025	0	-0
-6.1876	1.2025	0	-0
-4.7213	1.2025	0	-0
-3.255	1.2025	0	-0
-1.7887	1.2025	0.0013228	-0.0048285
-0.32241	1.2025	0.0011958	-0.0033596
1.1439	1.2025	0.0010637	-0.0019845
2.6102	1.2025	0.00075484	-0.00061618
4.0765	1.2025	0.00039056	0.00072061
5.5428	1.2025	0.00041438	0.0017964
7.0091	1.2025	8.8784e-005	0.0028932
8.4754	1.2025	-8.6778e-005	0.004046
9.9417	1.2025	0	-0
11.408	1.2025	0	-0
12.874	1.2025	0	-0
14.341	1.2025	0	-0
15.807	1.2025	0	-0
-14.985	-0.2638	0	-0
-13.519	-0.2638	0	-0
-12.053	-0.2638	0	-0
-10.587	-0.2638	0	-0
-9.1202	-0.2638	0	-0
-7.6539	-0.2638	0	-0
-6.1876	-0.2638	0	-0
-4.7213	-0.2638	0	-0
-3.255	-0.2638	0	-0
-1.7887	-0.2638	0.0025078	-0.0050358
-0.32241	-0.2638	0.0024186	-0.0037853
1.1439	-0.2638	0.0022539	-0.0024798
2.6102	-0.2638	0.0019586	-0.0012425
4.0765	-0.2638	0.0014798	-1.2108e-005
5.5428	-0.2638	0.0014523	0.0011528
7.0091	-0.2638	0.0012504	0.0024503
8.4754	-0.2638	0.00095118	0.0038135
9.9417	-0.2638	0	-0
11.408	-0.2638	0	-0
12.874	-0.2638	0	-0
14.341	-0.2638	0	-0
15.807	-0.2638	0	-0
-14.985	-1.7301	0	-0
-13.519	-1.7301	0	-0
-12.053	-1.7301	0	-0
-10.587	-1.7301	0	-0
-9.1202	-1.7301	0	-0
-7.6539	-1.7301	0	-0
-6.1876	-1.7301	0	-0
-4.7213	-1.7301	0	-0
-3.255	-1.7301	0	-0
-1.7887	-1.7301	0.0036248	-0.0055594
-0.32241	-1.7301	0.0034949	-0.0042096
1.1439	-1.7301	0.004162	-0.003958
2.6102	-1.7301	0.0029785	-0.0017768
4.0765	-1.7301	0.0027056	-0.00048329
5.5428	-1.7301	0.0025812	0.00069816
7.0091	-1.7301	0.0023575	0.0019299
8.4754	-1.7301	0.0020774	0.0032588
9.9417	-1.7301	0	-0
11.408	-1.7301	0	-0
12.874	-1.7301	0	-0
14.341	-1.7301	0	-0
15.807	-1.7301	0	-0
-14.985	-3.1964	0	-0
-13.519	-3.1964	0	-0
-12.053	-3.1964	0	-0
-10.587	-3.1964	0	-0
-9.1202	-3.1964	0	-0
-7.6539	-3.1964	0	-0
-6.1876	-3.1964	0	-0
-4.7213	-3.1964	0	-0
-3.255	-3.1964	0	-0
-1.7887	-3.1964	0.0046282	-0.0060459
-0.32241	-3.1964	0.0045772	-0.0047636
1.1439	-3.1964	0.0042992	-0.0035121
2.6102	-3.1964	0.0039604	-0.002294
4.0765	-3.1964	0.0037188	-0.00096233
5.5428	-3.1964	0.0035933	0.00026663
7.0091	-3.1964	0.0034259	0.0015518
8.4754	-3.1964	0.0032583	0.0028439
9.9417	-3.1964	0	-0
11.408	-3.1964	0	-0
12.874	-3.1964	0	-0
14.341	-3.1964	0	-0
15.807	-3.1964	0	-0
-14.985	-4.6627	0	-0
-13.519	-4.6627	0	-0
-12.053	-4.6627	0	-0
-10.587	-4.6627	0	-0
-9.1202	-4.6627	0	-0
-7.6539	-4.6627	0	-0
-6.1876	-4.6627	0	-0
-4.7213	-4.6627	0	-0
-3.255	-4.6627	0	-0
-1.7887	-4.6627	0.0055979	-0.006544
-0.32241	-4.6627	0.0055662	-0.0052219
1.1439	-4.6627	0.0052386	-0.0040485
2.6102	-4.6627	0.0051041	-0.0027603
4.0765	-4.6627	0.0047935	-0.0014502
5.5428	-4.6627	0.0047013	-0.00020277
7.0091	-4.6627	0.0045844	0.0010471
8.4754	-4.6627	0.0042918	0.002307
9.9417	-4.6627	0	-0
11.408	-4.6627	0	-0
12.874	-4.6627	0	-0
14.341	-4.6627	0	-0
15.807	-4.6627	0	-0
-14.985	-6.129	0	-0
-13.519	-6.129	0	-0
-12.053	-6.129	0	-0
-10.587	-6.129	0	-0
-9.1202	-6.129	0	-0
-7.6539	-6.129	0	-0
-6.1876	-6.129	0	-0
-4.7213	-6.129	0	-0
-3.255	-6.129	0	-0
-1.7887	-6.129	0.0064732	-0.0069743
-0.32241	-6.129	0.0065154	-0.0056042
1.1439	-6.129	0.0063824	-0.004474
2.6102	-6.129	0.0061757	-0.0032958
4.0765	-6.129	0.0059957	-0.0019683
5.5428	-6.129	0.0058814	-0.00064888
7.0091	-6.129	0.0056715	0.00058118
8.4754	-6.129	0.0053891	0.0017003
9.9417	-6.129	0	-0
11.408	-6.129	0	-0
12.874	-6.129	0	-0
14.341	-6.129	0	-0
15.807	-6.129	0	-0
-14.985	-7.5953	0	-0
-13.519	-7.5953	0	-0
-12.053	-7.5953	0	-0
-10.587	-7.5953	0	-0
-9.1202	-7.5953	0	-0
-7.6539	-7.5953	0	-0
-6.1876	-7.5953	0	-0
-4.7213	-7.5953	0	-0
-3.255	-7.5953	0	-0
-1.7887	-7.5953	0.0074184	-0.0071646
-0.32241	-7.5953	0.0074852	-0.006039
1.1439	-7.5953	0.0073436	-0.0048015
2.6102	-7.5953	0.0072154	-0.0036987
4.0765	-7.5953	0.0070964	-0.0024145
5.5428	-7.5953	0.0068133	-0.0011065
7.0091	-7.5953	0.0066561	0.00011227
8.4754	-7.5953	0.0065251	0.0012511
9.9417	-7.5953	0	-0
11.408	-7.5953	0	-0
12.874	-7.5953	0	-0
14.341	-7.5953	0	-0
15.807	-7.5953	0	-0
-14.985	-9.0616	0	-0
-13.519	-9.0616	0	-0
-12.053	-9.0616	0	-0
-10.587	-9.0616	0	-0
-9.1202	-9.0616	0	-0
-7.6539	-9.0616	0	-0
-6.1876	-9.0616	0	-0
-4.7213	-9.0616	0	-0
-3.255	-9.0616	0	-0
-1.7887	-9.0616	0.0083069	-0.0076726
-0.32241	-9.0616	0.0084047	-0.0062994
1.1439	-9.0616	0.0082946	-0.005114
2.6102	-9.0616	0.0082173	-0.0039911
4.0765	-9.0616	0.0080895	-0.0028378
5.5428	-9.0616	0.0080107	-0.0015015
7.0091	-9.0616	0.0078224	-0.000331
8.4754	-9.0616	0.0076918	0.00069274
9.9417	-9.0616	0	-0
11.408	-9.0616	0	-0
12.874	-9.0616	0	-0
14.341	-9.0616	0	-0
15.807	-9.0616	0	-0
-14.985	-10.528	0	-0
-13.519	-10.528	0	-0
-12.053	-10.528	0	-0
-10.587	-10.528	0	-0
-9.1202	-10.528	0	-0
-7.6539	-10.528	0	-0
-6.1876	-10.528	0	-0
-4.7213	-10.528	0	-0
-3.255	-10.528	0	-0
-1.7887	-10.528	0.0092264	-0.0080211
-0.32241	-10.528	0.0093332	-0.0069024
1.1439	-10.528	0.0092407	-0.0056025
2.6102	-10.528	0.0093541	-0.0044115
4.0765	-10.528	0.0091117	-0.0032852
5.5428	-10.528	0.0089739	-0.0020489
7.0091	-10.528	0.0089447	-0.00095348
8.4754	-10.528	0.0088227	0.00016248
9.9417	-10.528	0	-0
11.408	-10.528	0	-0
12.874	-10.528	0	-0
14.341	-10.528	0	-0
15.807	-10.528	0	-0
-14.985	-11.994	0	-0
-13.519	-11.994	0	-0
-12.053	-11.994	0	-0
-10.587	-11.994	0	-0
-9.1202	-11.994	0	-0
-7.6539	-11.994	0	-0
-6.1876	-11.994	0	-0
-4.7213	-11.994	0	-0
-3.255	-11.994	0	-0
-1.7887	-11.994	0	-0
-0.32241	-11.994	0	-0
1.1439	-11.994	0	-0
2.6102	-11.994	0	-0
4.0765	-11.994	0	-0
5.5428	-11.994	0	-0
7.0091	-11.994	0	-0
8.4754	-11.994	0	-0
9.9417	-11.994	0	-0
11.408	-11.994	0	-0
12.874	-11.994	0	-0
14.341	-11.994	0	-0
15.807	-11.994	0	-0
