#DaVis 7.4.0 2D-vector 96 22 22 "" "[mm]" "" "[mm]" "displacement" "[mm]"
-14.985	18.798	0	-0
-13.519	18.798	0	-0
-12.053	18.798	0	-0
-10.587	18.798	0	-0
-9.1202	18.798	0	-0
-7.6539	18.798	0	-0
-6.1876	18.798	0	-0
-4.7213	18.798	0	-0
-3.255	18.798	0	-0
-1.7887	18.798	-0.0045081	0.001442
-0.32241	18.798	-0.0044575	0.0020161
1.1439	18.798	-0.0048393	0.0024594
2.6102	18.798	-0.0049882	0.0029564
4.0765	18.798	-0.0052114	0.0028218
5.5428	18.798	-0.0056397	0.0038119
7.0091	18.798	-0.0056844	0.0046116
8.4754	18.798	-0.0058278	0.0047168
9.9417	18.798	0	-0
11.408	18.798	0	-0
12.874	18.798	0	-0
14.341	18.798	0	-0
15.807	18.798	0	-0
-14.985	17.332	0	-0
-13.519	17.332	0	-0
-12.053	17.332	0	-0
-10.587	17.332	0	-0
-9.1202	17.332	0	-0
-7.6539	17.332	0	-0
-6.1876	17.332	0	-0
-4.7213	17.332	0	-0
-3.255	17.332	0	-0
-1.7887	17.332	-0.0041655	0.0010071
-0.32241	17.332	-0.0044033	0.0017824
1.1439	17.332	-0.0045944	0.0023455
2.6102	17.332	-0.0047795	0.0029
4.0765	17.332	-0.0051223	0.0033957
5.5428	17.332	-0.0052395	0.0037818
7.0091	17.332	-0.0052879	0.0040532
8.4754	17.332	-0.0055375	0.0044965
9.9417	17.332	0	-0
11.408	17.332	0	-0
12.874	17.332	0	-0
14.341	17.332	0	-0
15.807	17.332	0	-0
-14.985	15.866	0	-0
-13.519	15.866	0	-0
-12.053	15.866	0	-0
-10.587	15.866	0	-0
-9.1202	15.866	0	-0
-7.6539	15.866	0	-0
-6.1876	15.866	0	-0
-4.7213	15.866	0	-0
-3.255	15.866	0	-0
-1.7887	15.866	-0.0037381	0.00055683
-0.32241	15.866	-0.0040459	0.0013365
1.1439	15.866	-0.004314	0.0019533
2.6102	15.866	-0.0042521	0.002401
4.0765	15.866	-0.0046419	0.0030277
5.5428	15.866	-0.0048923	0.0034559
7.0091	15.866	-0.0050061	0.0038144
8.4754	15.866	-0.0052463	0.0042581
9.9417	15.866	0	-0
11.408	15.866	0	-0
12.874	15.866	0	-0
14.341	15.866	0	-0
15.807	15.866	0	-0
-14.985	14.399	0	-0
-13.519	14.399	0	-0
-12.053	14.399	0	-0
-10.587	14.399	0	-0
-9.1202	14.399	0	-0
-7.6539	14.399	0	-0
-6.1876	14.399	0	-0
-4.7213	14.399	0	-0
-3.255	14.399	0	-0
-1.7887	14.399	-0.0032553	0.00012577
-0.32241	14.399	-0.0036231	0.00092711
1.1439	14.399	-0.0038614	0.0014619
2.6102	14.399	-0.004056	0.0021927
4.0765	14.399	-0.0041935	0.0027931
5.5428	14.399	-0.0045067	0.0031686
7.0091	14.399	-0.0046722	0.0036167
8.4754	14.399	-0.0048422	0.0039959
9.9417	14.399	0	-0
11.408	14.399	0	-0
12.874	14.399	0	-0
14.341	14.399	0	-0
15.807	14.399	0	-0
-14.985	12.933	0	-0
-13.519	12.933	0	-0
-12.053	12.933	0	-0
-10.587	12.933	0	-0
-9.1202	12.933	0	-0
-7.6539	12.933	0	-0
-6.1876	12.933	0	-0
-4.7213	12.933	0	-0
-3.255	12.933	0	-0
-1.7887	12.933	-0.0028102	-0.00016388
-0.32241	12.933	-0.003125	0.00050752
1.1439	12.933	-0.0034215	0.0011042
2.6102	12.933	-0.0035801	0.0018065
4.0765	12.933	-0.0037893	0.0024642
5.5428	12.933	-0.0040931	0.0029235
7.0091	12.933	-0.0041842	0.003279
8.4754	12.933	-0.0044431	0.0037464
9.9417	12.933	0	-0
11.408	12.933	0	-0
12.874	12.933	0	-0
14.341	12.933	0	-0
15.807	12.933	0	-0
-14.985	11.467	0	-0
-13.519	11.467	0	-0
-12.053	11.467	0	-0
-10.587	11.467	0	-0
-9.1202	11.467	0	-0
-7.6539	11.467	0	-0
-6.1876	11.467	0	-0
-4.7213	11.467	0	-0
-3.255	11.467	0	-0
-1.7887	11.467	-0.0022402	-0.00045845
-0.32241	11.467	-0.002693	0.00017904
1.1439	11.467	-0.00296	0.00093805
2.6102	11.467	-0.0030013	0.001609
4.0765	11.467	-0.0033157	0.0022193
5.5428	11.467	-0.0035427	0.0026763
7.0091	11.467	-0.0036899	0.0031173
8.4754	11.467	-0.0039134	0.0036415
9.9417	11.467	0	-0
11.408	11.467	0	-0
12.874	11.467	0	-0
14.341	11.467	0	-0
15.807	11.467	0	-0
-14.985	10	0	-0
-13.519	10	0	-0
-12.053	10	0	-0
-10.587	10	0	-0
-9.1202	10	0	-0
-7.6539	10	0	-0
-6.1876	10	0	-0
-4.7213	10	0	-0
-3.255	10	0	-0
-1.7887	10	-0.0016248	-0.00078246
-0.32241	10	-0.0021644	-2.5603e-005
1.1439	10	-0.0022715	0.00061122
2.6102	10	-0.0024715	0.0013052
4.0765	10	-0.0026638	0.0018536
5.5428	10	-0.0029369	0.0024016
7.0091	10	-0.0031944	0.0029568
8.4754	10	-0.0032905	0.0033869
9.9417	10	0	-0
11.408	10	0	-0
12.874	10	0	-0
14.341	10	0	-0
15.807	10	0	-0
-14.985	8.534	0	-0
-13.519	8.534	0	-0
-12.053	8.534	0	-0
-10.587	8.534	0	-0
-9.1202	8.534	0	-0
-7.6539	8.534	0	-0
-6.1876	8.534	0	-0
-4.7213	8.534	0	-0
-3.255	8.534	0	-0
-1.7887	8.534	-0.0011674	-0.00095412
-0.32241	8.534	-0.001464	-0.00025721
1.1439	8.534	-0.0017043	0.00034142
2.6102	8.534	-0.0019939	0.0010169
4.0765	8.534	-0.0020269	0.0014654
5.5428	8.534	-0.0024091	0.0020434
7.0091	8.534	-0.0025404	0.0026505
8.4754	8.534	-0.0027311	0.0031086
9.9417	8.534	0	-0
11.408	8.534	0	-0
12.874	8.534	0	-0
14.341	8.534	0	-0
15.807	8.534	0	-0
-14.985	7.0677	0	-0
-13.519	7.0677	0	-0
-12.053	7.0677	0	-0
-10.587	7.0677	0	-0
-9.1202	7.0677	0	-0
-7.6539	7.0677	0	-0
-6.1876	7.0677	0	-0
-4.7213	7.0677	0	-0
-3.255	7.0677	0	-0
-1.7887	7.0677	-0.00074948	-0.001132
-0.32241	7.0677	-0.0010667	-0.00051084
1.1439	7.0677	-0.0012105	5.1809e-005
2.6102	7.0677	-0.0014371	0.00065606
4.0765	7.0677	-0.0015839	0.0012367
5.5428	7.0677	-0.0018062	0.0017419
7.0091	7.0677	-0.0020074	0.0023033
8.4754	7.0677	-0.0020844	0.0028546
9.9417	7.0677	0	-0
11.408	7.0677	0	-0
12.874	7.0677	0	-0
14.341	7.0677	0	-0
15.807	7.0677	0	-0
-14.985	5.6014	0	-0
-13.519	5.6014	0	-0
-12.053	5.6014	0	-0
-10.587	5.6014	0	-0
-9.1202	5.6014	0	-0
-7.6539	5.6014	0	-0
-6.1876	5.6014	0	-0
-4.7213	5.6014	0	-0
-3.255	5.6014	0	-0
-1.7887	5.6014	-0.00027288	-0.0013592
-0.32241	5.6014	-0.00059417	-0.00077507
1.1439	5.6014	-0.00070169	-4.7458e-005
2.6102	5.6014	-0.00079012	0.00044105
4.0765	5.6014	-0.00093294	0.00083759
5.5428	5.6014	-0.0013261	0.0015295
7.0091	5.6014	-0.0014158	0.0020766
8.4754	5.6014	-0.0015496	0.0025523
9.9417	5.6014	0	-0
11.408	5.6014	0	-0
12.874	5.6014	0	-0
14.341	5.6014	0	-0
15.807	5.6014	0	-0
-14.985	4.1351	0	-0
-13.519	4.1351	0	-0
-12.053	4.1351	0	-0
-10.587	4.1351	0	-0
-9.1202	4.1351	0	-0
-7.6539	4.1351	0	-0
-6.1876	4.1351	0	-0
-4.7213	4.1351	0	-0
-3.255	4.1351	0	-0
-1.7887	4.1351	-2.5285e-005	-0.001492
-0.32241	4.1351	-0.00011808	-0.00088186
1.1439	4.1351	-0.00026977	-0.0003824
2.6102	4.1351	-0.00041529	0.00021563
4.0765	4.1351	-0.00040725	0.00060743
5.5428	4.1351	-0.00077143	0.0012683
7.0091	4.1351	-0.00083291	0.0015947
8.4754	4.1351	-0.00106	0.0020743
9.9417	4.1351	0	-0
11.408	4.1351	0	-0
12.874	4.1351	0	-0
14.341	4.1351	0	-0
15.807	4.1351	0	-0
-14.985	2.6688	0	-0
-13.519	2.6688	0	-0
-12.053	2.6688	0	-0
-10.587	2.6688	0	-0
-9.1202	2.6688	0	-0
-7.6539	2.6688	0	-0
-6.1876	2.6688	0	-0
-4.7213	2.6688	0	-0
-3.255	2.6688	0	-0
-1.7887	2.6688	0.00041416	-0.0017991
-0.32241	2.6688	0.00032741	-0.0012031
1.1439	2.6688	0.00021588	-0.00068572
2.6102	2.6688	-2.215e-005	5.2492e-005
4.0765	2.6688	-0.00011378	0.00054576
5.5428	2.6688	-0.00028658	0.00085144
7.0091	2.6688	-0.00036105	0.00121
8.4754	2.6688	-0.00060999	0.001737
9.9417	2.6688	0	-0
11.408	2.6688	0	-0
12.874	2.6688	0	-0
14.341	2.6688	0	-0
15.807	2.6688	0	-0
-14.985	1.2025	0	-0
-13.519	1.2025	0	-0
-12.053	1.2025	0	-0
-10.587	1.2025	0	-0
-9.1202	1.2025	0	-0
-7.6539	1.2025	0	-0
-6.1876	1.2025	0	-0
-4.7213	1.2025	0	-0
-3.255	1.2025	0	-0
-1.7887	1.2025	0.00090712	-0.0019751
-0.32241	1.2025	0.00088215	-0.001474
1.1439	1.2025	0.00065707	-0.00093999
2.6102	1.2025	0.0004101	-0.0003892
4.0765	1.2025	0.00044195	0.00022902
5.5428	1.2025	0.00015089	0.00057665
7.0091	1.2025	-5.3468e-005	0.00094277
8.4754	1.2025	-0.00018335	0.0013679
9.9417	1.2025	0	-0
11.408	1.2025	0	-0
12.874	1.2025	0	-0
14.341	1.2025	0	-0
15.807	1.2025	0	-0
-14.985	-0.2638	0	-0
-13.519	-0.2638	0	-0
-12.053	-0.2638	0	-0
-10.587	-0.2638	0	-0
-9.1202	-0.2638	0	-0
-7.6539	-0.2638	0	-0
-6.1876	-0.2638	0	-0
-4.7213	-0.2638	0	-0
-3.255	-0.2638	0	-0
-1.7887	-0.2638	0.00091791	-0.0021992
-0.32241	-0.2638	0.0013648	-0.0018353
1.1439	-0.2638	0.0012064	-0.0012055
2.6102	-0.2638	0.00081056	-0.00070748
4.0765	-0.2638	0.00072672	-0.00011564
5.5428	-0.2638	0.00054885	0.00021512
7.0091	-0.2638	0.00027628	0.00054082
8.4754	-0.2638	0.00013311	0.0010275
9.9417	-0.2638	0	-0
11.408	-0.2638	0	-0
12.874	-0.2638	0	-0
14.341	-0.2638	0	-0
15.807	-0.2638	0	-0
-14.985	-1.7301	0	-0
-13.519	-1.7301	0	-0
-12.053	-1.7301	0	-0
-10.587	-1.7301	0	-0
-9.1202	-1.7301	0	-0
-7.6539	-1.7301	0	-0
-6.1876	-1.7301	0	-0
-4.7213	-1.7301	0	-0
-3.255	-1.7301	0	-0
-1.7887	-1.7301	0.0010476	-0.002677
-0.32241	-1.7301	0.0015619	-0.0021852
1.1439	-1.7301	0.0022929	-0.002289
2.6102	-1.7301	0.0013616	-0.001065
4.0765	-1.7301	0.0011199	-0.00063945
5.5428	-1.7301	0.00088812	-0.00025266
7.0091	-1.7301	0.00071426	0.00024484
8.4754	-1.7301	0.00056277	0.00071869
9.9417	-1.7301	0	-0
11.408	-1.7301	0	-0
12.874	-1.7301	0	-0
14.341	-1.7301	0	-0
15.807	-1.7301	0	-0
-14.985	-3.1964	0	-0
-13.519	-3.1964	0	-0
-12.053	-3.1964	0	-0
-10.587	-3.1964	0	-0
-9.1202	-3.1964	0	-0
-7.6539	-3.1964	0	-0
-6.1876	-3.1964	0	-0
-4.7213	-3.1964	0	-0
-3.255	-3.1964	0	-0
-1.7887	-3.1964	0.001015	-0.0031244
-0.32241	-3.1964	0.0018103	-0.0026982
1.1439	-3.1964	0.001912	-0.0021247
2.6102	-3.1964	0.0016019	-0.0015616
4.0765	-3.1964	0.0013865	-0.0010024
5.5428	-3.1964	0.001197	-0.00052059
7.0091	-3.1964	0.0011281	-8.0732e-005
8.4754	-3.1964	0.00089214	0.00039911
9.9417	-3.1964	0	-0
11.408	-3.1964	0	-0
12.874	-3.1964	0	-0
14.341	-3.1964	0	-0
15.807	-3.1964	0	-0
-14.985	-4.6627	0	-0
-13.519	-4.6627	0	-0
-12.053	-4.6627	0	-0
-10.587	-4.6627	0	-0
-9.1202	-4.6627	0	-0
-7.6539	-4.6627	0	-0
-6.1876	-4.6627	0	-0
-4.7213	-4.6627	0	-0
-3.255	-4.6627	0	-0
-1.7887	-4.6627	0.00081878	-0.0032866
-0.32241	-4.6627	0.001983	-0.0030175
1.1439	-4.6627	0.0020585	-0.0025186
2.6102	-4.6627	0.0019867	-0.0019687
4.0765	-4.6627	0.0017373	-0.0013622
5.5428	-4.6627	0.0015685	-0.00089082
7.0091	-4.6627	0.0015209	-0.000384
8.4754	-4.6627	0.0011691	7.05e-005
9.9417	-4.6627	0	-0
11.408	-4.6627	0	-0
12.874	-4.6627	0	-0
14.341	-4.6627	0	-0
15.807	-4.6627	0	-0
-14.985	-6.129	0	-0
-13.519	-6.129	0	-0
-12.053	-6.129	0	-0
-10.587	-6.129	0	-0
-9.1202	-6.129	0	-0
-7.6539	-6.129	0	-0
-6.1876	-6.129	0	-0
-4.7213	-6.129	0	-0
-3.255	-6.129	0	-0
-1.7887	-6.129	0.0012513	-0.0040701
-0.32241	-6.129	0.0022778	-0.0033308
1.1439	-6.129	0.0025528	-0.0028728
2.6102	-6.129	0.0023135	-0.0024193
4.0765	-6.129	0.0021302	-0.0018353
5.5428	-6.129	0.0020848	-0.0012724
7.0091	-6.129	0.0018341	-0.00087249
8.4754	-6.129	0.0014308	-0.00042159
9.9417	-6.129	0	-0
11.408	-6.129	0	-0
12.874	-6.129	0	-0
14.341	-6.129	0	-0
15.807	-6.129	0	-0
-14.985	-7.5953	0	-0
-13.519	-7.5953	0	-0
-12.053	-7.5953	0	-0
-10.587	-7.5953	0	-0
-9.1202	-7.5953	0	-0
-7.6539	-7.5953	0	-0
-6.1876	-7.5953	0	-0
-4.7213	-7.5953	0	-0
-3.255	-7.5953	0	-0
-1.7887	-7.5953	0.0018251	-0.0039418
-0.32241	-7.5953	0.0025857	-0.0036461
1.1439	-7.5953	0.002895	-0.0031678
2.6102	-7.5953	0.0025137	-0.002764
4.0765	-7.5953	0.0024522	-0.0021805
5.5428	-7.5953	0.002311	-0.0017165
7.0091	-7.5953	0.0021178	-0.0012147
8.4754	-7.5953	0.001757	-0.00071853
9.9417	-7.5953	0	-0
11.408	-7.5953	0	-0
12.874	-7.5953	0	-0
14.341	-7.5953	0	-0
15.807	-7.5953	0	-0
-14.985	-9.0616	0	-0
-13.519	-9.0616	0	-0
-12.053	-9.0616	0	-0
-10.587	-9.0616	0	-0
-9.1202	-9.0616	0	-0
-7.6539	-9.0616	0	-0
-6.1876	-9.0616	0	-0
-4.7213	-9.0616	0	-0
-3.255	-9.0616	0	-0
-1.7887	-9.0616	0.0019	-0.0043218
-0.32241	-9.0616	0.0029751	-0.0038338
1.1439	-9.0616	0.0029175	-0.0034085
2.6102	-9.0616	0.0031034	-0.002999
4.0765	-9.0616	0.0026007	-0.0026298
5.5428	-9.0616	0.0025598	-0.002059
7.0091	-9.0616	0.002377	-0.0016221
8.4754	-9.0616	0.0020928	-0.0012033
9.9417	-9.0616	0	-0
11.408	-9.0616	0	-0
12.874	-9.0616	0	-0
14.341	-9.0616	0	-0
15.807	-9.0616	0	-0
-14.985	-10.528	0	-0
-13.519	-10.528	0	-0
-12.053	-10.528	0	-0
-10.587	-10.528	0	-0
-9.1202	-10.528	0	-0
-7.6539	-10.528	0	-0
-6.1876	-10.528	0	-0
-4.7213	-10.528	0	-0
-3.255	-10.528	0	-0
-1.7887	-10.528	0.0022419	-0.0041338
-0.32241	-10.528	0.003073	-0.0035289
1.1439	-10.528	0.0029928	-0.0031099
2.6102	-10.528	0.0031855	-0.002621
4.0765	-10.528	0.0028897	-0.0022859
5.5428	-10.528	0.0026945	-0.0020959
7.0091	-10.528	0.0026136	-0.0017155
8.4754	-10.528	0.0021524	-0.0011314
9.9417	-10.528	0	-0
11.408	-10.528	0	-0
12.874	-10.528	0	-0
14.341	-10.528	0	-0
15.807	-10.528	0	-0
-14.985	-11.994	0	-0
-13.519	-11.994	0	-0
-12.053	-11.994	0	-0
-10.587	-11.994	0	-0
-9.1202	-11.994	0	-0
-7.6539	-11.994	0	-0
-6.1876	-11.994	0	-0
-4.7213	-11.994	0	-0
-3.255	-11.994	0	-0
-1.7887	-11.994	0	-0
-0.32241	-11.994	0	-0
1.1439	-11.994	0	-0
2.6102	-11.994	0	-0
4.0765	-11.994	0	-0
5.5428	-11.994	0	-0
7.0091	-11.994	0	-0
8.4754	-11.994	0	-0
9.9417	-11.994	0	-0
11.408	-11.994	0	-0
12.874	-11.994	0	-0
14.341	-11.994	0	-0
15.807	-11.994	0	-0
