#DaVis 7.4.0 2D-vector 96 22 22 "" "[mm]" "" "[mm]" "displacement" "[mm]"
-14.985	18.798	0	-0
-13.519	18.798	0	-0
-12.053	18.798	0	-0
-10.587	18.798	0	-0
-9.1202	18.798	0	-0
-7.6539	18.798	0	-0
-6.1876	18.798	0	-0
-4.7213	18.798	0	-0
-3.255	18.798	0	-0
-1.7887	18.798	-0.063564	0.0052254
-0.32241	18.798	-0.068588	0.020691
1.1439	18.798	-0.85068	-0.45069
2.6102	18.798	-0.071201	-0.82836
4.0765	18.798	-0.037513	-0.56452
5.5428	18.798	-0.071397	0.04499
7.0091	18.798	-0.070095	0.047407
8.4754	18.798	-0.045916	0.05287
9.9417	18.798	0	-0
11.408	18.798	0	-0
12.874	18.798	0	-0
14.341	18.798	0	-0
15.807	18.798	0	-0
-14.985	17.332	0	-0
-13.519	17.332	0	-0
-12.053	17.332	0	-0
-10.587	17.332	0	-0
-9.1202	17.332	0	-0
-7.6539	17.332	0	-0
-6.1876	17.332	0	-0
-4.7213	17.332	0	-0
-3.255	17.332	0	-0
-1.7887	17.332	-0.05753	0.0047949
-0.32241	17.332	-0.06179	0.014419
1.1439	17.332	-0.062932	0.021846
2.6102	17.332	-0.064114	0.029656
4.0765	17.332	-0.065338	0.037602
5.5428	17.332	-0.065692	0.042941
7.0091	17.332	-0.064118	0.048169
8.4754	17.332	-0.045771	0.05236
9.9417	17.332	0	-0
11.408	17.332	0	-0
12.874	17.332	0	-0
14.341	17.332	0	-0
15.807	17.332	0	-0
-14.985	15.866	0	-0
-13.519	15.866	0	-0
-12.053	15.866	0	-0
-10.587	15.866	0	-0
-9.1202	15.866	0	-0
-7.6539	15.866	0	-0
-6.1876	15.866	0	-0
-4.7213	15.866	0	-0
-3.255	15.866	0	-0
-1.7887	15.866	-0.050192	0.0019211
-0.32241	15.866	-0.055344	0.010134
1.1439	15.866	-0.055868	0.01787
2.6102	15.866	-0.057163	0.02587
4.0765	15.866	-0.058598	0.032971
5.5428	15.866	-0.058736	0.039458
7.0091	15.866	-0.05996	0.0448
8.4754	15.866	-0.04533	0.049829
9.9417	15.866	0	-0
11.408	15.866	0	-0
12.874	15.866	0	-0
14.341	15.866	0	-0
15.807	15.866	0	-0
-14.985	14.399	0	-0
-13.519	14.399	0	-0
-12.053	14.399	0	-0
-10.587	14.399	0	-0
-9.1202	14.399	0	-0
-7.6539	14.399	0	-0
-6.1876	14.399	0	-0
-4.7213	14.399	0	-0
-3.255	14.399	0	-0
-1.7887	14.399	-0.041195	-0.0016324
-0.32241	14.399	-0.048022	0.007073
1.1439	14.399	-0.049282	0.013787
2.6102	14.399	-0.049232	0.022014
4.0765	14.399	-0.05048	0.029534
5.5428	14.399	-0.053288	0.035747
7.0091	14.399	-0.054022	0.040841
8.4754	14.399	-0.038085	0.045074
9.9417	14.399	0	-0
11.408	14.399	0	-0
12.874	14.399	0	-0
14.341	14.399	0	-0
15.807	14.399	0	-0
-14.985	12.933	0	-0
-13.519	12.933	0	-0
-12.053	12.933	0	-0
-10.587	12.933	0	-0
-9.1202	12.933	0	-0
-7.6539	12.933	0	-0
-6.1876	12.933	0	-0
-4.7213	12.933	0	-0
-3.255	12.933	0	-0
-1.7887	12.933	-0.023193	-0.0034838
-0.32241	12.933	-0.040385	0.0033639
1.1439	12.933	-0.04173	0.010316
2.6102	12.933	-0.04236	0.018515
4.0765	12.933	-0.043434	0.026055
5.5428	12.933	-0.045938	0.032043
7.0091	12.933	-0.046086	0.036829
8.4754	12.933	-0.032367	0.041623
9.9417	12.933	0	-0
11.408	12.933	0	-0
12.874	12.933	0	-0
14.341	12.933	0	-0
15.807	12.933	0	-0
-14.985	11.467	0	-0
-13.519	11.467	0	-0
-12.053	11.467	0	-0
-10.587	11.467	0	-0
-9.1202	11.467	0	-0
-7.6539	11.467	0	-0
-6.1876	11.467	0	-0
-4.7213	11.467	0	-0
-3.255	11.467	0	-0
-1.7887	11.467	-0.014309	-0.0067832
-0.32241	11.467	-0.032087	-4.6908e-007
1.1439	11.467	-0.034378	0.0073427
2.6102	11.467	-0.035209	0.014506
4.0765	11.467	-0.036493	0.021597
5.5428	11.467	-0.038452	0.027917
7.0091	11.467	-0.03871	0.033264
8.4754	11.467	-0.024239	0.038656
9.9417	11.467	0	-0
11.408	11.467	0	-0
12.874	11.467	0	-0
14.341	11.467	0	-0
15.807	11.467	0	-0
-14.985	10	0	-0
-13.519	10	0	-0
-12.053	10	0	-0
-10.587	10	0	-0
-9.1202	10	0	-0
-7.6539	10	0	-0
-6.1876	10	0	-0
-4.7213	10	0	-0
-3.255	10	0	-0
-1.7887	10	-0.0044401	-0.0089003
-0.32241	10	-0.024633	-0.0017619
1.1439	10	-0.027282	0.0045612
2.6102	10	-0.027692	0.010775
4.0765	10	-0.028918	0.017067
5.5428	10	-0.031317	0.023714
7.0091	10	-0.031621	0.029089
8.4754	10	-0.019567	0.034783
9.9417	10	0	-0
11.408	10	0	-0
12.874	10	0	-0
14.341	10	0	-0
15.807	10	0	-0
-14.985	8.534	0	-0
-13.519	8.534	0	-0
-12.053	8.534	0	-0
-10.587	8.534	0	-0
-9.1202	8.534	0	-0
-7.6539	8.534	0	-0
-6.1876	8.534	0	-0
-4.7213	8.534	0	-0
-3.255	8.534	0	-0
-1.7887	8.534	-0.007036	-0.010663
-0.32241	8.534	-0.019729	-0.0038533
1.1439	8.534	-0.021146	0.002376
2.6102	8.534	-0.021165	0.007992
4.0765	8.534	-0.022687	0.013117
5.5428	8.534	-0.024307	0.02008
7.0091	8.534	-0.02517	0.025302
8.4754	8.534	-0.017011	0.030128
9.9417	8.534	0	-0
11.408	8.534	0	-0
12.874	8.534	0	-0
14.341	8.534	0	-0
15.807	8.534	0	-0
-14.985	7.0677	0	-0
-13.519	7.0677	0	-0
-12.053	7.0677	0	-0
-10.587	7.0677	0	-0
-9.1202	7.0677	0	-0
-7.6539	7.0677	0	-0
-6.1876	7.0677	0	-0
-4.7213	7.0677	0	-0
-3.255	7.0677	0	-0
-1.7887	7.0677	-0.0056181	-0.011837
-0.32241	7.0677	-0.014119	-0.0057877
1.1439	7.0677	-0.016175	-0.00029924
2.6102	7.0677	-0.015572	0.0053092
4.0765	7.0677	-0.016656	0.010804
5.5428	7.0677	-0.01787	0.016371
7.0091	7.0677	-0.018764	0.021236
8.4754	7.0677	-0.01053	0.025737
9.9417	7.0677	0	-0
11.408	7.0677	0	-0
12.874	7.0677	0	-0
14.341	7.0677	0	-0
15.807	7.0677	0	-0
-14.985	5.6014	0	-0
-13.519	5.6014	0	-0
-12.053	5.6014	0	-0
-10.587	5.6014	0	-0
-9.1202	5.6014	0	-0
-7.6539	5.6014	0	-0
-6.1876	5.6014	0	-0
-4.7213	5.6014	0	-0
-3.255	5.6014	0	-0
-1.7887	5.6014	-0.0013528	-0.013753
-0.32241	5.6014	-0.0092391	-0.0080097
1.1439	5.6014	-0.0095948	-0.0018332
2.6102	5.6014	-0.0099226	0.003664
4.0765	5.6014	-0.01068	0.0074129
5.5428	5.6014	-0.011931	0.013283
7.0091	5.6014	-0.012398	0.017843
8.4754	5.6014	-0.0079368	0.021772
9.9417	5.6014	0	-0
11.408	5.6014	0	-0
12.874	5.6014	0	-0
14.341	5.6014	0	-0
15.807	5.6014	0	-0
-14.985	4.1351	0	-0
-13.519	4.1351	0	-0
-12.053	4.1351	0	-0
-10.587	4.1351	0	-0
-9.1202	4.1351	0	-0
-7.6539	4.1351	0	-0
-6.1876	4.1351	0	-0
-4.7213	4.1351	0	-0
-3.255	4.1351	0	-0
-1.7887	4.1351	-0.0024582	-0.01457
-0.32241	4.1351	-0.0042539	-0.009148
1.1439	4.1351	-0.0048746	-0.0047226
2.6102	4.1351	-0.0056121	0.00073839
4.0765	4.1351	-0.005591	0.0049839
5.5428	4.1351	-0.0075052	0.010174
7.0091	4.1351	-0.0078122	0.013993
8.4754	4.1351	-0.0051131	0.01717
9.9417	4.1351	0	-0
11.408	4.1351	0	-0
12.874	4.1351	0	-0
14.341	4.1351	0	-0
15.807	4.1351	0	-0
-14.985	2.6688	0	-0
-13.519	2.6688	0	-0
-12.053	2.6688	0	-0
-10.587	2.6688	0	-0
-9.1202	2.6688	0	-0
-7.6539	2.6688	0	-0
-6.1876	2.6688	0	-0
-4.7213	2.6688	0	-0
-3.255	2.6688	0	-0
-1.7887	2.6688	0.0016834	-0.016121
-0.32241	2.6688	0.00085964	-0.011085
1.1439	2.6688	7.8766e-005	-0.0065011
2.6102	2.6688	-0.0002485	-0.0014197
4.0765	2.6688	-0.0011788	0.0034053
5.5428	2.6688	-0.003017	0.0070374
7.0091	2.6688	-0.0037092	0.010245
8.4754	2.6688	-0.0018462	0.013632
9.9417	2.6688	0	-0
11.408	2.6688	0	-0
12.874	2.6688	0	-0
14.341	2.6688	0	-0
15.807	2.6688	0	-0
-14.985	1.2025	0	-0
-13.519	1.2025	0	-0
-12.053	1.2025	0	-0
-10.587	1.2025	0	-0
-9.1202	1.2025	0	-0
-7.6539	1.2025	0	-0
-6.1876	1.2025	0	-0
-4.7213	1.2025	0	-0
-3.255	1.2025	0	-0
-1.7887	1.2025	0.0058107	-0.018578
-0.32241	1.2025	0.0054159	-0.013045
1.1439	1.2025	0.0048056	-0.0083502
2.6102	1.2025	0.0040019	-0.0039511
4.0765	1.2025	0.0027131	4.5414e-005
5.5428	1.2025	0.0013241	0.0036479
7.0091	1.2025	0.0003788	0.0064743
8.4754	1.2025	-7.7263e-005	0.0090321
9.9417	1.2025	0	-0
11.408	1.2025	0	-0
12.874	1.2025	0	-0
14.341	1.2025	0	-0
15.807	1.2025	0	-0
-14.985	-0.2638	0	-0
-13.519	-0.2638	0	-0
-12.053	-0.2638	0	-0
-10.587	-0.2638	0	-0
-9.1202	-0.2638	0	-0
-7.6539	-0.2638	0	-0
-6.1876	-0.2638	0	-0
-4.7213	-0.2638	0	-0
-3.255	-0.2638	0	-0
-1.7887	-0.2638	0.0092262	-0.020421
-0.32241	-0.2638	0.0091307	-0.015978
1.1439	-0.2638	0.0083085	-0.011395
2.6102	-0.2638	0.0073661	-0.0075621
4.0765	-0.2638	0.0060803	-0.0041628
5.5428	-0.2638	0.0048484	-0.00067457
7.0091	-0.2638	0.0037548	0.0025447
8.4754	-0.2638	0.0034399	0.0057654
9.9417	-0.2638	0	-0
11.408	-0.2638	0	-0
12.874	-0.2638	0	-0
14.341	-0.2638	0	-0
15.807	-0.2638	0	-0
-14.985	-1.7301	0	-0
-13.519	-1.7301	0	-0
-12.053	-1.7301	0	-0
-10.587	-1.7301	0	-0
-9.1202	-1.7301	0	-0
-7.6539	-1.7301	0	-0
-6.1876	-1.7301	0	-0
-4.7213	-1.7301	0	-0
-3.255	-1.7301	0	-0
-1.7887	-1.7301	0.012075	-0.023079
-0.32241	-1.7301	0.011697	-0.019356
1.1439	-1.7301	0.011784	-0.014219
2.6102	-1.7301	0.010433	-0.010881
4.0765	-1.7301	0.0092307	-0.0080831
5.5428	-1.7301	0.0080819	-0.00493
7.0091	-1.7301	0.0070812	-0.0015275
8.4754	-1.7301	0.0065958	0.0021128
9.9417	-1.7301	0	-0
11.408	-1.7301	0	-0
12.874	-1.7301	0	-0
14.341	-1.7301	0	-0
15.807	-1.7301	0	-0
-14.985	-3.1964	0	-0
-13.519	-3.1964	0	-0
-12.053	-3.1964	0	-0
-10.587	-3.1964	0	-0
-9.1202	-3.1964	0	-0
-7.6539	-3.1964	0	-0
-6.1876	-3.1964	0	-0
-4.7213	-3.1964	0	-0
-3.255	-3.1964	0	-0
-1.7887	-3.1964	0.014447	-0.025935
-0.32241	-3.1964	0.014801	-0.022784
1.1439	-3.1964	0.014252	-0.019309
2.6102	-3.1964	0.012716	-0.015554
4.0765	-3.1964	0.011575	-0.011736
5.5428	-3.1964	0.010572	-0.0084135
7.0091	-3.1964	0.010188	-0.0050619
8.4754	-3.1964	0.0093323	-0.0013387
9.9417	-3.1964	0	-0
11.408	-3.1964	0	-0
12.874	-3.1964	0	-0
14.341	-3.1964	0	-0
15.807	-3.1964	0	-0
-14.985	-4.6627	0	-0
-13.519	-4.6627	0	-0
-12.053	-4.6627	0	-0
-10.587	-4.6627	0	-0
-9.1202	-4.6627	0	-0
-7.6539	-4.6627	0	-0
-6.1876	-4.6627	0	-0
-4.7213	-4.6627	0	-0
-3.255	-4.6627	0	-0
-1.7887	-4.6627	0.013382	-0.028931
-0.32241	-4.6627	0.017116	-0.025906
1.1439	-4.6627	0.016578	-0.023339
2.6102	-4.6627	0.015605	-0.019802
4.0765	-4.6627	0.014206	-0.015971
5.5428	-4.6627	0.013662	-0.011912
7.0091	-4.6627	0.013366	-0.0081935
8.4754	-4.6627	0.012284	-0.0048485
9.9417	-4.6627	0	-0
11.408	-4.6627	0	-0
12.874	-4.6627	0	-0
14.341	-4.6627	0	-0
15.807	-4.6627	0	-0
-14.985	-6.129	0	-0
-13.519	-6.129	0	-0
-12.053	-6.129	0	-0
-10.587	-6.129	0	-0
-9.1202	-6.129	0	-0
-7.6539	-6.129	0	-0
-6.1876	-6.129	0	-0
-4.7213	-6.129	0	-0
-3.255	-6.129	0	-0
-1.7887	-6.129	0.015334	-0.031521
-0.32241	-6.129	0.018973	-0.028626
1.1439	-6.129	0.018898	-0.026211
2.6102	-6.129	0.018327	-0.023072
4.0765	-6.129	0.017285	-0.019195
5.5428	-6.129	0.016672	-0.014996
7.0091	-6.129	0.015859	-0.011717
8.4754	-6.129	0.014623	-0.0089742
9.9417	-6.129	0	-0
11.408	-6.129	0	-0
12.874	-6.129	0	-0
14.341	-6.129	0	-0
15.807	-6.129	0	-0
-14.985	-7.5953	0	-0
-13.519	-7.5953	0	-0
-12.053	-7.5953	0	-0
-10.587	-7.5953	0	-0
-9.1202	-7.5953	0	-0
-7.6539	-7.5953	0	-0
-6.1876	-7.5953	0	-0
-4.7213	-7.5953	0	-0
-3.255	-7.5953	0	-0
-1.7887	-7.5953	0.017966	-0.033251
-0.32241	-7.5953	0.020395	-0.030899
1.1439	-7.5953	0.020623	-0.028395
2.6102	-7.5953	0.019928	-0.025581
4.0765	-7.5953	0.019562	-0.021586
5.5428	-7.5953	0.018737	-0.017877
7.0091	-7.5953	0.017948	-0.015242
8.4754	-7.5953	0.015917	-0.012981
9.9417	-7.5953	0	-0
11.408	-7.5953	0	-0
12.874	-7.5953	0	-0
14.341	-7.5953	0	-0
15.807	-7.5953	0	-0
-14.985	-9.0616	0	-0
-13.519	-9.0616	0	-0
-12.053	-9.0616	0	-0
-10.587	-9.0616	0	-0
-9.1202	-9.0616	0	-0
-7.6539	-9.0616	0	-0
-6.1876	-9.0616	0	-0
-4.7213	-9.0616	0	-0
-3.255	-9.0616	0	-0
-1.7887	-9.0616	0.018767	-0.035095
-0.32241	-9.0616	0.021522	-0.033033
1.1439	-9.0616	0.021594	-0.030561
2.6102	-9.0616	0.021175	-0.02797
4.0765	-9.0616	0.020865	-0.02481
5.5428	-9.0616	0.020631	-0.021814
7.0091	-9.0616	0.019955	-0.019392
8.4754	-9.0616	0.018184	-0.017216
9.9417	-9.0616	0	-0
11.408	-9.0616	0	-0
12.874	-9.0616	0	-0
14.341	-9.0616	0	-0
15.807	-9.0616	0	-0
-14.985	-10.528	0	-0
-13.519	-10.528	0	-0
-12.053	-10.528	0	-0
-10.587	-10.528	0	-0
-9.1202	-10.528	0	-0
-7.6539	-10.528	0	-0
-6.1876	-10.528	0	-0
-4.7213	-10.528	0	-0
-3.255	-10.528	0	-0
-1.7887	-10.528	0.019809	-0.037215
-0.32241	-10.528	0.022034	-0.035365
1.1439	-10.528	0.022271	-0.033097
2.6102	-10.528	0.022639	-0.030529
4.0765	-10.528	0.021882	-0.027536
5.5428	-10.528	0.021743	-0.024202
7.0091	-10.528	0.021565	-0.022339
8.4754	-10.528	0.020441	-0.019228
9.9417	-10.528	0	-0
11.408	-10.528	0	-0
12.874	-10.528	0	-0
14.341	-10.528	0	-0
15.807	-10.528	0	-0
-14.985	-11.994	0	-0
-13.519	-11.994	0	-0
-12.053	-11.994	0	-0
-10.587	-11.994	0	-0
-9.1202	-11.994	0	-0
-7.6539	-11.994	0	-0
-6.1876	-11.994	0	-0
-4.7213	-11.994	0	-0
-3.255	-11.994	0	-0
-1.7887	-11.994	0	-0
-0.32241	-11.994	0	-0
1.1439	-11.994	0	-0
2.6102	-11.994	0	-0
4.0765	-11.994	0	-0
5.5428	-11.994	0	-0
7.0091	-11.994	0	-0
8.4754	-11.994	0	-0
9.9417	-11.994	0	-0
11.408	-11.994	0	-0
12.874	-11.994	0	-0
14.341	-11.994	0	-0
15.807	-11.994	0	-0
