#DaVis 7.4.0 2D-vector 96 22 22 "" "[mm]" "" "[mm]" "displacement" "[mm]"
-14.985	18.798	0	-0
-13.519	18.798	0	-0
-12.053	18.798	0	-0
-10.587	18.798	0	-0
-9.1202	18.798	0	-0
-7.6539	18.798	0	-0
-6.1876	18.798	0	-0
-4.7213	18.798	0	-0
-3.255	18.798	0	-0
-1.7887	18.798	-0.062618	0.0066325
-0.32241	18.798	-0.067757	0.022866
1.1439	18.798	-0.85197	-0.45708
2.6102	18.798	-0.071762	-0.83138
4.0765	18.798	-0.040006	-0.56896
5.5428	18.798	-0.070485	0.046108
7.0091	18.798	-0.069152	0.049186
8.4754	18.798	-0.045201	0.053418
9.9417	18.798	0	-0
11.408	18.798	0	-0
12.874	18.798	0	-0
14.341	18.798	0	-0
15.807	18.798	0	-0
-14.985	17.332	0	-0
-13.519	17.332	0	-0
-12.053	17.332	0	-0
-10.587	17.332	0	-0
-9.1202	17.332	0	-0
-7.6539	17.332	0	-0
-6.1876	17.332	0	-0
-4.7213	17.332	0	-0
-3.255	17.332	0	-0
-1.7887	17.332	-0.056793	0.0063051
-0.32241	17.332	-0.06087	0.015833
1.1439	17.332	-0.061965	0.023317
2.6102	17.332	-0.063265	0.030854
4.0765	17.332	-0.064529	0.03868
5.5428	17.332	-0.064809	0.043898
7.0091	17.332	-0.062842	0.049136
8.4754	17.332	-0.0447	0.053606
9.9417	17.332	0	-0
11.408	17.332	0	-0
12.874	17.332	0	-0
14.341	17.332	0	-0
15.807	17.332	0	-0
-14.985	15.866	0	-0
-13.519	15.866	0	-0
-12.053	15.866	0	-0
-10.587	15.866	0	-0
-9.1202	15.866	0	-0
-7.6539	15.866	0	-0
-6.1876	15.866	0	-0
-4.7213	15.866	0	-0
-3.255	15.866	0	-0
-1.7887	15.866	-0.049352	0.0032705
-0.32241	15.866	-0.054407	0.01148
1.1439	15.866	-0.05505	0.01916
2.6102	15.866	-0.056338	0.026973
4.0765	15.866	-0.057968	0.034042
5.5428	15.866	-0.05791	0.040488
7.0091	15.866	-0.059438	0.045708
8.4754	15.866	-0.043906	0.050767
9.9417	15.866	0	-0
11.408	15.866	0	-0
12.874	15.866	0	-0
14.341	15.866	0	-0
15.807	15.866	0	-0
-14.985	14.399	0	-0
-13.519	14.399	0	-0
-12.053	14.399	0	-0
-10.587	14.399	0	-0
-9.1202	14.399	0	-0
-7.6539	14.399	0	-0
-6.1876	14.399	0	-0
-4.7213	14.399	0	-0
-3.255	14.399	0	-0
-1.7887	14.399	-0.040497	-0.0003974
-0.32241	14.399	-0.047144	0.008195
1.1439	14.399	-0.048438	0.014605
2.6102	14.399	-0.048495	0.023079
4.0765	14.399	-0.049805	0.030509
5.5428	14.399	-0.05272	0.036569
7.0091	14.399	-0.053314	0.041689
8.4754	14.399	-0.036631	0.045727
9.9417	14.399	0	-0
11.408	14.399	0	-0
12.874	14.399	0	-0
14.341	14.399	0	-0
15.807	14.399	0	-0
-14.985	12.933	0	-0
-13.519	12.933	0	-0
-12.053	12.933	0	-0
-10.587	12.933	0	-0
-9.1202	12.933	0	-0
-7.6539	12.933	0	-0
-6.1876	12.933	0	-0
-4.7213	12.933	0	-0
-3.255	12.933	0	-0
-1.7887	12.933	-0.022012	-0.0022116
-0.32241	12.933	-0.039625	0.0045321
1.1439	12.933	-0.041	0.010731
2.6102	12.933	-0.041705	0.018969
4.0765	12.933	-0.042698	0.026745
5.5428	12.933	-0.045383	0.032716
7.0091	12.933	-0.045351	0.037546
8.4754	12.933	-0.030066	0.042331
9.9417	12.933	0	-0
11.408	12.933	0	-0
12.874	12.933	0	-0
14.341	12.933	0	-0
15.807	12.933	0	-0
-14.985	11.467	0	-0
-13.519	11.467	0	-0
-12.053	11.467	0	-0
-10.587	11.467	0	-0
-9.1202	11.467	0	-0
-7.6539	11.467	0	-0
-6.1876	11.467	0	-0
-4.7213	11.467	0	-0
-3.255	11.467	0	-0
-1.7887	11.467	-0.012538	-0.005516
-0.32241	11.467	-0.03146	0.00076198
1.1439	11.467	-0.033573	0.0078483
2.6102	11.467	-0.03465	0.014764
4.0765	11.467	-0.035975	0.022154
5.5428	11.467	-0.037864	0.028538
7.0091	11.467	-0.038075	0.033904
8.4754	11.467	-0.022506	0.039271
9.9417	11.467	0	-0
11.408	11.467	0	-0
12.874	11.467	0	-0
14.341	11.467	0	-0
15.807	11.467	0	-0
-14.985	10	0	-0
-13.519	10	0	-0
-12.053	10	0	-0
-10.587	10	0	-0
-9.1202	10	0	-0
-7.6539	10	0	-0
-6.1876	10	0	-0
-4.7213	10	0	-0
-3.255	10	0	-0
-1.7887	10	-0.0039026	-0.0079255
-0.32241	10	-0.024133	-0.00086139
1.1439	10	-0.026595	0.0054413
2.6102	10	-0.027155	0.011522
4.0765	10	-0.028566	0.017796
5.5428	10	-0.030817	0.024352
7.0091	10	-0.031084	0.02945
8.4754	10	-0.01873	0.035291
9.9417	10	0	-0
11.408	10	0	-0
12.874	10	0	-0
14.341	10	0	-0
15.807	10	0	-0
-14.985	8.534	0	-0
-13.519	8.534	0	-0
-12.053	8.534	0	-0
-10.587	8.534	0	-0
-9.1202	8.534	0	-0
-7.6539	8.534	0	-0
-6.1876	8.534	0	-0
-4.7213	8.534	0	-0
-3.255	8.534	0	-0
-1.7887	8.534	-0.006305	-0.009664
-0.32241	8.534	-0.01926	-0.0029241
1.1439	8.534	-0.020549	0.0033586
2.6102	8.534	-0.020674	0.0090005
4.0765	8.534	-0.022377	0.013707
5.5428	8.534	-0.023976	0.020761
7.0091	8.534	-0.024912	0.025887
8.4754	8.534	-0.01582	0.030373
9.9417	8.534	0	-0
11.408	8.534	0	-0
12.874	8.534	0	-0
14.341	8.534	0	-0
15.807	8.534	0	-0
-14.985	7.0677	0	-0
-13.519	7.0677	0	-0
-12.053	7.0677	0	-0
-10.587	7.0677	0	-0
-9.1202	7.0677	0	-0
-7.6539	7.0677	0	-0
-6.1876	7.0677	0	-0
-4.7213	7.0677	0	-0
-3.255	7.0677	0	-0
-1.7887	7.0677	-0.0055169	-0.011072
-0.32241	7.0677	-0.013721	-0.0049661
1.1439	7.0677	-0.015691	0.00088123
2.6102	7.0677	-0.015059	0.0063025
4.0765	7.0677	-0.016278	0.011277
5.5428	7.0677	-0.017582	0.016759
7.0091	7.0677	-0.018449	0.021736
8.4754	7.0677	-0.0094649	0.026085
9.9417	7.0677	0	-0
11.408	7.0677	0	-0
12.874	7.0677	0	-0
14.341	7.0677	0	-0
15.807	7.0677	0	-0
-14.985	5.6014	0	-0
-13.519	5.6014	0	-0
-12.053	5.6014	0	-0
-10.587	5.6014	0	-0
-9.1202	5.6014	0	-0
-7.6539	5.6014	0	-0
-6.1876	5.6014	0	-0
-4.7213	5.6014	0	-0
-3.255	5.6014	0	-0
-1.7887	5.6014	-0.0016778	-0.013069
-0.32241	5.6014	-0.0088092	-0.0073513
1.1439	5.6014	-0.0091911	-0.0012818
2.6102	5.6014	-0.0096046	0.0041625
4.0765	5.6014	-0.01047	0.0077875
5.5428	5.6014	-0.011855	0.013318
7.0091	5.6014	-0.012289	0.018084
8.4754	5.6014	-0.0074143	0.022099
9.9417	5.6014	0	-0
11.408	5.6014	0	-0
12.874	5.6014	0	-0
14.341	5.6014	0	-0
15.807	5.6014	0	-0
-14.985	4.1351	0	-0
-13.519	4.1351	0	-0
-12.053	4.1351	0	-0
-10.587	4.1351	0	-0
-9.1202	4.1351	0	-0
-7.6539	4.1351	0	-0
-6.1876	4.1351	0	-0
-4.7213	4.1351	0	-0
-3.255	4.1351	0	-0
-1.7887	4.1351	-0.0027901	-0.014066
-0.32241	4.1351	-0.0038662	-0.0086439
1.1439	4.1351	-0.0045805	-0.0042286
2.6102	4.1351	-0.0053853	0.00107
4.0765	4.1351	-0.0053553	0.005274
5.5428	4.1351	-0.0074622	0.010413
7.0091	4.1351	-0.0078513	0.013985
8.4754	4.1351	-0.0049183	0.016979
9.9417	4.1351	0	-0
11.408	4.1351	0	-0
12.874	4.1351	0	-0
14.341	4.1351	0	-0
15.807	4.1351	0	-0
-14.985	2.6688	0	-0
-13.519	2.6688	0	-0
-12.053	2.6688	0	-0
-10.587	2.6688	0	-0
-9.1202	2.6688	0	-0
-7.6539	2.6688	0	-0
-6.1876	2.6688	0	-0
-4.7213	2.6688	0	-0
-3.255	2.6688	0	-0
-1.7887	2.6688	0.001628	-0.015575
-0.32241	2.6688	0.00086898	-0.010642
1.1439	2.6688	0.00030274	-0.0061056
2.6102	2.6688	-0.0001245	-0.0013842
4.0765	2.6688	-0.0012482	0.0032016
5.5428	2.6688	-0.002934	0.0071218
7.0091	2.6688	-0.0035996	0.010121
8.4754	2.6688	-0.0020339	0.013221
9.9417	2.6688	0	-0
11.408	2.6688	0	-0
12.874	2.6688	0	-0
14.341	2.6688	0	-0
15.807	2.6688	0	-0
-14.985	1.2025	0	-0
-13.519	1.2025	0	-0
-12.053	1.2025	0	-0
-10.587	1.2025	0	-0
-9.1202	1.2025	0	-0
-7.6539	1.2025	0	-0
-6.1876	1.2025	0	-0
-4.7213	1.2025	0	-0
-3.255	1.2025	0	-0
-1.7887	1.2025	0.0056071	-0.018066
-0.32241	1.2025	0.0050823	-0.012779
1.1439	1.2025	0.0047769	-0.0081978
2.6102	1.2025	0.0038747	-0.0039572
4.0765	1.2025	0.0026411	0.00010482
5.5428	1.2025	0.0012943	0.0035275
7.0091	1.2025	0.00030946	0.0062788
8.4754	1.2025	-0.00022356	0.0086814
9.9417	1.2025	0	-0
11.408	1.2025	0	-0
12.874	1.2025	0	-0
14.341	1.2025	0	-0
15.807	1.2025	0	-0
-14.985	-0.2638	0	-0
-13.519	-0.2638	0	-0
-12.053	-0.2638	0	-0
-10.587	-0.2638	0	-0
-9.1202	-0.2638	0	-0
-7.6539	-0.2638	0	-0
-6.1876	-0.2638	0	-0
-4.7213	-0.2638	0	-0
-3.255	-0.2638	0	-0
-1.7887	-0.2638	0.0086331	-0.020206
-0.32241	-0.2638	0.0088432	-0.015774
1.1439	-0.2638	0.0083826	-0.011325
2.6102	-0.2638	0.0070021	-0.0075208
4.0765	-0.2638	0.0060749	-0.0040329
5.5428	-0.2638	0.0046587	-0.0010912
7.0091	-0.2638	0.0036003	0.0020454
8.4754	-0.2638	0.0031471	0.0052452
9.9417	-0.2638	0	-0
11.408	-0.2638	0	-0
12.874	-0.2638	0	-0
14.341	-0.2638	0	-0
15.807	-0.2638	0	-0
-14.985	-1.7301	0	-0
-13.519	-1.7301	0	-0
-12.053	-1.7301	0	-0
-10.587	-1.7301	0	-0
-9.1202	-1.7301	0	-0
-7.6539	-1.7301	0	-0
-6.1876	-1.7301	0	-0
-4.7213	-1.7301	0	-0
-3.255	-1.7301	0	-0
-1.7887	-1.7301	0.011476	-0.022873
-0.32241	-1.7301	0.011577	-0.019235
1.1439	-1.7301	0.011704	-0.013845
2.6102	-1.7301	0.010127	-0.010911
4.0765	-1.7301	0.0089927	-0.008316
5.5428	-1.7301	0.0077458	-0.005369
7.0091	-1.7301	0.0065814	-0.0022979
8.4754	-1.7301	0.0059082	0.0012668
9.9417	-1.7301	0	-0
11.408	-1.7301	0	-0
12.874	-1.7301	0	-0
14.341	-1.7301	0	-0
15.807	-1.7301	0	-0
-14.985	-3.1964	0	-0
-13.519	-3.1964	0	-0
-12.053	-3.1964	0	-0
-10.587	-3.1964	0	-0
-9.1202	-3.1964	0	-0
-7.6539	-3.1964	0	-0
-6.1876	-3.1964	0	-0
-4.7213	-3.1964	0	-0
-3.255	-3.1964	0	-0
-1.7887	-3.1964	0.013694	-0.025819
-0.32241	-3.1964	0.014614	-0.022805
1.1439	-3.1964	0.01396	-0.019544
2.6102	-3.1964	0.012279	-0.015831
4.0765	-3.1964	0.011102	-0.012156
5.5428	-3.1964	0.01008	-0.0088572
7.0091	-3.1964	0.0097243	-0.0057115
8.4754	-3.1964	0.0087165	-0.0021249
9.9417	-3.1964	0	-0
11.408	-3.1964	0	-0
12.874	-3.1964	0	-0
14.341	-3.1964	0	-0
15.807	-3.1964	0	-0
-14.985	-4.6627	0	-0
-13.519	-4.6627	0	-0
-12.053	-4.6627	0	-0
-10.587	-4.6627	0	-0
-9.1202	-4.6627	0	-0
-7.6539	-4.6627	0	-0
-6.1876	-4.6627	0	-0
-4.7213	-4.6627	0	-0
-3.255	-4.6627	0	-0
-1.7887	-4.6627	0.011866	-0.028789
-0.32241	-4.6627	0.016662	-0.026069
1.1439	-4.6627	0.016121	-0.023568
2.6102	-4.6627	0.01506	-0.020124
4.0765	-4.6627	0.013731	-0.016791
5.5428	-4.6627	0.013121	-0.012771
7.0091	-4.6627	0.01285	-0.008827
8.4754	-4.6627	0.011619	-0.0054872
9.9417	-4.6627	0	-0
11.408	-4.6627	0	-0
12.874	-4.6627	0	-0
14.341	-4.6627	0	-0
15.807	-4.6627	0	-0
-14.985	-6.129	0	-0
-13.519	-6.129	0	-0
-12.053	-6.129	0	-0
-10.587	-6.129	0	-0
-9.1202	-6.129	0	-0
-7.6539	-6.129	0	-0
-6.1876	-6.129	0	-0
-4.7213	-6.129	0	-0
-3.255	-6.129	0	-0
-1.7887	-6.129	0.014327	-0.03187
-0.32241	-6.129	0.018277	-0.028968
1.1439	-6.129	0.018354	-0.026596
2.6102	-6.129	0.017533	-0.023537
4.0765	-6.129	0.016673	-0.019675
5.5428	-6.129	0.016228	-0.015658
7.0091	-6.129	0.015176	-0.012655
8.4754	-6.129	0.013632	-0.0099818
9.9417	-6.129	0	-0
11.408	-6.129	0	-0
12.874	-6.129	0	-0
14.341	-6.129	0	-0
15.807	-6.129	0	-0
-14.985	-7.5953	0	-0
-13.519	-7.5953	0	-0
-12.053	-7.5953	0	-0
-10.587	-7.5953	0	-0
-9.1202	-7.5953	0	-0
-7.6539	-7.5953	0	-0
-6.1876	-7.5953	0	-0
-4.7213	-7.5953	0	-0
-3.255	-7.5953	0	-0
-1.7887	-7.5953	0.016911	-0.033575
-0.32241	-7.5953	0.019354	-0.031489
1.1439	-7.5953	0.019615	-0.029062
2.6102	-7.5953	0.018995	-0.026275
4.0765	-7.5953	0.018643	-0.022466
5.5428	-7.5953	0.017919	-0.018909
7.0091	-7.5953	0.017057	-0.016265
8.4754	-7.5953	0.015052	-0.014135
9.9417	-7.5953	0	-0
11.408	-7.5953	0	-0
12.874	-7.5953	0	-0
14.341	-7.5953	0	-0
15.807	-7.5953	0	-0
-14.985	-9.0616	0	-0
-13.519	-9.0616	0	-0
-12.053	-9.0616	0	-0
-10.587	-9.0616	0	-0
-9.1202	-9.0616	0	-0
-7.6539	-9.0616	0	-0
-6.1876	-9.0616	0	-0
-4.7213	-9.0616	0	-0
-3.255	-9.0616	0	-0
-1.7887	-9.0616	0.017576	-0.03543
-0.32241	-9.0616	0.020537	-0.033443
1.1439	-9.0616	0.020352	-0.031311
2.6102	-9.0616	0.020272	-0.028734
4.0765	-9.0616	0.019897	-0.025459
5.5428	-9.0616	0.01958	-0.022461
7.0091	-9.0616	0.018818	-0.020349
8.4754	-9.0616	0.016884	-0.018351
9.9417	-9.0616	0	-0
11.408	-9.0616	0	-0
12.874	-9.0616	0	-0
14.341	-9.0616	0	-0
15.807	-9.0616	0	-0
-14.985	-10.528	0	-0
-13.519	-10.528	0	-0
-12.053	-10.528	0	-0
-10.587	-10.528	0	-0
-9.1202	-10.528	0	-0
-7.6539	-10.528	0	-0
-6.1876	-10.528	0	-0
-4.7213	-10.528	0	-0
-3.255	-10.528	0	-0
-1.7887	-10.528	0.018505	-0.037614
-0.32241	-10.528	0.020783	-0.035883
1.1439	-10.528	0.021065	-0.033782
2.6102	-10.528	0.021571	-0.031474
4.0765	-10.528	0.020669	-0.028456
5.5428	-10.528	0.020542	-0.025218
7.0091	-10.528	0.020199	-0.023394
8.4754	-10.528	0.019105	-0.020496
9.9417	-10.528	0	-0
11.408	-10.528	0	-0
12.874	-10.528	0	-0
14.341	-10.528	0	-0
15.807	-10.528	0	-0
-14.985	-11.994	0	-0
-13.519	-11.994	0	-0
-12.053	-11.994	0	-0
-10.587	-11.994	0	-0
-9.1202	-11.994	0	-0
-7.6539	-11.994	0	-0
-6.1876	-11.994	0	-0
-4.7213	-11.994	0	-0
-3.255	-11.994	0	-0
-1.7887	-11.994	0	-0
-0.32241	-11.994	0	-0
1.1439	-11.994	0	-0
2.6102	-11.994	0	-0
4.0765	-11.994	0	-0
5.5428	-11.994	0	-0
7.0091	-11.994	0	-0
8.4754	-11.994	0	-0
9.9417	-11.994	0	-0
11.408	-11.994	0	-0
12.874	-11.994	0	-0
14.341	-11.994	0	-0
15.807	-11.994	0	-0
