#DaVis 7.4.0 2D-vector 96 22 22 "" "[mm]" "" "[mm]" "displacement" "[mm]"
-14.985	18.798	0	-0
-13.519	18.798	0	-0
-12.053	18.798	0	-0
-10.587	18.798	0	-0
-9.1202	18.798	0	-0
-7.6539	18.798	0	-0
-6.1876	18.798	0	-0
-4.7213	18.798	0	-0
-3.255	18.798	0	-0
-1.7887	18.798	-0.044859	0.0041972
-0.32241	18.798	-0.049304	0.010385
1.1439	18.798	-0.049189	0.013351
2.6102	18.798	-0.050478	0.020414
4.0765	18.798	-0.051594	0.021661
5.5428	18.798	-0.050231	0.026194
7.0091	18.798	-0.05015	0.025212
8.4754	18.798	-0.022956	0.032983
9.9417	18.798	0	-0
11.408	18.798	0	-0
12.874	18.798	0	-0
14.341	18.798	0	-0
15.807	18.798	0	-0
-14.985	17.332	0	-0
-13.519	17.332	0	-0
-12.053	17.332	0	-0
-10.587	17.332	0	-0
-9.1202	17.332	0	-0
-7.6539	17.332	0	-0
-6.1876	17.332	0	-0
-4.7213	17.332	0	-0
-3.255	17.332	0	-0
-1.7887	17.332	-0.039897	0.0018985
-0.32241	17.332	-0.044631	0.0088972
1.1439	17.332	-0.044713	0.01384
2.6102	17.332	-0.045492	0.019562
4.0765	17.332	-0.046903	0.0248
5.5428	17.332	-0.046767	0.02904
7.0091	17.332	-0.046125	0.03265
8.4754	17.332	-0.02509	0.036171
9.9417	17.332	0	-0
11.408	17.332	0	-0
12.874	17.332	0	-0
14.341	17.332	0	-0
15.807	17.332	0	-0
-14.985	15.866	0	-0
-13.519	15.866	0	-0
-12.053	15.866	0	-0
-10.587	15.866	0	-0
-9.1202	15.866	0	-0
-7.6539	15.866	0	-0
-6.1876	15.866	0	-0
-4.7213	15.866	0	-0
-3.255	15.866	0	-0
-1.7887	15.866	-0.034683	1.1611e-006
-0.32241	15.866	-0.039011	0.0062487
1.1439	15.866	-0.040116	0.011679
2.6102	15.866	-0.040041	0.017365
4.0765	15.866	-0.040451	0.022779
5.5428	15.866	-0.04351	0.026848
7.0091	15.866	-0.042024	0.030444
8.4754	15.866	-0.025524	0.034708
9.9417	15.866	0	-0
11.408	15.866	0	-0
12.874	15.866	0	-0
14.341	15.866	0	-0
15.807	15.866	0	-0
-14.985	14.399	0	-0
-13.519	14.399	0	-0
-12.053	14.399	0	-0
-10.587	14.399	0	-0
-9.1202	14.399	0	-0
-7.6539	14.399	0	-0
-6.1876	14.399	0	-0
-4.7213	14.399	0	-0
-3.255	14.399	0	-0
-1.7887	14.399	-0.028093	-0.0021577
-0.32241	14.399	-0.034026	0.0037841
1.1439	14.399	-0.034849	0.0081705
2.6102	14.399	-0.034753	0.0139
4.0765	14.399	-0.035378	0.019695
5.5428	14.399	-0.037947	0.024143
7.0091	14.399	-0.038389	0.028033
8.4754	14.399	-0.018748	0.031438
9.9417	14.399	0	-0
11.408	14.399	0	-0
12.874	14.399	0	-0
14.341	14.399	0	-0
15.807	14.399	0	-0
-14.985	12.933	0	-0
-13.519	12.933	0	-0
-12.053	12.933	0	-0
-10.587	12.933	0	-0
-9.1202	12.933	0	-0
-7.6539	12.933	0	-0
-6.1876	12.933	0	-0
-4.7213	12.933	0	-0
-3.255	12.933	0	-0
-1.7887	12.933	-0.01167	-0.0030468
-0.32241	12.933	-0.028592	0.0014685
1.1439	12.933	-0.029567	0.0059323
2.6102	12.933	-0.029969	0.011311
4.0765	12.933	-0.030116	0.016792
5.5428	12.933	-0.032154	0.021119
7.0091	12.933	-0.032509	0.024877
8.4754	12.933	-0.014933	0.028224
9.9417	12.933	0	-0
11.408	12.933	0	-0
12.874	12.933	0	-0
14.341	12.933	0	-0
15.807	12.933	0	-0
-14.985	11.467	0	-0
-13.519	11.467	0	-0
-12.053	11.467	0	-0
-10.587	11.467	0	-0
-9.1202	11.467	0	-0
-7.6539	11.467	0	-0
-6.1876	11.467	0	-0
-4.7213	11.467	0	-0
-3.255	11.467	0	-0
-1.7887	11.467	-0.0057777	-0.0052757
-0.32241	11.467	-0.022555	-0.00079711
1.1439	11.467	-0.024236	0.004145
2.6102	11.467	-0.024682	0.0088301
4.0765	11.467	-0.025263	0.014148
5.5428	11.467	-0.026875	0.018592
7.0091	11.467	-0.02684	0.022822
8.4754	11.467	-0.0095167	0.026453
9.9417	11.467	0	-0
11.408	11.467	0	-0
12.874	11.467	0	-0
14.341	11.467	0	-0
15.807	11.467	0	-0
-14.985	10	0	-0
-13.519	10	0	-0
-12.053	10	0	-0
-10.587	10	0	-0
-9.1202	10	0	-0
-7.6539	10	0	-0
-6.1876	10	0	-0
-4.7213	10	0	-0
-3.255	10	0	-0
-1.7887	10	-0.0063619	-0.0071097
-0.32241	10	-0.017913	-0.0019997
1.1439	10	-0.019393	0.0023224
2.6102	10	-0.019327	0.0067574
4.0765	10	-0.020054	0.011359
5.5428	10	-0.021895	0.015882
7.0091	10	-0.021692	0.01971
8.4754	10	-0.0070815	0.02382
9.9417	10	0	-0
11.408	10	0	-0
12.874	10	0	-0
14.341	10	0	-0
15.807	10	0	-0
-14.985	8.534	0	-0
-13.519	8.534	0	-0
-12.053	8.534	0	-0
-10.587	8.534	0	-0
-9.1202	8.534	0	-0
-7.6539	8.534	0	-0
-6.1876	8.534	0	-0
-4.7213	8.534	0	-0
-3.255	8.534	0	-0
-1.7887	8.534	-0.0098637	-0.0083004
-0.32241	8.534	-0.013363	-0.0034241
1.1439	8.534	-0.014679	0.00097583
2.6102	8.534	-0.014824	0.0049483
4.0765	8.534	-0.015706	0.0086767
5.5428	8.534	-0.016872	0.013434
7.0091	8.534	-0.017442	0.017325
8.4754	8.534	-0.010756	0.020673
9.9417	8.534	0	-0
11.408	8.534	0	-0
12.874	8.534	0	-0
14.341	8.534	0	-0
15.807	8.534	0	-0
-14.985	7.0677	0	-0
-13.519	7.0677	0	-0
-12.053	7.0677	0	-0
-10.587	7.0677	0	-0
-9.1202	7.0677	0	-0
-7.6539	7.0677	0	-0
-6.1876	7.0677	0	-0
-4.7213	7.0677	0	-0
-3.255	7.0677	0	-0
-1.7887	7.0677	-0.0074364	-0.0089975
-0.32241	7.0677	-0.0096326	-0.0047687
1.1439	7.0677	-0.01071	-0.00078927
2.6102	7.0677	-0.010852	0.003103
4.0765	7.0677	-0.011446	0.0071497
5.5428	7.0677	-0.012394	0.010725
7.0091	7.0677	-0.012785	0.014317
8.4754	7.0677	-0.0097383	0.017623
9.9417	7.0677	0	-0
11.408	7.0677	0	-0
12.874	7.0677	0	-0
14.341	7.0677	0	-0
15.807	7.0677	0	-0
-14.985	5.6014	0	-0
-13.519	5.6014	0	-0
-12.053	5.6014	0	-0
-10.587	5.6014	0	-0
-9.1202	5.6014	0	-0
-7.6539	5.6014	0	-0
-6.1876	5.6014	0	-0
-4.7213	5.6014	0	-0
-3.255	5.6014	0	-0
-1.7887	5.6014	-0.0047045	-0.010188
-0.32241	5.6014	-0.0065189	-0.0060119
1.1439	5.6014	-0.0059922	-0.0017601
2.6102	5.6014	-0.0064993	0.0017276
4.0765	5.6014	-0.0067998	0.0046345
5.5428	5.6014	-0.0078989	0.0088445
7.0091	5.6014	-0.0083816	0.011857
8.4754	5.6014	-0.0072152	0.014832
9.9417	5.6014	0	-0
11.408	5.6014	0	-0
12.874	5.6014	0	-0
14.341	5.6014	0	-0
15.807	5.6014	0	-0
-14.985	4.1351	0	-0
-13.519	4.1351	0	-0
-12.053	4.1351	0	-0
-10.587	4.1351	0	-0
-9.1202	4.1351	0	-0
-7.6539	4.1351	0	-0
-6.1876	4.1351	0	-0
-4.7213	4.1351	0	-0
-3.255	4.1351	0	-0
-1.7887	4.1351	-0.0026639	-0.010683
-0.32241	4.1351	-0.0029789	-0.00714
1.1439	4.1351	-0.0030307	-0.003674
2.6102	4.1351	-0.0037223	0.00014016
4.0765	4.1351	-0.003373	0.0027255
5.5428	4.1351	-0.0048557	0.0065926
7.0091	4.1351	-0.0050097	0.0093003
8.4754	4.1351	-0.0046036	0.011611
9.9417	4.1351	0	-0
11.408	4.1351	0	-0
12.874	4.1351	0	-0
14.341	4.1351	0	-0
15.807	4.1351	0	-0
-14.985	2.6688	0	-0
-13.519	2.6688	0	-0
-12.053	2.6688	0	-0
-10.587	2.6688	0	-0
-9.1202	2.6688	0	-0
-7.6539	2.6688	0	-0
-6.1876	2.6688	0	-0
-4.7213	2.6688	0	-0
-3.255	2.6688	0	-0
-1.7887	2.6688	5.6652e-005	-0.011382
-0.32241	2.6688	0.00052814	-0.0081258
1.1439	2.6688	0.00013445	-0.0048005
2.6102	2.6688	-0.00040822	-0.00084435
4.0765	2.6688	-0.00067427	0.0023024
5.5428	2.6688	-0.0018001	0.0043596
7.0091	2.6688	-0.0023216	0.0067087
8.4754	2.6688	-0.0024853	0.0091556
9.9417	2.6688	0	-0
11.408	2.6688	0	-0
12.874	2.6688	0	-0
14.341	2.6688	0	-0
15.807	2.6688	0	-0
-14.985	1.2025	0	-0
-13.519	1.2025	0	-0
-12.053	1.2025	0	-0
-10.587	1.2025	0	-0
-9.1202	1.2025	0	-0
-7.6539	1.2025	0	-0
-6.1876	1.2025	0	-0
-4.7213	1.2025	0	-0
-3.255	1.2025	0	-0
-1.7887	1.2025	0.0027802	-0.012517
-0.32241	1.2025	0.0035753	-0.009456
1.1439	1.2025	0.0035073	-0.0062835
2.6102	1.2025	0.0027905	-0.0034546
4.0765	1.2025	0.0027402	-0.00013335
5.5428	1.2025	0.0013898	0.0023992
7.0091	1.2025	0.0005545	0.0042303
8.4754	1.2025	-2.8816e-005	0.0061343
9.9417	1.2025	0	-0
11.408	1.2025	0	-0
12.874	1.2025	0	-0
14.341	1.2025	0	-0
15.807	1.2025	0	-0
-14.985	-0.2638	0	-0
-13.519	-0.2638	0	-0
-12.053	-0.2638	0	-0
-10.587	-0.2638	0	-0
-9.1202	-0.2638	0	-0
-7.6539	-0.2638	0	-0
-6.1876	-0.2638	0	-0
-4.7213	-0.2638	0	-0
-3.255	-0.2638	0	-0
-1.7887	-0.2638	0.0049528	-0.014088
-0.32241	-0.2638	0.0063456	-0.011247
1.1439	-0.2638	0.0062276	-0.0086825
2.6102	-0.2638	0.0058305	-0.0054258
4.0765	-0.2638	0.0049534	-0.0023532
5.5428	-0.2638	0.0037626	-0.00025373
7.0091	-0.2638	0.0028559	0.0014804
8.4754	-0.2638	0.0023695	0.0037502
9.9417	-0.2638	0	-0
11.408	-0.2638	0	-0
12.874	-0.2638	0	-0
14.341	-0.2638	0	-0
15.807	-0.2638	0	-0
-14.985	-1.7301	0	-0
-13.519	-1.7301	0	-0
-12.053	-1.7301	0	-0
-10.587	-1.7301	0	-0
-9.1202	-1.7301	0	-0
-7.6539	-1.7301	0	-0
-6.1876	-1.7301	0	-0
-4.7213	-1.7301	0	-0
-3.255	-1.7301	0	-0
-1.7887	-1.7301	0.0061194	-0.015638
-0.32241	-1.7301	0.008213	-0.013263
1.1439	-1.7301	0.010091	-0.012386
2.6102	-1.7301	0.0072126	-0.0086772
4.0765	-1.7301	0.0066211	-0.0056035
5.5428	-1.7301	0.0056929	-0.0033193
7.0091	-1.7301	0.0052066	-0.0011787
8.4754	-1.7301	0.0043647	0.0015064
9.9417	-1.7301	0	-0
11.408	-1.7301	0	-0
12.874	-1.7301	0	-0
14.341	-1.7301	0	-0
15.807	-1.7301	0	-0
-14.985	-3.1964	0	-0
-13.519	-3.1964	0	-0
-12.053	-3.1964	0	-0
-10.587	-3.1964	0	-0
-9.1202	-3.1964	0	-0
-7.6539	-3.1964	0	-0
-6.1876	-3.1964	0	-0
-4.7213	-3.1964	0	-0
-3.255	-3.1964	0	-0
-1.7887	-3.1964	0.0051574	-0.017799
-0.32241	-3.1964	0.010354	-0.015429
1.1439	-3.1964	0.010167	-0.013316
2.6102	-3.1964	0.009002	-0.01103
4.0765	-3.1964	0.0081972	-0.008317
5.5428	-3.1964	0.0075269	-0.0060207
7.0091	-3.1964	0.0074691	-0.0036655
8.4754	-3.1964	0.0058652	-0.00090833
9.9417	-3.1964	0	-0
11.408	-3.1964	0	-0
12.874	-3.1964	0	-0
14.341	-3.1964	0	-0
15.807	-3.1964	0	-0
-14.985	-4.6627	0	-0
-13.519	-4.6627	0	-0
-12.053	-4.6627	0	-0
-10.587	-4.6627	0	-0
-9.1202	-4.6627	0	-0
-7.6539	-4.6627	0	-0
-6.1876	-4.6627	0	-0
-4.7213	-4.6627	0	-0
-3.255	-4.6627	0	-0
-1.7887	-4.6627	0.0034604	-0.019354
-0.32241	-4.6627	0.011406	-0.017397
1.1439	-4.6627	0.011624	-0.015708
2.6102	-4.6627	0.010782	-0.013351
4.0765	-4.6627	0.010068	-0.011058
5.5428	-4.6627	0.0099088	-0.0086569
7.0091	-4.6627	0.0095935	-0.0061303
8.4754	-4.6627	0.007088	-0.0040316
9.9417	-4.6627	0	-0
11.408	-4.6627	0	-0
12.874	-4.6627	0	-0
14.341	-4.6627	0	-0
15.807	-4.6627	0	-0
-14.985	-6.129	0	-0
-13.519	-6.129	0	-0
-12.053	-6.129	0	-0
-10.587	-6.129	0	-0
-9.1202	-6.129	0	-0
-7.6539	-6.129	0	-0
-6.1876	-6.129	0	-0
-4.7213	-6.129	0	-0
-3.255	-6.129	0	-0
-1.7887	-6.129	0.008317	-0.020978
-0.32241	-6.129	0.012662	-0.019019
1.1439	-6.129	0.012919	-0.017286
2.6102	-6.129	0.012347	-0.015472
4.0765	-6.129	0.011839	-0.013009
5.5428	-6.129	0.011707	-0.010456
7.0091	-6.129	0.011034	-0.0084762
8.4754	-6.129	0.0089297	-0.0068796
9.9417	-6.129	0	-0
11.408	-6.129	0	-0
12.874	-6.129	0	-0
14.341	-6.129	0	-0
15.807	-6.129	0	-0
-14.985	-7.5953	0	-0
-13.519	-7.5953	0	-0
-12.053	-7.5953	0	-0
-10.587	-7.5953	0	-0
-9.1202	-7.5953	0	-0
-7.6539	-7.5953	0	-0
-6.1876	-7.5953	0	-0
-4.7213	-7.5953	0	-0
-3.255	-7.5953	0	-0
-1.7887	-7.5953	0.010969	-0.021842
-0.32241	-7.5953	0.013651	-0.020433
1.1439	-7.5953	0.01398	-0.018809
2.6102	-7.5953	0.013376	-0.017233
4.0765	-7.5953	0.013183	-0.014927
5.5428	-7.5953	0.012911	-0.012612
7.0091	-7.5953	0.012328	-0.010839
8.4754	-7.5953	0.010265	-0.0095423
9.9417	-7.5953	0	-0
11.408	-7.5953	0	-0
12.874	-7.5953	0	-0
14.341	-7.5953	0	-0
15.807	-7.5953	0	-0
-14.985	-9.0616	0	-0
-13.519	-9.0616	0	-0
-12.053	-9.0616	0	-0
-10.587	-9.0616	0	-0
-9.1202	-9.0616	0	-0
-7.6539	-9.0616	0	-0
-6.1876	-9.0616	0	-0
-4.7213	-9.0616	0	-0
-3.255	-9.0616	0	-0
-1.7887	-9.0616	0.011527	-0.023102
-0.32241	-9.0616	0.01434	-0.021855
1.1439	-9.0616	0.014508	-0.020308
2.6102	-9.0616	0.014404	-0.018763
4.0765	-9.0616	0.014273	-0.017147
5.5428	-9.0616	0.013936	-0.01504
7.0091	-9.0616	0.013448	-0.013412
8.4754	-9.0616	0.01182	-0.012703
9.9417	-9.0616	0	-0
11.408	-9.0616	0	-0
12.874	-9.0616	0	-0
14.341	-9.0616	0	-0
15.807	-9.0616	0	-0
-14.985	-10.528	0	-0
-13.519	-10.528	0	-0
-12.053	-10.528	0	-0
-10.587	-10.528	0	-0
-9.1202	-10.528	0	-0
-7.6539	-10.528	0	-0
-6.1876	-10.528	0	-0
-4.7213	-10.528	0	-0
-3.255	-10.528	0	-0
-1.7887	-10.528	0.012344	-0.024301
-0.32241	-10.528	0.014518	-0.023283
1.1439	-10.528	0.014648	-0.021928
2.6102	-10.528	0.01497	-0.020306
4.0765	-10.528	0.01448	-0.01845
5.5428	-10.528	0.014398	-0.016089
7.0091	-10.528	0.014338	-0.01513
8.4754	-10.528	0.013154	-0.012773
9.9417	-10.528	0	-0
11.408	-10.528	0	-0
12.874	-10.528	0	-0
14.341	-10.528	0	-0
15.807	-10.528	0	-0
-14.985	-11.994	0	-0
-13.519	-11.994	0	-0
-12.053	-11.994	0	-0
-10.587	-11.994	0	-0
-9.1202	-11.994	0	-0
-7.6539	-11.994	0	-0
-6.1876	-11.994	0	-0
-4.7213	-11.994	0	-0
-3.255	-11.994	0	-0
-1.7887	-11.994	0	-0
-0.32241	-11.994	0	-0
1.1439	-11.994	0	-0
2.6102	-11.994	0	-0
4.0765	-11.994	0	-0
5.5428	-11.994	0	-0
7.0091	-11.994	0	-0
8.4754	-11.994	0	-0
9.9417	-11.994	0	-0
11.408	-11.994	0	-0
12.874	-11.994	0	-0
14.341	-11.994	0	-0
15.807	-11.994	0	-0
