#DaVis 7.4.0 2D-vector 96 22 22 "" "[mm]" "" "[mm]" "displacement" "[mm]"
-14.985	18.798	0	-0
-13.519	18.798	0	-0
-12.053	18.798	0	-0
-10.587	18.798	0	-0
-9.1202	18.798	0	-0
-7.6539	18.798	0	-0
-6.1876	18.798	0	-0
-4.7213	18.798	0	-0
-3.255	18.798	0	-0
-1.7887	18.798	-0.016425	0.001543
-0.32241	18.798	-0.020017	0.0034322
1.1439	18.798	-0.020576	0.0052135
2.6102	18.798	-0.020989	0.0070248
4.0765	18.798	-0.021594	0.0094673
5.5428	18.798	-0.021114	0.012355
7.0091	18.798	-0.020868	0.013187
8.4754	18.798	0.00072177	0.016599
9.9417	18.798	0	-0
11.408	18.798	0	-0
12.874	18.798	0	-0
14.341	18.798	0	-0
15.807	18.798	0	-0
-14.985	17.332	0	-0
-13.519	17.332	0	-0
-12.053	17.332	0	-0
-10.587	17.332	0	-0
-9.1202	17.332	0	-0
-7.6539	17.332	0	-0
-6.1876	17.332	0	-0
-4.7213	17.332	0	-0
-3.255	17.332	0	-0
-1.7887	17.332	-0.015025	0.00076138
-0.32241	17.332	-0.01886	0.003608
1.1439	17.332	-0.019114	0.0055678
2.6102	17.332	-0.019463	0.0078138
4.0765	17.332	-0.020363	0.0097948
5.5428	17.332	-0.020205	0.011328
7.0091	17.332	-0.019783	0.012876
8.4754	17.332	-0.00271	0.014474
9.9417	17.332	0	-0
11.408	17.332	0	-0
12.874	17.332	0	-0
14.341	17.332	0	-0
15.807	17.332	0	-0
-14.985	15.866	0	-0
-13.519	15.866	0	-0
-12.053	15.866	0	-0
-10.587	15.866	0	-0
-9.1202	15.866	0	-0
-7.6539	15.866	0	-0
-6.1876	15.866	0	-0
-4.7213	15.866	0	-0
-3.255	15.866	0	-0
-1.7887	15.866	-0.012954	-1.5409e-005
-0.32241	15.866	-0.016896	0.0025971
1.1439	15.866	-0.017612	0.0046655
2.6102	15.866	-0.017004	0.0065325
4.0765	15.866	-0.017719	0.0088948
5.5428	15.866	-0.019382	0.010464
7.0091	15.866	-0.01862	0.012058
8.4754	15.866	-0.0043201	0.013959
9.9417	15.866	0	-0
11.408	15.866	0	-0
12.874	15.866	0	-0
14.341	15.866	0	-0
15.807	15.866	0	-0
-14.985	14.399	0	-0
-13.519	14.399	0	-0
-12.053	14.399	0	-0
-10.587	14.399	0	-0
-9.1202	14.399	0	-0
-7.6539	14.399	0	-0
-6.1876	14.399	0	-0
-4.7213	14.399	0	-0
-3.255	14.399	0	-0
-1.7887	14.399	-0.0093517	-0.0010454
-0.32241	14.399	-0.015124	0.001406
1.1439	14.399	-0.015444	0.0030314
2.6102	14.399	-0.015336	0.0055158
4.0765	14.399	-0.015711	0.0079133
5.5428	14.399	-0.01713	0.0094925
7.0091	14.399	-0.017228	0.011082
8.4754	14.399	-0.0020229	0.012388
9.9417	14.399	0	-0
11.408	14.399	0	-0
12.874	14.399	0	-0
14.341	14.399	0	-0
15.807	14.399	0	-0
-14.985	12.933	0	-0
-13.519	12.933	0	-0
-12.053	12.933	0	-0
-10.587	12.933	0	-0
-9.1202	12.933	0	-0
-7.6539	12.933	0	-0
-6.1876	12.933	0	-0
-4.7213	12.933	0	-0
-3.255	12.933	0	-0
-1.7887	12.933	0.0031239	-0.0010427
-0.32241	12.933	-0.012979	0.00012105
1.1439	12.933	-0.013457	0.0022782
2.6102	12.933	-0.013461	0.0046409
4.0765	12.933	-0.013634	0.0070504
5.5428	12.933	-0.014872	0.0086254
7.0091	12.933	-0.014743	0.010057
8.4754	12.933	-0.00080176	0.011494
9.9417	12.933	0	-0
11.408	12.933	0	-0
12.874	12.933	0	-0
14.341	12.933	0	-0
15.807	12.933	0	-0
-14.985	11.467	0	-0
-13.519	11.467	0	-0
-12.053	11.467	0	-0
-10.587	11.467	0	-0
-9.1202	11.467	0	-0
-7.6539	11.467	0	-0
-6.1876	11.467	0	-0
-4.7213	11.467	0	-0
-3.255	11.467	0	-0
-1.7887	11.467	0.0030499	-0.0025652
-0.32241	11.467	-0.010016	-0.00088019
1.1439	11.467	-0.011397	0.001579
2.6102	11.467	-0.011056	0.00391
4.0765	11.467	-0.01173	0.0061409
5.5428	11.467	-0.012558	0.00793
7.0091	11.467	-0.012503	0.0095674
8.4754	11.467	0.0024383	0.011304
9.9417	11.467	0	-0
11.408	11.467	0	-0
12.874	11.467	0	-0
14.341	11.467	0	-0
15.807	11.467	0	-0
-14.985	10	0	-0
-13.519	10	0	-0
-12.053	10	0	-0
-10.587	10	0	-0
-9.1202	10	0	-0
-7.6539	10	0	-0
-6.1876	10	0	-0
-4.7213	10	0	-0
-3.255	10	0	-0
-1.7887	10	-0.0019273	-0.0036283
-0.32241	10	-0.0078514	-0.0012098
1.1439	10	-0.0092226	0.00073201
2.6102	10	-0.0090026	0.0030096
4.0765	10	-0.0094387	0.0050024
5.5428	10	-0.010515	0.0069353
7.0091	10	-0.010282	0.0087007
8.4754	10	0.0023318	0.010731
9.9417	10	0	-0
11.408	10	0	-0
12.874	10	0	-0
14.341	10	0	-0
15.807	10	0	-0
-14.985	8.534	0	-0
-13.519	8.534	0	-0
-12.053	8.534	0	-0
-10.587	8.534	0	-0
-9.1202	8.534	0	-0
-7.6539	8.534	0	-0
-6.1876	8.534	0	-0
-4.7213	8.534	0	-0
-3.255	8.534	0	-0
-1.7887	8.534	-0.0013459	-0.0042456
-0.32241	8.534	-0.0062069	-0.0018729
1.1439	8.534	-0.0073313	7.6309e-005
2.6102	8.534	-0.0071193	0.0022223
4.0765	8.534	-0.0073847	0.0038598
5.5428	8.534	-0.0086538	0.0059265
7.0091	8.534	-0.0085813	0.0078942
8.4754	8.534	-0.0013473	0.0096351
9.9417	8.534	0	-0
11.408	8.534	0	-0
12.874	8.534	0	-0
14.341	8.534	0	-0
15.807	8.534	0	-0
-14.985	7.0677	0	-0
-13.519	7.0677	0	-0
-12.053	7.0677	0	-0
-10.587	7.0677	0	-0
-9.1202	7.0677	0	-0
-7.6539	7.0677	0	-0
-6.1876	7.0677	0	-0
-4.7213	7.0677	0	-0
-3.255	7.0677	0	-0
-1.7887	7.0677	-0.00087118	-0.0046383
-0.32241	7.0677	-0.0043932	-0.0026606
1.1439	7.0677	-0.0056481	-0.00074707
2.6102	7.0677	-0.0052831	0.0013248
4.0765	7.0677	-0.0057209	0.0032892
5.5428	7.0677	-0.0066425	0.0049814
7.0091	7.0677	-0.0066942	0.0069462
8.4754	7.0677	-0.003243	0.0085807
9.9417	7.0677	0	-0
11.408	7.0677	0	-0
12.874	7.0677	0	-0
14.341	7.0677	0	-0
15.807	7.0677	0	-0
-14.985	5.6014	0	-0
-13.519	5.6014	0	-0
-12.053	5.6014	0	-0
-10.587	5.6014	0	-0
-9.1202	5.6014	0	-0
-7.6539	5.6014	0	-0
-6.1876	5.6014	0	-0
-4.7213	5.6014	0	-0
-3.255	5.6014	0	-0
-1.7887	5.6014	-0.00015787	-0.0052872
-0.32241	5.6014	-0.0033067	-0.0032856
1.1439	5.6014	-0.0036398	-0.00098152
2.6102	5.6014	-0.0032907	0.00080527
4.0765	5.6014	-0.0036921	0.0021353
5.5428	5.6014	-0.0047883	0.0043307
7.0091	5.6014	-0.0045614	0.0060773
8.4754	5.6014	-0.0027307	0.0074976
9.9417	5.6014	0	-0
11.408	5.6014	0	-0
12.874	5.6014	0	-0
14.341	5.6014	0	-0
15.807	5.6014	0	-0
-14.985	4.1351	0	-0
-13.519	4.1351	0	-0
-12.053	4.1351	0	-0
-10.587	4.1351	0	-0
-9.1202	4.1351	0	-0
-7.6539	4.1351	0	-0
-6.1876	4.1351	0	-0
-4.7213	4.1351	0	-0
-3.255	4.1351	0	-0
-1.7887	4.1351	-0.00043832	-0.0055445
-0.32241	4.1351	-0.0015741	-0.0036564
1.1439	4.1351	-0.001919	-0.0019101
2.6102	4.1351	-0.0018625	3.2078e-005
4.0765	4.1351	-0.0019357	0.0014149
5.5428	4.1351	-0.0030336	0.0034777
7.0091	4.1351	-0.0028475	0.0048223
8.4754	4.1351	-0.0017461	0.0062346
9.9417	4.1351	0	-0
11.408	4.1351	0	-0
12.874	4.1351	0	-0
14.341	4.1351	0	-0
15.807	4.1351	0	-0
-14.985	2.6688	0	-0
-13.519	2.6688	0	-0
-12.053	2.6688	0	-0
-10.587	2.6688	0	-0
-9.1202	2.6688	0	-0
-7.6539	2.6688	0	-0
-6.1876	2.6688	0	-0
-4.7213	2.6688	0	-0
-3.255	2.6688	0	-0
-1.7887	2.6688	0.00090102	-0.0059164
-0.32241	2.6688	0.00030444	-0.0041574
1.1439	2.6688	-0.00011343	-0.0025377
2.6102	2.6688	-0.00033398	-0.00051535
4.0765	2.6688	-0.00067348	0.0010417
5.5428	2.6688	-0.0012669	0.0023131
7.0091	2.6688	-0.0011952	0.0037373
8.4754	2.6688	-0.00090383	0.0052422
9.9417	2.6688	0	-0
11.408	2.6688	0	-0
12.874	2.6688	0	-0
14.341	2.6688	0	-0
15.807	2.6688	0	-0
-14.985	1.2025	0	-0
-13.519	1.2025	0	-0
-12.053	1.2025	0	-0
-10.587	1.2025	0	-0
-9.1202	1.2025	0	-0
-7.6539	1.2025	0	-0
-6.1876	1.2025	0	-0
-4.7213	1.2025	0	-0
-3.255	1.2025	0	-0
-1.7887	1.2025	0.0024536	-0.0066475
-0.32241	1.2025	0.0019163	-0.0048379
1.1439	1.2025	0.0018799	-0.0030563
2.6102	1.2025	0.0014351	-0.0012487
4.0765	1.2025	0.00077815	0.00039976
5.5428	1.2025	0.00058189	0.0016647
7.0091	1.2025	0.00017782	0.002854
8.4754	1.2025	0.00028144	0.0040915
9.9417	1.2025	0	-0
11.408	1.2025	0	-0
12.874	1.2025	0	-0
14.341	1.2025	0	-0
15.807	1.2025	0	-0
-14.985	-0.2638	0	-0
-13.519	-0.2638	0	-0
-12.053	-0.2638	0	-0
-10.587	-0.2638	0	-0
-9.1202	-0.2638	0	-0
-7.6539	-0.2638	0	-0
-6.1876	-0.2638	0	-0
-4.7213	-0.2638	0	-0
-3.255	-0.2638	0	-0
-1.7887	-0.2638	0.003631	-0.0071079
-0.32241	-0.2638	0.0035602	-0.0056524
1.1439	-0.2638	0.0033773	-0.0040678
2.6102	-0.2638	0.0029652	-0.0024973
4.0765	-0.2638	0.0021768	-0.0010845
5.5428	-0.2638	0.0020323	0.00030482
7.0091	-0.2638	0.0015458	0.0017893
8.4754	-0.2638	0.0013813	0.00334
9.9417	-0.2638	0	-0
11.408	-0.2638	0	-0
12.874	-0.2638	0	-0
14.341	-0.2638	0	-0
15.807	-0.2638	0	-0
-14.985	-1.7301	0	-0
-13.519	-1.7301	0	-0
-12.053	-1.7301	0	-0
-10.587	-1.7301	0	-0
-9.1202	-1.7301	0	-0
-7.6539	-1.7301	0	-0
-6.1876	-1.7301	0	-0
-4.7213	-1.7301	0	-0
-3.255	-1.7301	0	-0
-1.7887	-1.7301	0.0049585	-0.008058
-0.32241	-1.7301	0.0047691	-0.0064944
1.1439	-1.7301	0.0062229	-0.0067948
2.6102	-1.7301	0.0039987	-0.003583
4.0765	-1.7301	0.0036264	-0.0020737
5.5428	-1.7301	0.0033688	-0.00066851
7.0091	-1.7301	0.0030304	0.00071558
8.4754	-1.7301	0.0026546	0.0022272
9.9417	-1.7301	0	-0
11.408	-1.7301	0	-0
12.874	-1.7301	0	-0
14.341	-1.7301	0	-0
15.807	-1.7301	0	-0
-14.985	-3.1964	0	-0
-13.519	-3.1964	0	-0
-12.053	-3.1964	0	-0
-10.587	-3.1964	0	-0
-9.1202	-3.1964	0	-0
-7.6539	-3.1964	0	-0
-6.1876	-3.1964	0	-0
-4.7213	-3.1964	0	-0
-3.255	-3.1964	0	-0
-1.7887	-3.1964	0.0060845	-0.0089951
-0.32241	-3.1964	0.0060354	-0.0075151
1.1439	-3.1964	0.0056641	-0.0060728
2.6102	-3.1964	0.0050741	-0.0046229
4.0765	-3.1964	0.0046817	-0.0030108
5.5428	-3.1964	0.0044403	-0.0016292
7.0091	-3.1964	0.0042414	-0.0001258
8.4754	-3.1964	0.0039856	0.0013661
9.9417	-3.1964	0	-0
11.408	-3.1964	0	-0
12.874	-3.1964	0	-0
14.341	-3.1964	0	-0
15.807	-3.1964	0	-0
-14.985	-4.6627	0	-0
-13.519	-4.6627	0	-0
-12.053	-4.6627	0	-0
-10.587	-4.6627	0	-0
-9.1202	-4.6627	0	-0
-7.6539	-4.6627	0	-0
-6.1876	-4.6627	0	-0
-4.7213	-4.6627	0	-0
-3.255	-4.6627	0	-0
-1.7887	-4.6627	0.0070518	-0.0098655
-0.32241	-4.6627	0.0070236	-0.0084276
1.1439	-4.6627	0.0065851	-0.0071351
2.6102	-4.6627	0.0062497	-0.0055806
4.0765	-4.6627	0.0058277	-0.004113
5.5428	-4.6627	0.0056965	-0.0025944
7.0091	-4.6627	0.0055201	-0.0011013
8.4754	-4.6627	0.0051373	0.00027914
9.9417	-4.6627	0	-0
11.408	-4.6627	0	-0
12.874	-4.6627	0	-0
14.341	-4.6627	0	-0
15.807	-4.6627	0	-0
-14.985	-6.129	0	-0
-13.519	-6.129	0	-0
-12.053	-6.129	0	-0
-10.587	-6.129	0	-0
-9.1202	-6.129	0	-0
-7.6539	-6.129	0	-0
-6.1876	-6.129	0	-0
-4.7213	-6.129	0	-0
-3.255	-6.129	0	-0
-1.7887	-6.129	0.0078237	-0.010515
-0.32241	-6.129	0.0079076	-0.0091271
1.1439	-6.129	0.0076926	-0.0079217
2.6102	-6.129	0.0073595	-0.0065754
4.0765	-6.129	0.0071365	-0.0050264
5.5428	-6.129	0.0069307	-0.0033907
7.0091	-6.129	0.0066358	-0.0019906
8.4754	-6.129	0.0062686	-0.00081468
9.9417	-6.129	0	-0
11.408	-6.129	0	-0
12.874	-6.129	0	-0
14.341	-6.129	0	-0
15.807	-6.129	0	-0
-14.985	-7.5953	0	-0
-13.519	-7.5953	0	-0
-12.053	-7.5953	0	-0
-10.587	-7.5953	0	-0
-9.1202	-7.5953	0	-0
-7.6539	-7.5953	0	-0
-6.1876	-7.5953	0	-0
-4.7213	-7.5953	0	-0
-3.255	-7.5953	0	-0
-1.7887	-7.5953	0.0086761	-0.011058
-0.32241	-7.5953	0.0087796	-0.0098967
1.1439	-7.5953	0.0085883	-0.0085796
2.6102	-7.5953	0.0083915	-0.0073346
4.0765	-7.5953	0.008216	-0.0057881
5.5428	-7.5953	0.0078291	-0.0042553
7.0091	-7.5953	0.0076285	-0.0029593
8.4754	-7.5953	0.0073627	-0.0017997
9.9417	-7.5953	0	-0
11.408	-7.5953	0	-0
12.874	-7.5953	0	-0
14.341	-7.5953	0	-0
15.807	-7.5953	0	-0
-14.985	-9.0616	0	-0
-13.519	-9.0616	0	-0
-12.053	-9.0616	0	-0
-10.587	-9.0616	0	-0
-9.1202	-9.0616	0	-0
-7.6539	-9.0616	0	-0
-6.1876	-9.0616	0	-0
-4.7213	-9.0616	0	-0
-3.255	-9.0616	0	-0
-1.7887	-9.0616	0.0094867	-0.011909
-0.32241	-9.0616	0.0095902	-0.010465
1.1439	-9.0616	0.0094386	-0.0091656
2.6102	-9.0616	0.0092888	-0.0079816
4.0765	-9.0616	0.0092222	-0.006774
5.5428	-9.0616	0.0090648	-0.0052587
7.0091	-9.0616	0.008721	-0.0039306
8.4754	-9.0616	0.008659	-0.0030453
9.9417	-9.0616	0	-0
11.408	-9.0616	0	-0
12.874	-9.0616	0	-0
14.341	-9.0616	0	-0
15.807	-9.0616	0	-0
-14.985	-10.528	0	-0
-13.519	-10.528	0	-0
-12.053	-10.528	0	-0
-10.587	-10.528	0	-0
-9.1202	-10.528	0	-0
-7.6539	-10.528	0	-0
-6.1876	-10.528	0	-0
-4.7213	-10.528	0	-0
-3.255	-10.528	0	-0
-1.7887	-10.528	0.010191	-0.012626
-0.32241	-10.528	0.01025	-0.01155
1.1439	-10.528	0.01019	-0.010112
2.6102	-10.528	0.010337	-0.0088077
4.0765	-10.528	0.010004	-0.0076201
5.5428	-10.528	0.0098563	-0.0062516
7.0091	-10.528	0.0098207	-0.0051616
8.4754	-10.528	0.0097126	-0.004053
9.9417	-10.528	0	-0
11.408	-10.528	0	-0
12.874	-10.528	0	-0
14.341	-10.528	0	-0
15.807	-10.528	0	-0
-14.985	-11.994	0	-0
-13.519	-11.994	0	-0
-12.053	-11.994	0	-0
-10.587	-11.994	0	-0
-9.1202	-11.994	0	-0
-7.6539	-11.994	0	-0
-6.1876	-11.994	0	-0
-4.7213	-11.994	0	-0
-3.255	-11.994	0	-0
-1.7887	-11.994	0	-0
-0.32241	-11.994	0	-0
1.1439	-11.994	0	-0
2.6102	-11.994	0	-0
4.0765	-11.994	0	-0
5.5428	-11.994	0	-0
7.0091	-11.994	0	-0
8.4754	-11.994	0	-0
9.9417	-11.994	0	-0
11.408	-11.994	0	-0
12.874	-11.994	0	-0
14.341	-11.994	0	-0
15.807	-11.994	0	-0
