#DaVis 7.4.0 2D-vector 96 22 22 "" "[mm]" "" "[mm]" "displacement" "[mm]"
-14.985	18.798	0	-0
-13.519	18.798	0	-0
-12.053	18.798	0	-0
-10.587	18.798	0	-0
-9.1202	18.798	0	-0
-7.6539	18.798	0	-0
-6.1876	18.798	0	-0
-4.7213	18.798	0	-0
-3.255	18.798	0	-0
-1.7887	18.798	-0.012113	3.2273e-005
-0.32241	18.798	-0.012056	0.0013843
1.1439	18.798	-0.012457	0.0024529
2.6102	18.798	-0.012706	0.0035587
4.0765	18.798	-0.012974	0.0030913
5.5428	18.798	-0.013477	0.0061233
7.0091	18.798	-0.01349	0.0076808
8.4754	18.798	-0.0032194	0.0091177
9.9417	18.798	0	-0
11.408	18.798	0	-0
12.874	18.798	0	-0
14.341	18.798	0	-0
15.807	18.798	0	-0
-14.985	17.332	0	-0
-13.519	17.332	0	-0
-12.053	17.332	0	-0
-10.587	17.332	0	-0
-9.1202	17.332	0	-0
-7.6539	17.332	0	-0
-6.1876	17.332	0	-0
-4.7213	17.332	0	-0
-3.255	17.332	0	-0
-1.7887	17.332	-0.010992	-0.00055805
-0.32241	17.332	-0.011358	0.0010674
1.1439	17.332	-0.011569	0.0023235
2.6102	17.332	-0.011826	0.003437
4.0765	17.332	-0.012262	0.0045886
5.5428	17.332	-0.012376	0.0055732
7.0091	17.332	-0.012377	0.0064852
8.4754	17.332	-0.011312	0.0074666
9.9417	17.332	0	-0
11.408	17.332	0	-0
12.874	17.332	0	-0
14.341	17.332	0	-0
15.807	17.332	0	-0
-14.985	15.866	0	-0
-13.519	15.866	0	-0
-12.053	15.866	0	-0
-10.587	15.866	0	-0
-9.1202	15.866	0	-0
-7.6539	15.866	0	-0
-6.1876	15.866	0	-0
-4.7213	15.866	0	-0
-3.255	15.866	0	-0
-1.7887	15.866	-0.0098549	-0.0011659
-0.32241	15.866	-0.010239	0.0005419
1.1439	15.866	-0.010569	0.0017832
2.6102	15.866	-0.010488	0.0028699
4.0765	15.866	-0.010988	0.0041359
5.5428	15.866	-0.011386	0.0052194
7.0091	15.866	-0.011449	0.0061567
8.4754	15.866	-0.011318	0.0070833
9.9417	15.866	0	-0
11.408	15.866	0	-0
12.874	15.866	0	-0
14.341	15.866	0	-0
15.807	15.866	0	-0
-14.985	14.399	0	-0
-13.519	14.399	0	-0
-12.053	14.399	0	-0
-10.587	14.399	0	-0
-9.1202	14.399	0	-0
-7.6539	14.399	0	-0
-6.1876	14.399	0	-0
-4.7213	14.399	0	-0
-3.255	14.399	0	-0
-1.7887	14.399	-0.0086421	-0.0017249
-0.32241	14.399	-0.0090985	-1.8503e-005
1.1439	14.399	-0.0093853	0.001053
2.6102	14.399	-0.0096677	0.0024406
4.0765	14.399	-0.0098168	0.0038361
5.5428	14.399	-0.01026	0.0048192
7.0091	14.399	-0.010452	0.0057589
8.4754	14.399	-0.010244	0.0067223
9.9417	14.399	0	-0
11.408	14.399	0	-0
12.874	14.399	0	-0
14.341	14.399	0	-0
15.807	14.399	0	-0
-14.985	12.933	0	-0
-13.519	12.933	0	-0
-12.053	12.933	0	-0
-10.587	12.933	0	-0
-9.1202	12.933	0	-0
-7.6539	12.933	0	-0
-6.1876	12.933	0	-0
-4.7213	12.933	0	-0
-3.255	12.933	0	-0
-1.7887	12.933	-0.0074607	-0.001989
-0.32241	12.933	-0.0078631	-0.00061389
1.1439	12.933	-0.0082637	0.00071734
2.6102	12.933	-0.0084587	0.0020932
4.0765	12.933	-0.0087434	0.0034503
5.5428	12.933	-0.0091001	0.004474
7.0091	12.933	-0.0092248	0.0053814
8.4754	12.933	-0.0092773	0.0064742
9.9417	12.933	0	-0
11.408	12.933	0	-0
12.874	12.933	0	-0
14.341	12.933	0	-0
15.807	12.933	0	-0
-14.985	11.467	0	-0
-13.519	11.467	0	-0
-12.053	11.467	0	-0
-10.587	11.467	0	-0
-9.1202	11.467	0	-0
-7.6539	11.467	0	-0
-6.1876	11.467	0	-0
-4.7213	11.467	0	-0
-3.255	11.467	0	-0
-1.7887	11.467	-0.0061579	-0.0024225
-0.32241	11.467	-0.0067825	-0.00111
1.1439	11.467	-0.0071253	0.00037759
2.6102	11.467	-0.0071727	0.0017241
4.0765	11.467	-0.007544	0.0030415
5.5428	11.467	-0.0078371	0.0040946
7.0091	11.467	-0.0079651	0.0051185
8.4754	11.467	-0.0081044	0.0061633
9.9417	11.467	0	-0
11.408	11.467	0	-0
12.874	11.467	0	-0
14.341	11.467	0	-0
15.807	11.467	0	-0
-14.985	10	0	-0
-13.519	10	0	-0
-12.053	10	0	-0
-10.587	10	0	-0
-9.1202	10	0	-0
-7.6539	10	0	-0
-6.1876	10	0	-0
-4.7213	10	0	-0
-3.255	10	0	-0
-1.7887	10	-0.0048277	-0.0028868
-0.32241	10	-0.0056192	-0.001315
1.1439	10	-0.0056897	-7.7359e-005
2.6102	10	-0.0059426	0.0012864
4.0765	10	-0.0061912	0.0024518
5.5428	10	-0.0065355	0.0036082
7.0091	10	-0.0067798	0.0047745
8.4754	10	-0.0068593	0.0058107
9.9417	10	0	-0
11.408	10	0	-0
12.874	10	0	-0
14.341	10	0	-0
15.807	10	0	-0
-14.985	8.534	0	-0
-13.519	8.534	0	-0
-12.053	8.534	0	-0
-10.587	8.534	0	-0
-9.1202	8.534	0	-0
-7.6539	8.534	0	-0
-6.1876	8.534	0	-0
-4.7213	8.534	0	-0
-3.255	8.534	0	-0
-1.7887	8.534	-0.0037337	-0.0030896
-0.32241	8.534	-0.0041465	-0.0016466
1.1439	8.534	-0.004465	-0.00042372
2.6102	8.534	-0.0048257	0.00089956
4.0765	8.534	-0.0048523	0.0019342
5.5428	8.534	-0.0053469	0.0031419
7.0091	8.534	-0.0054701	0.0043701
8.4754	8.534	-0.0056646	0.0054214
9.9417	8.534	0	-0
11.408	8.534	0	-0
12.874	8.534	0	-0
14.341	8.534	0	-0
15.807	8.534	0	-0
-14.985	7.0677	0	-0
-13.519	7.0677	0	-0
-12.053	7.0677	0	-0
-10.587	7.0677	0	-0
-9.1202	7.0677	0	-0
-7.6539	7.0677	0	-0
-6.1876	7.0677	0	-0
-4.7213	7.0677	0	-0
-3.255	7.0677	0	-0
-1.7887	7.0677	-0.0027415	-0.0032657
-0.32241	7.0677	-0.0031774	-0.0020077
1.1439	7.0677	-0.0033163	-0.00074758
2.6102	7.0677	-0.0036309	0.00047209
4.0765	7.0677	-0.0038202	0.001682
5.5428	7.0677	-0.0040993	0.0027907
7.0091	7.0677	-0.0043229	0.0040018
8.4754	7.0677	-0.0044017	0.0051461
9.9417	7.0677	0	-0
11.408	7.0677	0	-0
12.874	7.0677	0	-0
14.341	7.0677	0	-0
15.807	7.0677	0	-0
-14.985	5.6014	0	-0
-13.519	5.6014	0	-0
-12.053	5.6014	0	-0
-10.587	5.6014	0	-0
-9.1202	5.6014	0	-0
-7.6539	5.6014	0	-0
-6.1876	5.6014	0	-0
-4.7213	5.6014	0	-0
-3.255	5.6014	0	-0
-1.7887	5.6014	-0.0016534	-0.0035708
-0.32241	5.6014	-0.0020743	-0.0023423
1.1439	5.6014	-0.0021991	-0.00089674
2.6102	5.6014	-0.0023853	0.00021435
4.0765	5.6014	-0.0025023	0.0011769
5.5428	5.6014	-0.0030031	0.0025491
7.0091	5.6014	-0.0031066	0.0036676
8.4754	5.6014	-0.0032415	0.0047179
9.9417	5.6014	0	-0
11.408	5.6014	0	-0
12.874	5.6014	0	-0
14.341	5.6014	0	-0
15.807	5.6014	0	-0
-14.985	4.1351	0	-0
-13.519	4.1351	0	-0
-12.053	4.1351	0	-0
-10.587	4.1351	0	-0
-9.1202	4.1351	0	-0
-7.6539	4.1351	0	-0
-6.1876	4.1351	0	-0
-4.7213	4.1351	0	-0
-3.255	4.1351	0	-0
-1.7887	4.1351	-0.00094526	-0.0037432
-0.32241	4.1351	-0.0010289	-0.0024616
1.1439	4.1351	-0.001182	-0.0012833
2.6102	4.1351	-0.0014107	-3.1552e-005
4.0765	4.1351	-0.0013578	0.00091903
5.5428	4.1351	-0.0018178	0.0022372
7.0091	4.1351	-0.0019069	0.0031277
8.4754	4.1351	-0.0021474	0.0041825
9.9417	4.1351	0	-0
11.408	4.1351	0	-0
12.874	4.1351	0	-0
14.341	4.1351	0	-0
15.807	4.1351	0	-0
-14.985	2.6688	0	-0
-13.519	2.6688	0	-0
-12.053	2.6688	0	-0
-10.587	2.6688	0	-0
-9.1202	2.6688	0	-0
-7.6539	2.6688	0	-0
-6.1876	2.6688	0	-0
-4.7213	2.6688	0	-0
-3.255	2.6688	0	-0
-1.7887	2.6688	5.7139e-005	-0.0040535
-0.32241	2.6688	-5.1325e-005	-0.0028224
1.1439	2.6688	-9.7178e-005	-0.0016168
2.6102	2.6688	-0.00041983	-0.0001592
4.0765	2.6688	-0.00050222	0.00096075
5.5428	2.6688	-0.00071444	0.0018047
7.0091	2.6688	-0.00082685	0.0027093
8.4754	2.6688	-0.0010864	0.0038476
9.9417	2.6688	0	-0
11.408	2.6688	0	-0
12.874	2.6688	0	-0
14.341	2.6688	0	-0
15.807	2.6688	0	-0
-14.985	1.2025	0	-0
-13.519	1.2025	0	-0
-12.053	1.2025	0	-0
-10.587	1.2025	0	-0
-9.1202	1.2025	0	-0
-7.6539	1.2025	0	-0
-6.1876	1.2025	0	-0
-4.7213	1.2025	0	-0
-3.255	1.2025	0	-0
-1.7887	1.2025	0.00096895	-0.0043788
-0.32241	1.2025	0.0010642	-0.0031668
1.1439	1.2025	0.00099773	-0.0019592
2.6102	1.2025	0.00061806	-0.00076779
4.0765	1.2025	0.00074469	0.0005156
5.5428	1.2025	0.00031034	0.0014664
7.0091	1.2025	9.156e-005	0.002371
8.4754	1.2025	-5.735e-005	0.0033957
9.9417	1.2025	0	-0
11.408	1.2025	0	-0
12.874	1.2025	0	-0
14.341	1.2025	0	-0
15.807	1.2025	0	-0
-14.985	-0.2638	0	-0
-13.519	-0.2638	0	-0
-12.053	-0.2638	0	-0
-10.587	-0.2638	0	-0
-9.1202	-0.2638	0	-0
-7.6539	-0.2638	0	-0
-6.1876	-0.2638	0	-0
-4.7213	-0.2638	0	-0
-3.255	-0.2638	0	-0
-1.7887	-0.2638	0.0014411	-0.0046798
-0.32241	-0.2638	0.0021793	-0.003619
1.1439	-0.2638	0.0022792	-0.002291
2.6102	-0.2638	0.0016135	-0.0011505
4.0765	-0.2638	0.0015901	0.00012015
5.5428	-0.2638	0.0013348	0.00099738
7.0091	-0.2638	0.001016	0.0018681
8.4754	-0.2638	0.0007831	0.0029497
9.9417	-0.2638	0	-0
11.408	-0.2638	0	-0
12.874	-0.2638	0	-0
14.341	-0.2638	0	-0
15.807	-0.2638	0	-0
-14.985	-1.7301	0	-0
-13.519	-1.7301	0	-0
-12.053	-1.7301	0	-0
-10.587	-1.7301	0	-0
-9.1202	-1.7301	0	-0
-7.6539	-1.7301	0	-0
-6.1876	-1.7301	0	-0
-4.7213	-1.7301	0	-0
-3.255	-1.7301	0	-0
-1.7887	-1.7301	0.0022348	-0.005252
-0.32241	-1.7301	0.0030846	-0.0040992
1.1439	-1.7301	0.0040834	-0.0037469
2.6102	-1.7301	0.0028676	-0.001638
4.0765	-1.7301	0.0025716	-0.000593
5.5428	-1.7301	0.0023454	0.00037451
7.0091	-1.7301	0.0020775	0.0014821
8.4754	-1.7301	0.0017509	0.0025764
9.9417	-1.7301	0	-0
11.408	-1.7301	0	-0
12.874	-1.7301	0	-0
14.341	-1.7301	0	-0
15.807	-1.7301	0	-0
-14.985	-3.1964	0	-0
-13.519	-3.1964	0	-0
-12.053	-3.1964	0	-0
-10.587	-3.1964	0	-0
-9.1202	-3.1964	0	-0
-7.6539	-3.1964	0	-0
-6.1876	-3.1964	0	-0
-4.7213	-3.1964	0	-0
-3.255	-3.1964	0	-0
-1.7887	-3.1964	0.0027028	-0.0057874
-0.32241	-3.1964	0.0040686	-0.0047651
1.1439	-3.1964	0.0040404	-0.0035582
2.6102	-3.1964	0.0036879	-0.0023045
4.0765	-3.1964	0.0034181	-0.0010842
5.5428	-3.1964	0.0032352	6.6929e-006
7.0091	-3.1964	0.0030921	0.001058
8.4754	-3.1964	0.0026482	0.0021553
9.9417	-3.1964	0	-0
11.408	-3.1964	0	-0
12.874	-3.1964	0	-0
14.341	-3.1964	0	-0
15.807	-3.1964	0	-0
-14.985	-4.6627	0	-0
-13.519	-4.6627	0	-0
-12.053	-4.6627	0	-0
-10.587	-4.6627	0	-0
-9.1202	-4.6627	0	-0
-7.6539	-4.6627	0	-0
-6.1876	-4.6627	0	-0
-4.7213	-4.6627	0	-0
-3.255	-4.6627	0	-0
-1.7887	-4.6627	0.0030383	-0.0061027
-0.32241	-4.6627	0.0047855	-0.0051997
1.1439	-4.6627	0.0048301	-0.0039963
2.6102	-4.6627	0.0046776	-0.0028253
4.0765	-4.6627	0.0044189	-0.0016283
5.5428	-4.6627	0.0041635	-0.00048722
7.0091	-4.6627	0.0040913	0.00061488
8.4754	-4.6627	0.002756	0.0016736
9.9417	-4.6627	0	-0
11.408	-4.6627	0	-0
12.874	-4.6627	0	-0
14.341	-4.6627	0	-0
15.807	-4.6627	0	-0
-14.985	-6.129	0	-0
-13.519	-6.129	0	-0
-12.053	-6.129	0	-0
-10.587	-6.129	0	-0
-9.1202	-6.129	0	-0
-7.6539	-6.129	0	-0
-6.1876	-6.129	0	-0
-4.7213	-6.129	0	-0
-3.255	-6.129	0	-0
-1.7887	-6.129	0.0039373	-0.0069672
-0.32241	-6.129	0.0055422	-0.0055394
1.1439	-6.129	0.0060304	-0.0044603
2.6102	-6.129	0.0056159	-0.0034098
4.0765	-6.129	0.0054484	-0.0021699
5.5428	-6.129	0.0053593	-0.00091295
7.0091	-6.129	0.0049937	0.00010221
8.4754	-6.129	0.0034889	0.0010715
9.9417	-6.129	0	-0
11.408	-6.129	0	-0
12.874	-6.129	0	-0
14.341	-6.129	0	-0
15.807	-6.129	0	-0
-14.985	-7.5953	0	-0
-13.519	-7.5953	0	-0
-12.053	-7.5953	0	-0
-10.587	-7.5953	0	-0
-9.1202	-7.5953	0	-0
-7.6539	-7.5953	0	-0
-6.1876	-7.5953	0	-0
-4.7213	-7.5953	0	-0
-3.255	-7.5953	0	-0
-1.7887	-7.5953	0.0041734	-0.0069492
-0.32241	-7.5953	0.0065013	-0.0059636
1.1439	-7.5953	0.0067818	-0.0048929
2.6102	-7.5953	0.0064067	-0.0037595
4.0765	-7.5953	0.0062969	-0.0025439
5.5428	-7.5953	0.0062741	-0.0013298
7.0091	-7.5953	0.0058918	-0.00036721
8.4754	-7.5953	0.0044024	0.00055628
9.9417	-7.5953	0	-0
11.408	-7.5953	0	-0
12.874	-7.5953	0	-0
14.341	-7.5953	0	-0
15.807	-7.5953	0	-0
-14.985	-9.0616	0	-0
-13.519	-9.0616	0	-0
-12.053	-9.0616	0	-0
-10.587	-9.0616	0	-0
-9.1202	-9.0616	0	-0
-7.6539	-9.0616	0	-0
-6.1876	-9.0616	0	-0
-4.7213	-9.0616	0	-0
-3.255	-9.0616	0	-0
-1.7887	-9.0616	0.004637	-0.007264
-0.32241	-9.0616	0.0074447	-0.0062129
1.1439	-9.0616	0.0073888	-0.0051373
2.6102	-9.0616	0.0076006	-0.0041564
4.0765	-9.0616	0.0072071	-0.0031525
5.5428	-9.0616	0.0071289	-0.0018964
7.0091	-9.0616	0.0068468	-0.00083265
8.4754	-9.0616	0.0049889	6.1714e-006
9.9417	-9.0616	0	-0
11.408	-9.0616	0	-0
12.874	-9.0616	0	-0
14.341	-9.0616	0	-0
15.807	-9.0616	0	-0
-14.985	-10.528	0	-0
-13.519	-10.528	0	-0
-12.053	-10.528	0	-0
-10.587	-10.528	0	-0
-9.1202	-10.528	0	-0
-7.6539	-10.528	0	-0
-6.1876	-10.528	0	-0
-4.7213	-10.528	0	-0
-3.255	-10.528	0	-0
-1.7887	-10.528	0.0060094	-0.0072385
-0.32241	-10.528	0.0081265	-0.0060132
1.1439	-10.528	0.0080574	-0.0050122
2.6102	-10.528	0.0083428	-0.0038856
4.0765	-10.528	0.0080346	-0.003162
5.5428	-10.528	0.0078695	-0.0023004
7.0091	-10.528	0.007739	-0.0013481
8.4754	-10.528	0.0064879	-0.00042018
9.9417	-10.528	0	-0
11.408	-10.528	0	-0
12.874	-10.528	0	-0
14.341	-10.528	0	-0
15.807	-10.528	0	-0
-14.985	-11.994	0	-0
-13.519	-11.994	0	-0
-12.053	-11.994	0	-0
-10.587	-11.994	0	-0
-9.1202	-11.994	0	-0
-7.6539	-11.994	0	-0
-6.1876	-11.994	0	-0
-4.7213	-11.994	0	-0
-3.255	-11.994	0	-0
-1.7887	-11.994	0	-0
-0.32241	-11.994	0	-0
1.1439	-11.994	0	-0
2.6102	-11.994	0	-0
4.0765	-11.994	0	-0
5.5428	-11.994	0	-0
7.0091	-11.994	0	-0
8.4754	-11.994	0	-0
9.9417	-11.994	0	-0
11.408	-11.994	0	-0
12.874	-11.994	0	-0
14.341	-11.994	0	-0
15.807	-11.994	0	-0
