#DaVis 7.4.0 2D-vector 96 22 22 "" "[mm]" "" "[mm]" "displacement" "[mm]"
-14.985	18.798	0	-0
-13.519	18.798	0	-0
-12.053	18.798	0	-0
-10.587	18.798	0	-0
-9.1202	18.798	0	-0
-7.6539	18.798	0	-0
-6.1876	18.798	0	-0
-4.7213	18.798	0	-0
-3.255	18.798	0	-0
-1.7887	18.798	-0.063871	0.014481
-0.32241	18.798	-0.069097	0.033966
1.1439	18.798	-0.86593	-0.50092
2.6102	18.798	-0.076222	-0.8405
4.0765	18.798	-0.071665	-0.82033
5.5428	18.798	-0.073055	0.058985
7.0091	18.798	-0.0722	0.062116
8.4754	18.798	-0.049648	0.062237
9.9417	18.798	0	-0
11.408	18.798	0	-0
12.874	18.798	0	-0
14.341	18.798	0	-0
15.807	18.798	0	-0
-14.985	17.332	0	-0
-13.519	17.332	0	-0
-12.053	17.332	0	-0
-10.587	17.332	0	-0
-9.1202	17.332	0	-0
-7.6539	17.332	0	-0
-6.1876	17.332	0	-0
-4.7213	17.332	0	-0
-3.255	17.332	0	-0
-1.7887	17.332	-0.058422	0.011363
-0.32241	17.332	-0.062641	0.021395
1.1439	17.332	-0.064337	0.02932
2.6102	17.332	-0.065544	0.037418
4.0765	17.332	-0.067505	0.045071
5.5428	17.332	-0.067829	0.050894
7.0091	17.332	-0.066322	0.055854
8.4754	17.332	-0.04883	0.059496
9.9417	17.332	0	-0
11.408	17.332	0	-0
12.874	17.332	0	-0
14.341	17.332	0	-0
15.807	17.332	0	-0
-14.985	15.866	0	-0
-13.519	15.866	0	-0
-12.053	15.866	0	-0
-10.587	15.866	0	-0
-9.1202	15.866	0	-0
-7.6539	15.866	0	-0
-6.1876	15.866	0	-0
-4.7213	15.866	0	-0
-3.255	15.866	0	-0
-1.7887	15.866	-0.05114	0.0074464
-0.32241	15.866	-0.056344	0.016301
1.1439	15.866	-0.057299	0.023953
2.6102	15.866	-0.058584	0.032232
4.0765	15.866	-0.060339	0.039606
5.5428	15.866	-0.061211	0.046465
7.0091	15.866	-0.062121	0.051397
8.4754	15.866	-0.048142	0.05624
9.9417	15.866	0	-0
11.408	15.866	0	-0
12.874	15.866	0	-0
14.341	15.866	0	-0
15.807	15.866	0	-0
-14.985	14.399	0	-0
-13.519	14.399	0	-0
-12.053	14.399	0	-0
-10.587	14.399	0	-0
-9.1202	14.399	0	-0
-7.6539	14.399	0	-0
-6.1876	14.399	0	-0
-4.7213	14.399	0	-0
-3.255	14.399	0	-0
-1.7887	14.399	-0.041921	0.0028062
-0.32241	14.399	-0.04902	0.012121
1.1439	14.399	-0.050601	0.019278
2.6102	14.399	-0.050817	0.027565
4.0765	14.399	-0.051939	0.035809
5.5428	14.399	-0.055192	0.042079
7.0091	14.399	-0.05623	0.047291
8.4754	14.399	-0.040651	0.050752
9.9417	14.399	0	-0
11.408	14.399	0	-0
12.874	14.399	0	-0
14.341	14.399	0	-0
15.807	14.399	0	-0
-14.985	12.933	0	-0
-13.519	12.933	0	-0
-12.053	12.933	0	-0
-10.587	12.933	0	-0
-9.1202	12.933	0	-0
-7.6539	12.933	0	-0
-6.1876	12.933	0	-0
-4.7213	12.933	0	-0
-3.255	12.933	0	-0
-1.7887	12.933	-0.022956	0.00057101
-0.32241	12.933	-0.041032	0.0074496
1.1439	12.933	-0.042582	0.015115
2.6102	12.933	-0.043379	0.023646
4.0765	12.933	-0.044611	0.031454
5.5428	12.933	-0.04738	0.037551
7.0091	12.933	-0.048064	0.042333
8.4754	12.933	-0.035114	0.047163
9.9417	12.933	0	-0
11.408	12.933	0	-0
12.874	12.933	0	-0
14.341	12.933	0	-0
15.807	12.933	0	-0
-14.985	11.467	0	-0
-13.519	11.467	0	-0
-12.053	11.467	0	-0
-10.587	11.467	0	-0
-9.1202	11.467	0	-0
-7.6539	11.467	0	-0
-6.1876	11.467	0	-0
-4.7213	11.467	0	-0
-3.255	11.467	0	-0
-1.7887	11.467	-0.014132	-0.0032279
-0.32241	11.467	-0.032417	0.0035736
1.1439	11.467	-0.034785	0.010981
2.6102	11.467	-0.035537	0.018948
4.0765	11.467	-0.037421	0.026401
5.5428	11.467	-0.039857	0.032463
7.0091	11.467	-0.040616	0.03793
8.4754	11.467	-0.026765	0.043343
9.9417	11.467	0	-0
11.408	11.467	0	-0
12.874	11.467	0	-0
14.341	11.467	0	-0
15.807	11.467	0	-0
-14.985	10	0	-0
-13.519	10	0	-0
-12.053	10	0	-0
-10.587	10	0	-0
-9.1202	10	0	-0
-7.6539	10	0	-0
-6.1876	10	0	-0
-4.7213	10	0	-0
-3.255	10	0	-0
-1.7887	10	-0.0045897	-0.0060264
-0.32241	10	-0.024826	0.0012106
1.1439	10	-0.027538	0.0077889
2.6102	10	-0.027861	0.014536
4.0765	10	-0.029191	0.021147
5.5428	10	-0.032479	0.027537
7.0091	10	-0.033318	0.033352
8.4754	10	-0.021008	0.038777
9.9417	10	0	-0
11.408	10	0	-0
12.874	10	0	-0
14.341	10	0	-0
15.807	10	0	-0
-14.985	8.534	0	-0
-13.519	8.534	0	-0
-12.053	8.534	0	-0
-10.587	8.534	0	-0
-9.1202	8.534	0	-0
-7.6539	8.534	0	-0
-6.1876	8.534	0	-0
-4.7213	8.534	0	-0
-3.255	8.534	0	-0
-1.7887	8.534	-0.0070334	-0.0082295
-0.32241	8.534	-0.019502	-0.0011933
1.1439	8.534	-0.02124	0.0052223
2.6102	8.534	-0.021247	0.01099
4.0765	8.534	-0.022823	0.016468
5.5428	8.534	-0.024974	0.023135
7.0091	8.534	-0.026138	0.02842
8.4754	8.534	-0.018395	0.033631
9.9417	8.534	0	-0
11.408	8.534	0	-0
12.874	8.534	0	-0
14.341	8.534	0	-0
15.807	8.534	0	-0
-14.985	7.0677	0	-0
-13.519	7.0677	0	-0
-12.053	7.0677	0	-0
-10.587	7.0677	0	-0
-9.1202	7.0677	0	-0
-7.6539	7.0677	0	-0
-6.1876	7.0677	0	-0
-4.7213	7.0677	0	-0
-3.255	7.0677	0	-0
-1.7887	7.0677	-0.0050591	-0.0097641
-0.32241	7.0677	-0.013876	-0.0034904
1.1439	7.0677	-0.015818	0.0022324
2.6102	7.0677	-0.01557	0.0080977
4.0765	7.0677	-0.016596	0.01376
5.5428	7.0677	-0.018111	0.019426
7.0091	7.0677	-0.019536	0.023826
8.4754	7.0677	-0.01184	0.028325
9.9417	7.0677	0	-0
11.408	7.0677	0	-0
12.874	7.0677	0	-0
14.341	7.0677	0	-0
15.807	7.0677	0	-0
-14.985	5.6014	0	-0
-13.519	5.6014	0	-0
-12.053	5.6014	0	-0
-10.587	5.6014	0	-0
-9.1202	5.6014	0	-0
-7.6539	5.6014	0	-0
-6.1876	5.6014	0	-0
-4.7213	5.6014	0	-0
-3.255	5.6014	0	-0
-1.7887	5.6014	-0.00071239	-0.011831
-0.32241	5.6014	-0.0090301	-0.0061795
1.1439	5.6014	-0.0094418	0.00010061
2.6102	5.6014	-0.0099696	0.005563
4.0765	5.6014	-0.010778	0.010514
5.5428	5.6014	-0.01214	0.015606
7.0091	5.6014	-0.012874	0.019789
8.4754	5.6014	-0.0087956	0.02353
9.9417	5.6014	0	-0
11.408	5.6014	0	-0
12.874	5.6014	0	-0
14.341	5.6014	0	-0
15.807	5.6014	0	-0
-14.985	4.1351	0	-0
-13.519	4.1351	0	-0
-12.053	4.1351	0	-0
-10.587	4.1351	0	-0
-9.1202	4.1351	0	-0
-7.6539	4.1351	0	-0
-6.1876	4.1351	0	-0
-4.7213	4.1351	0	-0
-3.255	4.1351	0	-0
-1.7887	4.1351	-0.0021847	-0.012926
-0.32241	4.1351	-0.0039852	-0.0075285
1.1439	4.1351	-0.0047374	-0.002857
2.6102	4.1351	-0.0057225	0.0026791
4.0765	4.1351	-0.0059038	0.0077796
5.5428	4.1351	-0.0077108	0.01206
7.0091	4.1351	-0.0082468	0.01558
8.4754	4.1351	-0.0058241	0.018627
9.9417	4.1351	0	-0
11.408	4.1351	0	-0
12.874	4.1351	0	-0
14.341	4.1351	0	-0
15.807	4.1351	0	-0
-14.985	2.6688	0	-0
-13.519	2.6688	0	-0
-12.053	2.6688	0	-0
-10.587	2.6688	0	-0
-9.1202	2.6688	0	-0
-7.6539	2.6688	0	-0
-6.1876	2.6688	0	-0
-4.7213	2.6688	0	-0
-3.255	2.6688	0	-0
-1.7887	2.6688	0.0022379	-0.014973
-0.32241	2.6688	0.0012234	-0.0096922
1.1439	2.6688	0.00027866	-0.0050745
2.6102	2.6688	-0.00011214	0.00023754
4.0765	2.6688	-0.0013561	0.0051093
5.5428	2.6688	-0.0034159	0.0086826
7.0091	2.6688	-0.0042734	0.01151
8.4754	2.6688	-0.0025955	0.014096
9.9417	2.6688	0	-0
11.408	2.6688	0	-0
12.874	2.6688	0	-0
14.341	2.6688	0	-0
15.807	2.6688	0	-0
-14.985	1.2025	0	-0
-13.519	1.2025	0	-0
-12.053	1.2025	0	-0
-10.587	1.2025	0	-0
-9.1202	1.2025	0	-0
-7.6539	1.2025	0	-0
-6.1876	1.2025	0	-0
-4.7213	1.2025	0	-0
-3.255	1.2025	0	-0
-1.7887	1.2025	0.0063153	-0.017741
-0.32241	1.2025	0.0057207	-0.012067
1.1439	1.2025	0.0049274	-0.0073736
2.6102	1.2025	0.0039594	-0.0030592
4.0765	1.2025	0.0025571	0.00082109
5.5428	1.2025	0.00080321	0.0043244
7.0091	1.2025	-0.00033255	0.0069048
8.4754	1.2025	-0.0011324	0.0091791
9.9417	1.2025	0	-0
11.408	1.2025	0	-0
12.874	1.2025	0	-0
14.341	1.2025	0	-0
15.807	1.2025	0	-0
-14.985	-0.2638	0	-0
-13.519	-0.2638	0	-0
-12.053	-0.2638	0	-0
-10.587	-0.2638	0	-0
-9.1202	-0.2638	0	-0
-7.6539	-0.2638	0	-0
-6.1876	-0.2638	0	-0
-4.7213	-0.2638	0	-0
-3.255	-0.2638	0	-0
-1.7887	-0.2638	0.0096778	-0.020332
-0.32241	-0.2638	0.0092191	-0.015736
1.1439	-0.2638	0.0082915	-0.011086
2.6102	-0.2638	0.007081	-0.0074029
4.0765	-0.2638	0.0056848	-0.0041714
5.5428	-0.2638	0.0040731	-0.00079232
7.0091	-0.2638	0.0027222	0.0021147
8.4754	-0.2638	0.002221	0.0050123
9.9417	-0.2638	0	-0
11.408	-0.2638	0	-0
12.874	-0.2638	0	-0
14.341	-0.2638	0	-0
15.807	-0.2638	0	-0
-14.985	-1.7301	0	-0
-13.519	-1.7301	0	-0
-12.053	-1.7301	0	-0
-10.587	-1.7301	0	-0
-9.1202	-1.7301	0	-0
-7.6539	-1.7301	0	-0
-6.1876	-1.7301	0	-0
-4.7213	-1.7301	0	-0
-3.255	-1.7301	0	-0
-1.7887	-1.7301	0.012458	-0.023693
-0.32241	-1.7301	0.011809	-0.019902
1.1439	-1.7301	0.010911	-0.013762
2.6102	-1.7301	0.0098515	-0.011452
4.0765	-1.7301	0.0084757	-0.0088954
5.5428	-1.7301	0.00715	-0.0059096
7.0091	-1.7301	0.0058597	-0.0028635
8.4754	-1.7301	0.005073	0.00049766
9.9417	-1.7301	0	-0
11.408	-1.7301	0	-0
12.874	-1.7301	0	-0
14.341	-1.7301	0	-0
15.807	-1.7301	0	-0
-14.985	-3.1964	0	-0
-13.519	-3.1964	0	-0
-12.053	-3.1964	0	-0
-10.587	-3.1964	0	-0
-9.1202	-3.1964	0	-0
-7.6539	-3.1964	0	-0
-6.1876	-3.1964	0	-0
-4.7213	-3.1964	0	-0
-3.255	-3.1964	0	-0
-1.7887	-3.1964	0.014566	-0.027285
-0.32241	-3.1964	0.014655	-0.024029
1.1439	-3.1964	0.013624	-0.020548
2.6102	-3.1964	0.011731	-0.017037
4.0765	-3.1964	0.010431	-0.013416
5.5428	-3.1964	0.0093194	-0.010126
7.0091	-3.1964	0.0088387	-0.0068931
8.4754	-3.1964	0.007828	-0.0033499
9.9417	-3.1964	0	-0
11.408	-3.1964	0	-0
12.874	-3.1964	0	-0
14.341	-3.1964	0	-0
15.807	-3.1964	0	-0
-14.985	-4.6627	0	-0
-13.519	-4.6627	0	-0
-12.053	-4.6627	0	-0
-10.587	-4.6627	0	-0
-9.1202	-4.6627	0	-0
-7.6539	-4.6627	0	-0
-6.1876	-4.6627	0	-0
-4.7213	-4.6627	0	-0
-3.255	-4.6627	0	-0
-1.7887	-4.6627	0.012737	-0.030992
-0.32241	-4.6627	0.016623	-0.028124
1.1439	-4.6627	0.015767	-0.025689
2.6102	-4.6627	0.014339	-0.022085
4.0765	-4.6627	0.013045	-0.018537
5.5428	-4.6627	0.012208	-0.01453
7.0091	-4.6627	0.011842	-0.010577
8.4754	-4.6627	0.010599	-0.0073373
9.9417	-4.6627	0	-0
11.408	-4.6627	0	-0
12.874	-4.6627	0	-0
14.341	-4.6627	0	-0
15.807	-4.6627	0	-0
-14.985	-6.129	0	-0
-13.519	-6.129	0	-0
-12.053	-6.129	0	-0
-10.587	-6.129	0	-0
-9.1202	-6.129	0	-0
-7.6539	-6.129	0	-0
-6.1876	-6.129	0	-0
-4.7213	-6.129	0	-0
-3.255	-6.129	0	-0
-1.7887	-6.129	0.014412	-0.034457
-0.32241	-6.129	0.017882	-0.0316
1.1439	-6.129	0.017721	-0.029299
2.6102	-6.129	0.016825	-0.026209
4.0765	-6.129	0.015847	-0.022055
5.5428	-6.129	0.015171	-0.017956
7.0091	-6.129	0.013986	-0.014923
8.4754	-6.129	0.012856	-0.012195
9.9417	-6.129	0	-0
11.408	-6.129	0	-0
12.874	-6.129	0	-0
14.341	-6.129	0	-0
15.807	-6.129	0	-0
-14.985	-7.5953	0	-0
-13.519	-7.5953	0	-0
-12.053	-7.5953	0	-0
-10.587	-7.5953	0	-0
-9.1202	-7.5953	0	-0
-7.6539	-7.5953	0	-0
-6.1876	-7.5953	0	-0
-4.7213	-7.5953	0	-0
-3.255	-7.5953	0	-0
-1.7887	-7.5953	0.016489	-0.036677
-0.32241	-7.5953	0.018585	-0.034628
1.1439	-7.5953	0.018475	-0.032252
2.6102	-7.5953	0.018042	-0.029312
4.0765	-7.5953	0.017579	-0.025503
5.5428	-7.5953	0.016614	-0.021796
7.0091	-7.5953	0.015674	-0.019031
8.4754	-7.5953	0.014339	-0.016981
9.9417	-7.5953	0	-0
11.408	-7.5953	0	-0
12.874	-7.5953	0	-0
14.341	-7.5953	0	-0
15.807	-7.5953	0	-0
-14.985	-9.0616	0	-0
-13.519	-9.0616	0	-0
-12.053	-9.0616	0	-0
-10.587	-9.0616	0	-0
-9.1202	-9.0616	0	-0
-7.6539	-9.0616	0	-0
-6.1876	-9.0616	0	-0
-4.7213	-9.0616	0	-0
-3.255	-9.0616	0	-0
-1.7887	-9.0616	0.016584	-0.038869
-0.32241	-9.0616	0.019322	-0.036912
1.1439	-9.0616	0.019023	-0.034744
2.6102	-9.0616	0.01896	-0.032285
4.0765	-9.0616	0.018515	-0.028778
5.5428	-9.0616	0.018019	-0.025637
7.0091	-9.0616	0.017178	-0.023714
8.4754	-9.0616	0.015273	-0.021646
9.9417	-9.0616	0	-0
11.408	-9.0616	0	-0
12.874	-9.0616	0	-0
14.341	-9.0616	0	-0
15.807	-9.0616	0	-0
-14.985	-10.528	0	-0
-13.519	-10.528	0	-0
-12.053	-10.528	0	-0
-10.587	-10.528	0	-0
-9.1202	-10.528	0	-0
-7.6539	-10.528	0	-0
-6.1876	-10.528	0	-0
-4.7213	-10.528	0	-0
-3.255	-10.528	0	-0
-1.7887	-10.528	0.017088	-0.041421
-0.32241	-10.528	0.01915	-0.040039
1.1439	-10.528	0.019386	-0.037781
2.6102	-10.528	0.019767	-0.035553
4.0765	-10.528	0.018851	-0.03235
5.5428	-10.528	0.018707	-0.029376
7.0091	-10.528	0.018355	-0.027457
8.4754	-10.528	0.017463	-0.02471
9.9417	-10.528	0	-0
11.408	-10.528	0	-0
12.874	-10.528	0	-0
14.341	-10.528	0	-0
15.807	-10.528	0	-0
-14.985	-11.994	0	-0
-13.519	-11.994	0	-0
-12.053	-11.994	0	-0
-10.587	-11.994	0	-0
-9.1202	-11.994	0	-0
-7.6539	-11.994	0	-0
-6.1876	-11.994	0	-0
-4.7213	-11.994	0	-0
-3.255	-11.994	0	-0
-1.7887	-11.994	0	-0
-0.32241	-11.994	0	-0
1.1439	-11.994	0	-0
2.6102	-11.994	0	-0
4.0765	-11.994	0	-0
5.5428	-11.994	0	-0
7.0091	-11.994	0	-0
8.4754	-11.994	0	-0
9.9417	-11.994	0	-0
11.408	-11.994	0	-0
12.874	-11.994	0	-0
14.341	-11.994	0	-0
15.807	-11.994	0	-0
