#DaVis 7.4.0 2D-vector 96 22 22 "" "[mm]" "" "[mm]" "displacement" "[mm]"
-14.985	18.798	0	-0
-13.519	18.798	0	-0
-12.053	18.798	0	-0
-10.587	18.798	0	-0
-9.1202	18.798	0	-0
-7.6539	18.798	0	-0
-6.1876	18.798	0	-0
-4.7213	18.798	0	-0
-3.255	18.798	0	-0
-1.7887	18.798	-0.062468	0.016946
-0.32241	18.798	-0.067415	0.035377
1.1439	18.798	-0.9788	-0.50433
2.6102	18.798	-0.084672	-0.84613
4.0765	18.798	-0.068847	-0.8216
5.5428	18.798	-0.071311	0.058316
7.0091	18.798	-0.070691	0.06223
8.4754	18.798	-0.045316	0.061476
9.9417	18.798	0	-0
11.408	18.798	0	-0
12.874	18.798	0	-0
14.341	18.798	0	-0
15.807	18.798	0	-0
-14.985	17.332	0	-0
-13.519	17.332	0	-0
-12.053	17.332	0	-0
-10.587	17.332	0	-0
-9.1202	17.332	0	-0
-7.6539	17.332	0	-0
-6.1876	17.332	0	-0
-4.7213	17.332	0	-0
-3.255	17.332	0	-0
-1.7887	17.332	-0.056895	0.013009
-0.32241	17.332	-0.060961	0.022858
1.1439	17.332	-0.062518	0.030618
2.6102	17.332	-0.064035	0.038421
4.0765	17.332	-0.065686	0.04614
5.5428	17.332	-0.066048	0.051618
7.0091	17.332	-0.064105	0.056603
8.4754	17.332	-0.043812	0.060265
9.9417	17.332	0	-0
11.408	17.332	0	-0
12.874	17.332	0	-0
14.341	17.332	0	-0
15.807	17.332	0	-0
-14.985	15.866	0	-0
-13.519	15.866	0	-0
-12.053	15.866	0	-0
-10.587	15.866	0	-0
-9.1202	15.866	0	-0
-7.6539	15.866	0	-0
-6.1876	15.866	0	-0
-4.7213	15.866	0	-0
-3.255	15.866	0	-0
-1.7887	15.866	-0.049575	0.0090274
-0.32241	15.866	-0.054835	0.017862
1.1439	15.866	-0.055694	0.025634
2.6102	15.866	-0.057175	0.03312
4.0765	15.866	-0.059272	0.040816
5.5428	15.866	-0.059323	0.047039
7.0091	15.866	-0.060861	0.05212
8.4754	15.866	-0.044576	0.057047
9.9417	15.866	0	-0
11.408	15.866	0	-0
12.874	15.866	0	-0
14.341	15.866	0	-0
15.807	15.866	0	-0
-14.985	14.399	0	-0
-13.519	14.399	0	-0
-12.053	14.399	0	-0
-10.587	14.399	0	-0
-9.1202	14.399	0	-0
-7.6539	14.399	0	-0
-6.1876	14.399	0	-0
-4.7213	14.399	0	-0
-3.255	14.399	0	-0
-1.7887	14.399	-0.040765	0.0041252
-0.32241	14.399	-0.047553	0.013352
1.1439	14.399	-0.048922	0.019675
2.6102	14.399	-0.049233	0.028187
4.0765	14.399	-0.050571	0.036612
5.5428	14.399	-0.05431	0.042998
7.0091	14.399	-0.055221	0.047857
8.4754	14.399	-0.036127	0.051462
9.9417	14.399	0	-0
11.408	14.399	0	-0
12.874	14.399	0	-0
14.341	14.399	0	-0
15.807	14.399	0	-0
-14.985	12.933	0	-0
-13.519	12.933	0	-0
-12.053	12.933	0	-0
-10.587	12.933	0	-0
-9.1202	12.933	0	-0
-7.6539	12.933	0	-0
-6.1876	12.933	0	-0
-4.7213	12.933	0	-0
-3.255	12.933	0	-0
-1.7887	12.933	-0.021437	0.001649
-0.32241	12.933	-0.040058	0.0088638
1.1439	12.933	-0.041138	0.016215
2.6102	12.933	-0.042006	0.024188
4.0765	12.933	-0.043088	0.031511
5.5428	12.933	-0.046521	0.037814
7.0091	12.933	-0.04699	0.043248
8.4754	12.933	-0.029828	0.047621
9.9417	12.933	0	-0
11.408	12.933	0	-0
12.874	12.933	0	-0
14.341	12.933	0	-0
15.807	12.933	0	-0
-14.985	11.467	0	-0
-13.519	11.467	0	-0
-12.053	11.467	0	-0
-10.587	11.467	0	-0
-9.1202	11.467	0	-0
-7.6539	11.467	0	-0
-6.1876	11.467	0	-0
-4.7213	11.467	0	-0
-3.255	11.467	0	-0
-1.7887	11.467	-0.011919	-0.0013595
-0.32241	11.467	-0.031078	0.0048901
1.1439	11.467	-0.033344	0.012655
2.6102	11.467	-0.034641	0.01987
4.0765	11.467	-0.036302	0.027097
5.5428	11.467	-0.038606	0.033228
7.0091	11.467	-0.039318	0.038515
8.4754	11.467	-0.022562	0.04402
9.9417	11.467	0	-0
11.408	11.467	0	-0
12.874	11.467	0	-0
14.341	11.467	0	-0
15.807	11.467	0	-0
-14.985	10	0	-0
-13.519	10	0	-0
-12.053	10	0	-0
-10.587	10	0	-0
-9.1202	10	0	-0
-7.6539	10	0	-0
-6.1876	10	0	-0
-4.7213	10	0	-0
-3.255	10	0	-0
-1.7887	10	-0.0045323	-0.0051084
-0.32241	10	-0.023412	0.0027081
1.1439	10	-0.025875	0.0093902
2.6102	10	-0.026819	0.015336
4.0765	10	-0.028548	0.021835
5.5428	10	-0.03163	0.02822
7.0091	10	-0.032011	0.033752
8.4754	10	-0.017049	0.039012
9.9417	10	0	-0
11.408	10	0	-0
12.874	10	0	-0
14.341	10	0	-0
15.807	10	0	-0
-14.985	8.534	0	-0
-13.519	8.534	0	-0
-12.053	8.534	0	-0
-10.587	8.534	0	-0
-9.1202	8.534	0	-0
-7.6539	8.534	0	-0
-6.1876	8.534	0	-0
-4.7213	8.534	0	-0
-3.255	8.534	0	-0
-1.7887	8.534	-0.010568	-0.0069937
-0.32241	8.534	-0.018188	0.00020132
1.1439	8.534	-0.019773	0.0057077
2.6102	8.534	-0.020011	0.01171
4.0765	8.534	-0.02175	0.016616
5.5428	8.534	-0.024515	0.023096
7.0091	8.534	-0.025649	0.028712
8.4754	8.534	-0.014215	0.033971
9.9417	8.534	0	-0
11.408	8.534	0	-0
12.874	8.534	0	-0
14.341	8.534	0	-0
15.807	8.534	0	-0
-14.985	7.0677	0	-0
-13.519	7.0677	0	-0
-12.053	7.0677	0	-0
-10.587	7.0677	0	-0
-9.1202	7.0677	0	-0
-7.6539	7.0677	0	-0
-6.1876	7.0677	0	-0
-4.7213	7.0677	0	-0
-3.255	7.0677	0	-0
-1.7887	7.0677	-0.0085607	-0.0088905
-0.32241	7.0677	-0.013075	-0.0027498
1.1439	7.0677	-0.014584	0.0031843
2.6102	7.0677	-0.014218	0.0083141
4.0765	7.0677	-0.01568	0.013546
5.5428	7.0677	-0.017736	0.019086
7.0091	7.0677	-0.019092	0.024055
8.4754	7.0677	-0.0090258	0.028189
9.9417	7.0677	0	-0
11.408	7.0677	0	-0
12.874	7.0677	0	-0
14.341	7.0677	0	-0
15.807	7.0677	0	-0
-14.985	5.6014	0	-0
-13.519	5.6014	0	-0
-12.053	5.6014	0	-0
-10.587	5.6014	0	-0
-9.1202	5.6014	0	-0
-7.6539	5.6014	0	-0
-6.1876	5.6014	0	-0
-4.7213	5.6014	0	-0
-3.255	5.6014	0	-0
-1.7887	5.6014	-0.0053597	-0.010866
-0.32241	5.6014	-0.0084862	-0.0052627
1.1439	5.6014	-0.0086898	0.00072907
2.6102	5.6014	-0.0091015	0.0058485
4.0765	5.6014	-0.010947	0.010349
5.5428	5.6014	-0.012172	0.015083
7.0091	5.6014	-0.012977	0.019752
8.4754	5.6014	-0.0096513	0.023483
9.9417	5.6014	0	-0
11.408	5.6014	0	-0
12.874	5.6014	0	-0
14.341	5.6014	0	-0
15.807	5.6014	0	-0
-14.985	4.1351	0	-0
-13.519	4.1351	0	-0
-12.053	4.1351	0	-0
-10.587	4.1351	0	-0
-9.1202	4.1351	0	-0
-7.6539	4.1351	0	-0
-6.1876	4.1351	0	-0
-4.7213	4.1351	0	-0
-3.255	4.1351	0	-0
-1.7887	4.1351	-0.0028037	-0.012278
-0.32241	4.1351	-0.0036425	-0.0072126
1.1439	4.1351	-0.0041327	-0.0022005
2.6102	4.1351	-0.0049958	0.0030109
4.0765	4.1351	-0.0058578	0.0077589
5.5428	4.1351	-0.007669	0.01212
7.0091	4.1351	-0.0081607	0.015548
8.4754	4.1351	-0.007796	0.018175
9.9417	4.1351	0	-0
11.408	4.1351	0	-0
12.874	4.1351	0	-0
14.341	4.1351	0	-0
15.807	4.1351	0	-0
-14.985	2.6688	0	-0
-13.519	2.6688	0	-0
-12.053	2.6688	0	-0
-10.587	2.6688	0	-0
-9.1202	2.6688	0	-0
-7.6539	2.6688	0	-0
-6.1876	2.6688	0	-0
-4.7213	2.6688	0	-0
-3.255	2.6688	0	-0
-1.7887	2.6688	0.0015934	-0.014328
-0.32241	2.6688	0.0012834	-0.0093749
1.1439	2.6688	0.00058736	-0.0047539
2.6102	2.6688	-0.00016338	0.00063554
4.0765	2.6688	-0.0012961	0.0050211
5.5428	2.6688	-0.0033942	0.0083971
7.0091	2.6688	-0.003915	0.011406
8.4754	2.6688	-0.004317	0.013787
9.9417	2.6688	0	-0
11.408	2.6688	0	-0
12.874	2.6688	0	-0
14.341	2.6688	0	-0
15.807	2.6688	0	-0
-14.985	1.2025	0	-0
-13.519	1.2025	0	-0
-12.053	1.2025	0	-0
-10.587	1.2025	0	-0
-9.1202	1.2025	0	-0
-7.6539	1.2025	0	-0
-6.1876	1.2025	0	-0
-4.7213	1.2025	0	-0
-3.255	1.2025	0	-0
-1.7887	1.2025	0.0052764	-0.016563
-0.32241	1.2025	0.0054894	-0.011874
1.1439	1.2025	0.0051315	-0.0074795
2.6102	1.2025	0.0038003	-0.0037872
4.0765	1.2025	0.0033666	0.00061248
5.5428	1.2025	0.0010216	0.0042062
7.0091	1.2025	-0.00040672	0.0064885
8.4754	1.2025	-0.0015505	0.0088587
9.9417	1.2025	0	-0
11.408	1.2025	0	-0
12.874	1.2025	0	-0
14.341	1.2025	0	-0
15.807	1.2025	0	-0
-14.985	-0.2638	0	-0
-13.519	-0.2638	0	-0
-12.053	-0.2638	0	-0
-10.587	-0.2638	0	-0
-9.1202	-0.2638	0	-0
-7.6539	-0.2638	0	-0
-6.1876	-0.2638	0	-0
-4.7213	-0.2638	0	-0
-3.255	-0.2638	0	-0
-1.7887	-0.2638	0.0063225	-0.020213
-0.32241	-0.2638	0.0091606	-0.015498
1.1439	-0.2638	0.0083372	-0.011605
2.6102	-0.2638	0.0076763	-0.0073934
4.0765	-0.2638	0.0062422	-0.0035738
5.5428	-0.2638	0.0040829	-0.00056616
7.0091	-0.2638	0.0023916	0.0015396
8.4754	-0.2638	0.0014571	0.0041591
9.9417	-0.2638	0	-0
11.408	-0.2638	0	-0
12.874	-0.2638	0	-0
14.341	-0.2638	0	-0
15.807	-0.2638	0	-0
-14.985	-1.7301	0	-0
-13.519	-1.7301	0	-0
-12.053	-1.7301	0	-0
-10.587	-1.7301	0	-0
-9.1202	-1.7301	0	-0
-7.6539	-1.7301	0	-0
-6.1876	-1.7301	0	-0
-4.7213	-1.7301	0	-0
-3.255	-1.7301	0	-0
-1.7887	-1.7301	0.0088723	-0.023493
-0.32241	-1.7301	0.011817	-0.019883
1.1439	-1.7301	0.010912	-0.013684
2.6102	-1.7301	0.0093698	-0.012453
4.0765	-1.7301	0.008167	-0.0088738
5.5428	-1.7301	0.0066369	-0.0059555
7.0091	-1.7301	0.0054749	-0.0031672
8.4754	-1.7301	0.0043227	-0.00016543
9.9417	-1.7301	0	-0
11.408	-1.7301	0	-0
12.874	-1.7301	0	-0
14.341	-1.7301	0	-0
15.807	-1.7301	0	-0
-14.985	-3.1964	0	-0
-13.519	-3.1964	0	-0
-12.053	-3.1964	0	-0
-10.587	-3.1964	0	-0
-9.1202	-3.1964	0	-0
-7.6539	-3.1964	0	-0
-6.1876	-3.1964	0	-0
-4.7213	-3.1964	0	-0
-3.255	-3.1964	0	-0
-1.7887	-3.1964	0.0091859	-0.028129
-0.32241	-3.1964	0.013957	-0.024387
1.1439	-3.1964	0.013273	-0.020604
2.6102	-3.1964	0.011513	-0.017311
4.0765	-3.1964	0.010044	-0.013928
5.5428	-3.1964	0.0089016	-0.011076
7.0091	-3.1964	0.0082892	-0.0077932
8.4754	-3.1964	0.0065636	-0.0044904
9.9417	-3.1964	0	-0
11.408	-3.1964	0	-0
12.874	-3.1964	0	-0
14.341	-3.1964	0	-0
15.807	-3.1964	0	-0
-14.985	-4.6627	0	-0
-13.519	-4.6627	0	-0
-12.053	-4.6627	0	-0
-10.587	-4.6627	0	-0
-9.1202	-4.6627	0	-0
-7.6539	-4.6627	0	-0
-6.1876	-4.6627	0	-0
-4.7213	-4.6627	0	-0
-3.255	-4.6627	0	-0
-1.7887	-4.6627	0.0074919	-0.031142
-0.32241	-4.6627	0.015346	-0.028343
1.1439	-4.6627	0.014937	-0.025868
2.6102	-4.6627	0.013673	-0.022453
4.0765	-4.6627	0.012522	-0.018851
5.5428	-4.6627	0.011813	-0.015243
7.0091	-4.6627	0.01114	-0.012132
8.4754	-4.6627	0.0079623	-0.0092776
9.9417	-4.6627	0	-0
11.408	-4.6627	0	-0
12.874	-4.6627	0	-0
14.341	-4.6627	0	-0
15.807	-4.6627	0	-0
-14.985	-6.129	0	-0
-13.519	-6.129	0	-0
-12.053	-6.129	0	-0
-10.587	-6.129	0	-0
-9.1202	-6.129	0	-0
-7.6539	-6.129	0	-0
-6.1876	-6.129	0	-0
-4.7213	-6.129	0	-0
-3.255	-6.129	0	-0
-1.7887	-6.129	0.012344	-0.034454
-0.32241	-6.129	0.016575	-0.031822
1.1439	-6.129	0.016762	-0.029703
2.6102	-6.129	0.015855	-0.026827
4.0765	-6.129	0.014743	-0.022683
5.5428	-6.129	0.014103	-0.01874
7.0091	-6.129	0.013067	-0.015921
8.4754	-6.129	0.010356	-0.013615
9.9417	-6.129	0	-0
11.408	-6.129	0	-0
12.874	-6.129	0	-0
14.341	-6.129	0	-0
15.807	-6.129	0	-0
-14.985	-7.5953	0	-0
-13.519	-7.5953	0	-0
-12.053	-7.5953	0	-0
-10.587	-7.5953	0	-0
-9.1202	-7.5953	0	-0
-7.6539	-7.5953	0	-0
-6.1876	-7.5953	0	-0
-4.7213	-7.5953	0	-0
-3.255	-7.5953	0	-0
-1.7887	-7.5953	0.014798	-0.036567
-0.32241	-7.5953	0.017398	-0.034475
1.1439	-7.5953	0.017527	-0.032382
2.6102	-7.5953	0.016632	-0.029892
4.0765	-7.5953	0.016319	-0.026002
5.5428	-7.5953	0.015396	-0.022518
7.0091	-7.5953	0.014508	-0.02009
8.4754	-7.5953	0.011865	-0.018292
9.9417	-7.5953	0	-0
11.408	-7.5953	0	-0
12.874	-7.5953	0	-0
14.341	-7.5953	0	-0
15.807	-7.5953	0	-0
-14.985	-9.0616	0	-0
-13.519	-9.0616	0	-0
-12.053	-9.0616	0	-0
-10.587	-9.0616	0	-0
-9.1202	-9.0616	0	-0
-7.6539	-9.0616	0	-0
-6.1876	-9.0616	0	-0
-4.7213	-9.0616	0	-0
-3.255	-9.0616	0	-0
-1.7887	-9.0616	0.014769	-0.038959
-0.32241	-9.0616	0.017839	-0.037228
1.1439	-9.0616	0.01774	-0.034983
2.6102	-9.0616	0.017349	-0.032689
4.0765	-9.0616	0.016779	-0.029611
5.5428	-9.0616	0.016457	-0.026945
7.0091	-9.0616	0.015683	-0.025133
8.4754	-9.0616	0.013336	-0.023255
9.9417	-9.0616	0	-0
11.408	-9.0616	0	-0
12.874	-9.0616	0	-0
14.341	-9.0616	0	-0
15.807	-9.0616	0	-0
-14.985	-10.528	0	-0
-13.519	-10.528	0	-0
-12.053	-10.528	0	-0
-10.587	-10.528	0	-0
-9.1202	-10.528	0	-0
-7.6539	-10.528	0	-0
-6.1876	-10.528	0	-0
-4.7213	-10.528	0	-0
-3.255	-10.528	0	-0
-1.7887	-10.528	0.01528	-0.041557
-0.32241	-10.528	0.017341	-0.040431
1.1439	-10.528	0.017563	-0.038323
2.6102	-10.528	0.017477	-0.036075
4.0765	-10.528	0.017055	-0.033226
5.5428	-10.528	0.016974	-0.030226
7.0091	-10.528	0.0166	-0.028744
8.4754	-10.528	0.015232	-0.026075
9.9417	-10.528	0	-0
11.408	-10.528	0	-0
12.874	-10.528	0	-0
14.341	-10.528	0	-0
15.807	-10.528	0	-0
-14.985	-11.994	0	-0
-13.519	-11.994	0	-0
-12.053	-11.994	0	-0
-10.587	-11.994	0	-0
-9.1202	-11.994	0	-0
-7.6539	-11.994	0	-0
-6.1876	-11.994	0	-0
-4.7213	-11.994	0	-0
-3.255	-11.994	0	-0
-1.7887	-11.994	0	-0
-0.32241	-11.994	0	-0
1.1439	-11.994	0	-0
2.6102	-11.994	0	-0
4.0765	-11.994	0	-0
5.5428	-11.994	0	-0
7.0091	-11.994	0	-0
8.4754	-11.994	0	-0
9.9417	-11.994	0	-0
11.408	-11.994	0	-0
12.874	-11.994	0	-0
14.341	-11.994	0	-0
15.807	-11.994	0	-0
