#DaVis 7.4.0 2D-vector 96 22 22 "" "[mm]" "" "[mm]" "displacement" "[mm]"
-14.985	18.798	0	-0
-13.519	18.798	0	-0
-12.053	18.798	0	-0
-10.587	18.798	0	-0
-9.1202	18.798	0	-0
-7.6539	18.798	0	-0
-6.1876	18.798	0	-0
-4.7213	18.798	0	-0
-3.255	18.798	0	-0
-1.7887	18.798	-0.051793	0.67815
-0.32241	18.798	-0.78715	0.49127
1.1439	18.798	0.54554	-0.72751
2.6102	18.798	-0.10253	-0.84211
4.0765	18.798	-0.84009	-0.85378
5.5428	18.798	-0.085272	0.071708
7.0091	18.798	-0.084452	0.076309
8.4754	18.798	-0.061484	0.077281
9.9417	18.798	0	-0
11.408	18.798	0	-0
12.874	18.798	0	-0
14.341	18.798	0	-0
15.807	18.798	0	-0
-14.985	17.332	0	-0
-13.519	17.332	0	-0
-12.053	17.332	0	-0
-10.587	17.332	0	-0
-9.1202	17.332	0	-0
-7.6539	17.332	0	-0
-6.1876	17.332	0	-0
-4.7213	17.332	0	-0
-3.255	17.332	0	-0
-1.7887	17.332	-0.066528	0.027692
-0.32241	17.332	-0.071372	0.038933
1.1439	17.332	-0.074037	0.047927
2.6102	17.332	-0.076087	0.056824
4.0765	17.332	-0.078471	0.065847
5.5428	17.332	-0.078978	0.07169
7.0091	17.332	-0.077867	0.076682
8.4754	17.332	-0.05932	0.080401
9.9417	17.332	0	-0
11.408	17.332	0	-0
12.874	17.332	0	-0
14.341	17.332	0	-0
15.807	17.332	0	-0
-14.985	15.866	0	-0
-13.519	15.866	0	-0
-12.053	15.866	0	-0
-10.587	15.866	0	-0
-9.1202	15.866	0	-0
-7.6539	15.866	0	-0
-6.1876	15.866	0	-0
-4.7213	15.866	0	-0
-3.255	15.866	0	-0
-1.7887	15.866	-0.058095	0.0206
-0.32241	15.866	-0.063741	0.031241
1.1439	15.866	-0.066073	0.040196
2.6102	15.866	-0.068376	0.049524
4.0765	15.866	-0.07088	0.058741
5.5428	15.866	-0.071932	0.065785
7.0091	15.866	-0.07377	0.0712
8.4754	15.866	-0.058257	0.075607
9.9417	15.866	0	-0
11.408	15.866	0	-0
12.874	15.866	0	-0
14.341	15.866	0	-0
15.807	15.866	0	-0
-14.985	14.399	0	-0
-13.519	14.399	0	-0
-12.053	14.399	0	-0
-10.587	14.399	0	-0
-9.1202	14.399	0	-0
-7.6539	14.399	0	-0
-6.1876	14.399	0	-0
-4.7213	14.399	0	-0
-3.255	14.399	0	-0
-1.7887	14.399	-0.048026	0.014246
-0.32241	14.399	-0.055498	0.024123
1.1439	14.399	-0.058315	0.03262
2.6102	14.399	-0.059342	0.042988
4.0765	14.399	-0.061311	0.052658
5.5428	14.399	-0.065617	0.05942
7.0091	14.399	-0.067205	0.065321
8.4754	14.399	-0.049463	0.069204
9.9417	14.399	0	-0
11.408	14.399	0	-0
12.874	14.399	0	-0
14.341	14.399	0	-0
15.807	14.399	0	-0
-14.985	12.933	0	-0
-13.519	12.933	0	-0
-12.053	12.933	0	-0
-10.587	12.933	0	-0
-9.1202	12.933	0	-0
-7.6539	12.933	0	-0
-6.1876	12.933	0	-0
-4.7213	12.933	0	-0
-3.255	12.933	0	-0
-1.7887	12.933	-0.029238	0.0089764
-0.32241	12.933	-0.046672	0.017492
1.1439	12.933	-0.048755	0.026323
2.6102	12.933	-0.050521	0.035884
4.0765	12.933	-0.052488	0.045949
5.5428	12.933	-0.05676	0.053304
7.0091	12.933	-0.057734	0.058754
8.4754	12.933	-0.041726	0.0641
9.9417	12.933	0	-0
11.408	12.933	0	-0
12.874	12.933	0	-0
14.341	12.933	0	-0
15.807	12.933	0	-0
-14.985	11.467	0	-0
-13.519	11.467	0	-0
-12.053	11.467	0	-0
-10.587	11.467	0	-0
-9.1202	11.467	0	-0
-7.6539	11.467	0	-0
-6.1876	11.467	0	-0
-4.7213	11.467	0	-0
-3.255	11.467	0	-0
-1.7887	11.467	-0.018266	0.0040076
-0.32241	11.467	-0.036555	0.011703
1.1439	11.467	-0.039017	0.02102
2.6102	11.467	-0.041212	0.029559
4.0765	11.467	-0.044022	0.038836
5.5428	11.467	-0.047743	0.045926
7.0091	11.467	-0.048946	0.052657
8.4754	11.467	-0.032531	0.0588
9.9417	11.467	0	-0
11.408	11.467	0	-0
12.874	11.467	0	-0
14.341	11.467	0	-0
15.807	11.467	0	-0
-14.985	10	0	-0
-13.519	10	0	-0
-12.053	10	0	-0
-10.587	10	0	-0
-9.1202	10	0	-0
-7.6539	10	0	-0
-6.1876	10	0	-0
-4.7213	10	0	-0
-3.255	10	0	-0
-1.7887	10	-0.0095358	-0.0013793
-0.32241	10	-0.026942	0.0082858
1.1439	10	-0.029843	0.016396
2.6102	10	-0.031456	0.023618
4.0765	10	-0.034305	0.031246
5.5428	10	-0.03861	0.038824
7.0091	10	-0.039565	0.045611
8.4754	10	-0.026158	0.052085
9.9417	10	0	-0
11.408	10	0	-0
12.874	10	0	-0
14.341	10	0	-0
15.807	10	0	-0
-14.985	8.534	0	-0
-13.519	8.534	0	-0
-12.053	8.534	0	-0
-10.587	8.534	0	-0
-9.1202	8.534	0	-0
-7.6539	8.534	0	-0
-6.1876	8.534	0	-0
-4.7213	8.534	0	-0
-3.255	8.534	0	-0
-1.7887	8.534	-0.014122	-0.0043026
-0.32241	8.534	-0.02014	0.0045688
1.1439	8.534	-0.022192	0.011634
2.6102	8.534	-0.023229	0.018675
4.0765	8.534	-0.025995	0.024593
5.5428	8.534	-0.029432	0.032417
7.0091	8.534	-0.031443	0.038538
8.4754	8.534	-0.021534	0.044325
9.9417	8.534	0	-0
11.408	8.534	0	-0
12.874	8.534	0	-0
14.341	8.534	0	-0
15.807	8.534	0	-0
-14.985	7.0677	0	-0
-13.519	7.0677	0	-0
-12.053	7.0677	0	-0
-10.587	7.0677	0	-0
-9.1202	7.0677	0	-0
-7.6539	7.0677	0	-0
-6.1876	7.0677	0	-0
-4.7213	7.0677	0	-0
-3.255	7.0677	0	-0
-1.7887	7.0677	-0.010437	-0.0069977
-0.32241	7.0677	-0.014025	0.00052755
1.1439	7.0677	-0.016103	0.0076709
2.6102	7.0677	-0.016662	0.013968
4.0765	7.0677	-0.018692	0.020075
5.5428	7.0677	-0.021518	0.026602
7.0091	7.0677	-0.02363	0.032446
8.4754	7.0677	-0.014099	0.037456
9.9417	7.0677	0	-0
11.408	7.0677	0	-0
12.874	7.0677	0	-0
14.341	7.0677	0	-0
15.807	7.0677	0	-0
-14.985	5.6014	0	-0
-13.519	5.6014	0	-0
-12.053	5.6014	0	-0
-10.587	5.6014	0	-0
-9.1202	5.6014	0	-0
-7.6539	5.6014	0	-0
-6.1876	5.6014	0	-0
-4.7213	5.6014	0	-0
-3.255	5.6014	0	-0
-1.7887	5.6014	-0.0062506	-0.010049
-0.32241	5.6014	-0.0086775	-0.0033401
1.1439	5.6014	-0.0098416	0.0039177
2.6102	5.6014	-0.01099	0.010269
4.0765	5.6014	-0.0133	0.015891
5.5428	5.6014	-0.014638	0.021636
7.0091	5.6014	-0.016118	0.026383
8.4754	5.6014	-0.01404	0.030745
9.9417	5.6014	0	-0
11.408	5.6014	0	-0
12.874	5.6014	0	-0
14.341	5.6014	0	-0
15.807	5.6014	0	-0
-14.985	4.1351	0	-0
-13.519	4.1351	0	-0
-12.053	4.1351	0	-0
-10.587	4.1351	0	-0
-9.1202	4.1351	0	-0
-7.6539	4.1351	0	-0
-6.1876	4.1351	0	-0
-4.7213	4.1351	0	-0
-3.255	4.1351	0	-0
-1.7887	4.1351	-0.00211	-0.011993
-0.32241	4.1351	-0.0034015	-0.0056287
1.1439	4.1351	-0.0043284	-0.00025716
2.6102	4.1351	-0.0065423	0.0061348
4.0765	4.1351	-0.0078362	0.011686
5.5428	4.1351	-0.009657	0.016782
7.0091	4.1351	-0.010309	0.020565
8.4754	4.1351	-0.010972	0.02346
9.9417	4.1351	0	-0
11.408	4.1351	0	-0
12.874	4.1351	0	-0
14.341	4.1351	0	-0
15.807	4.1351	0	-0
-14.985	2.6688	0	-0
-13.519	2.6688	0	-0
-12.053	2.6688	0	-0
-10.587	2.6688	0	-0
-9.1202	2.6688	0	-0
-7.6539	2.6688	0	-0
-6.1876	2.6688	0	-0
-4.7213	2.6688	0	-0
-3.255	2.6688	0	-0
-1.7887	2.6688	0.0017968	-0.015994
-0.32241	2.6688	0.0029037	-0.0097065
1.1439	2.6688	0.0016535	-0.0041498
2.6102	2.6688	0.00013693	0.0027113
4.0765	2.6688	-0.0017115	0.0080352
5.5428	2.6688	-0.0046943	0.011725
7.0091	2.6688	-0.0057612	0.01472
8.4754	2.6688	-0.0071472	0.016779
9.9417	2.6688	0	-0
11.408	2.6688	0	-0
12.874	2.6688	0	-0
14.341	2.6688	0	-0
15.807	2.6688	0	-0
-14.985	1.2025	0	-0
-13.519	1.2025	0	-0
-12.053	1.2025	0	-0
-10.587	1.2025	0	-0
-9.1202	1.2025	0	-0
-7.6539	1.2025	0	-0
-6.1876	1.2025	0	-0
-4.7213	1.2025	0	-0
-3.255	1.2025	0	-0
-1.7887	1.2025	0.0037082	-0.02031
-0.32241	1.2025	0.007907	-0.013368
1.1439	1.2025	0.0066409	-0.0075938
2.6102	1.2025	0.005217	-0.0025412
4.0765	1.2025	0.003335	0.0016804
5.5428	1.2025	0.00033148	0.0055014
7.0091	1.2025	-0.0018254	0.0078684
8.4754	1.2025	-0.0035517	0.0099224
9.9417	1.2025	0	-0
11.408	1.2025	0	-0
12.874	1.2025	0	-0
14.341	1.2025	0	-0
15.807	1.2025	0	-0
-14.985	-0.2638	0	-0
-13.519	-0.2638	0	-0
-12.053	-0.2638	0	-0
-10.587	-0.2638	0	-0
-9.1202	-0.2638	0	-0
-7.6539	-0.2638	0	-0
-6.1876	-0.2638	0	-0
-4.7213	-0.2638	0	-0
-3.255	-0.2638	0	-0
-1.7887	-0.2638	0.0062783	-0.024688
-0.32241	-0.2638	0.011462	-0.01914
1.1439	-0.2638	0.010438	-0.013816
2.6102	-0.2638	0.008094	-0.0092613
4.0765	-0.2638	0.0060062	-0.0054399
5.5428	-0.2638	0.0037357	-0.0017606
7.0091	-0.2638	0.0014409	0.0008169
8.4754	-0.2638	-0.00046544	0.0035572
9.9417	-0.2638	0	-0
11.408	-0.2638	0	-0
12.874	-0.2638	0	-0
14.341	-0.2638	0	-0
15.807	-0.2638	0	-0
-14.985	-1.7301	0	-0
-13.519	-1.7301	0	-0
-12.053	-1.7301	0	-0
-10.587	-1.7301	0	-0
-9.1202	-1.7301	0	-0
-7.6539	-1.7301	0	-0
-6.1876	-1.7301	0	-0
-4.7213	-1.7301	0	-0
-3.255	-1.7301	0	-0
-1.7887	-1.7301	0.012557	-0.030037
-0.32241	-1.7301	0.014702	-0.025502
1.1439	-1.7301	0.013427	-0.01982
2.6102	-1.7301	0.010401	-0.016126
4.0765	-1.7301	0.0084444	-0.012607
5.5428	-1.7301	0.0066339	-0.009381
7.0091	-1.7301	0.0047986	-0.0062633
8.4754	-1.7301	0.0011299	-0.0026183
9.9417	-1.7301	0	-0
11.408	-1.7301	0	-0
12.874	-1.7301	0	-0
14.341	-1.7301	0	-0
15.807	-1.7301	0	-0
-14.985	-3.1964	0	-0
-13.519	-3.1964	0	-0
-12.053	-3.1964	0	-0
-10.587	-3.1964	0	-0
-9.1202	-3.1964	0	-0
-7.6539	-3.1964	0	-0
-6.1876	-3.1964	0	-0
-4.7213	-3.1964	0	-0
-3.255	-3.1964	0	-0
-1.7887	-3.1964	0.013424	-0.036819
-0.32241	-3.1964	0.017387	-0.031939
1.1439	-3.1964	0.01512	-0.0274
2.6102	-3.1964	0.012427	-0.023521
4.0765	-3.1964	0.010408	-0.019404
5.5428	-3.1964	0.0089868	-0.015913
7.0091	-3.1964	0.0081327	-0.012326
8.4754	-3.1964	0.0046776	-0.0081469
9.9417	-3.1964	0	-0
11.408	-3.1964	0	-0
12.874	-3.1964	0	-0
14.341	-3.1964	0	-0
15.807	-3.1964	0	-0
-14.985	-4.6627	0	-0
-13.519	-4.6627	0	-0
-12.053	-4.6627	0	-0
-10.587	-4.6627	0	-0
-9.1202	-4.6627	0	-0
-7.6539	-4.6627	0	-0
-6.1876	-4.6627	0	-0
-4.7213	-4.6627	0	-0
-3.255	-4.6627	0	-0
-1.7887	-4.6627	0.012857	-0.042157
-0.32241	-4.6627	0.018702	-0.038622
1.1439	-4.6627	0.017427	-0.035251
2.6102	-4.6627	0.015288	-0.0309
4.0765	-4.6627	0.013659	-0.026074
5.5428	-4.6627	0.012482	-0.022345
7.0091	-4.6627	0.011311	-0.018344
8.4754	-4.6627	0.007589	-0.014697
9.9417	-4.6627	0	-0
11.408	-4.6627	0	-0
12.874	-4.6627	0	-0
14.341	-4.6627	0	-0
15.807	-4.6627	0	-0
-14.985	-6.129	0	-0
-13.519	-6.129	0	-0
-12.053	-6.129	0	-0
-10.587	-6.129	0	-0
-9.1202	-6.129	0	-0
-7.6539	-6.129	0	-0
-6.1876	-6.129	0	-0
-4.7213	-6.129	0	-0
-3.255	-6.129	0	-0
-1.7887	-6.129	0.016446	-0.047431
-0.32241	-6.129	0.019583	-0.044214
1.1439	-6.129	0.019498	-0.041626
2.6102	-6.129	0.018143	-0.037646
4.0765	-6.129	0.01651	-0.032104
5.5428	-6.129	0.015191	-0.02706
7.0091	-6.129	0.013457	-0.023514
8.4754	-6.129	0.010155	-0.020816
9.9417	-6.129	0	-0
11.408	-6.129	0	-0
12.874	-6.129	0	-0
14.341	-6.129	0	-0
15.807	-6.129	0	-0
-14.985	-7.5953	0	-0
-13.519	-7.5953	0	-0
-12.053	-7.5953	0	-0
-10.587	-7.5953	0	-0
-9.1202	-7.5953	0	-0
-7.6539	-7.5953	0	-0
-6.1876	-7.5953	0	-0
-4.7213	-7.5953	0	-0
-3.255	-7.5953	0	-0
-1.7887	-7.5953	0.017738	-0.050936
-0.32241	-7.5953	0.020031	-0.048447
1.1439	-7.5953	0.020027	-0.045648
2.6102	-7.5953	0.018535	-0.041965
4.0765	-7.5953	0.01797	-0.036789
5.5428	-7.5953	0.016586	-0.032126
7.0091	-7.5953	0.015168	-0.029126
8.4754	-7.5953	0.011722	-0.02679
9.9417	-7.5953	0	-0
11.408	-7.5953	0	-0
12.874	-7.5953	0	-0
14.341	-7.5953	0	-0
15.807	-7.5953	0	-0
-14.985	-9.0616	0	-0
-13.519	-9.0616	0	-0
-12.053	-9.0616	0	-0
-10.587	-9.0616	0	-0
-9.1202	-9.0616	0	-0
-7.6539	-9.0616	0	-0
-6.1876	-9.0616	0	-0
-4.7213	-9.0616	0	-0
-3.255	-9.0616	0	-0
-1.7887	-9.0616	0.017451	-0.054334
-0.32241	-9.0616	0.020033	-0.051921
1.1439	-9.0616	0.019625	-0.049152
2.6102	-9.0616	0.019036	-0.045931
4.0765	-9.0616	0.018154	-0.041762
5.5428	-9.0616	0.017352	-0.038409
7.0091	-9.0616	0.016434	-0.03599
8.4754	-9.0616	0.014179	-0.033582
9.9417	-9.0616	0	-0
11.408	-9.0616	0	-0
12.874	-9.0616	0	-0
14.341	-9.0616	0	-0
15.807	-9.0616	0	-0
-14.985	-10.528	0	-0
-13.519	-10.528	0	-0
-12.053	-10.528	0	-0
-10.587	-10.528	0	-0
-9.1202	-10.528	0	-0
-7.6539	-10.528	0	-0
-6.1876	-10.528	0	-0
-4.7213	-10.528	0	-0
-3.255	-10.528	0	-0
-1.7887	-10.528	0.01743	-0.058318
-0.32241	-10.528	0.019059	-0.056904
1.1439	-10.528	0.019054	-0.054159
2.6102	-10.528	0.019052	-0.051606
4.0765	-10.528	0.018045	-0.04746
5.5428	-10.528	0.017753	-0.043873
7.0091	-10.528	0.017083	-0.041466
8.4754	-10.528	0.015641	-0.038491
9.9417	-10.528	0	-0
11.408	-10.528	0	-0
12.874	-10.528	0	-0
14.341	-10.528	0	-0
15.807	-10.528	0	-0
-14.985	-11.994	0	-0
-13.519	-11.994	0	-0
-12.053	-11.994	0	-0
-10.587	-11.994	0	-0
-9.1202	-11.994	0	-0
-7.6539	-11.994	0	-0
-6.1876	-11.994	0	-0
-4.7213	-11.994	0	-0
-3.255	-11.994	0	-0
-1.7887	-11.994	0	-0
-0.32241	-11.994	0	-0
1.1439	-11.994	0	-0
2.6102	-11.994	0	-0
4.0765	-11.994	0	-0
5.5428	-11.994	0	-0
7.0091	-11.994	0	-0
8.4754	-11.994	0	-0
9.9417	-11.994	0	-0
11.408	-11.994	0	-0
12.874	-11.994	0	-0
14.341	-11.994	0	-0
15.807	-11.994	0	-0
