#DaVis 7.4.0 2D-vector 96 22 22 "" "[mm]" "" "[mm]" "displacement" "[mm]"
-14.985	18.798	0	-0
-13.519	18.798	0	-0
-12.053	18.798	0	-0
-10.587	18.798	0	-0
-9.1202	18.798	0	-0
-7.6539	18.798	0	-0
-6.1876	18.798	0	-0
-4.7213	18.798	0	-0
-3.255	18.798	0	-0
-1.7887	18.798	-0.066013	0.018594
-0.32241	18.798	-0.071026	0.033691
1.1439	18.798	-0.52086	-0.61786
2.6102	18.798	-0.08005	-0.83714
4.0765	18.798	-0.072818	-0.81595
5.5428	18.798	-0.075277	0.063087
7.0091	18.798	-0.074511	0.065543
8.4754	18.798	-0.051796	0.065782
9.9417	18.798	0	-0
11.408	18.798	0	-0
12.874	18.798	0	-0
14.341	18.798	0	-0
15.807	18.798	0	-0
-14.985	17.332	0	-0
-13.519	17.332	0	-0
-12.053	17.332	0	-0
-10.587	17.332	0	-0
-9.1202	17.332	0	-0
-7.6539	17.332	0	-0
-6.1876	17.332	0	-0
-4.7213	17.332	0	-0
-3.255	17.332	0	-0
-1.7887	17.332	-0.0603	0.014537
-0.32241	17.332	-0.064673	0.024525
1.1439	17.332	-0.066467	0.033009
2.6102	17.332	-0.067987	0.041255
4.0765	17.332	-0.069717	0.04937
5.5428	17.332	-0.06999	0.055084
7.0091	17.332	-0.068401	0.059851
8.4754	17.332	-0.050943	0.063918
9.9417	17.332	0	-0
11.408	17.332	0	-0
12.874	17.332	0	-0
14.341	17.332	0	-0
15.807	17.332	0	-0
-14.985	15.866	0	-0
-13.519	15.866	0	-0
-12.053	15.866	0	-0
-10.587	15.866	0	-0
-9.1202	15.866	0	-0
-7.6539	15.866	0	-0
-6.1876	15.866	0	-0
-4.7213	15.866	0	-0
-3.255	15.866	0	-0
-1.7887	15.866	-0.052762	0.0098753
-0.32241	15.866	-0.057977	0.019332
1.1439	15.866	-0.059013	0.027445
2.6102	15.866	-0.060492	0.035813
4.0765	15.866	-0.062544	0.043973
5.5428	15.866	-0.063219	0.050243
7.0091	15.866	-0.06448	0.055432
8.4754	15.866	-0.050798	0.060239
9.9417	15.866	0	-0
11.408	15.866	0	-0
12.874	15.866	0	-0
14.341	15.866	0	-0
15.807	15.866	0	-0
-14.985	14.399	0	-0
-13.519	14.399	0	-0
-12.053	14.399	0	-0
-10.587	14.399	0	-0
-9.1202	14.399	0	-0
-7.6539	14.399	0	-0
-6.1876	14.399	0	-0
-4.7213	14.399	0	-0
-3.255	14.399	0	-0
-1.7887	14.399	-0.04324	0.0050338
-0.32241	14.399	-0.050556	0.014653
1.1439	14.399	-0.05225	0.022076
2.6102	14.399	-0.052315	0.030819
4.0765	14.399	-0.053502	0.039386
5.5428	14.399	-0.057388	0.045688
7.0091	14.399	-0.058577	0.051082
8.4754	14.399	-0.042819	0.05473
9.9417	14.399	0	-0
11.408	14.399	0	-0
12.874	14.399	0	-0
14.341	14.399	0	-0
15.807	14.399	0	-0
-14.985	12.933	0	-0
-13.519	12.933	0	-0
-12.053	12.933	0	-0
-10.587	12.933	0	-0
-9.1202	12.933	0	-0
-7.6539	12.933	0	-0
-6.1876	12.933	0	-0
-4.7213	12.933	0	-0
-3.255	12.933	0	-0
-1.7887	12.933	-0.023917	0.0020349
-0.32241	12.933	-0.042444	0.0092918
1.1439	12.933	-0.044324	0.017935
2.6102	12.933	-0.04467	0.026555
4.0765	12.933	-0.046055	0.034096
5.5428	12.933	-0.049294	0.040668
7.0091	12.933	-0.050282	0.045917
8.4754	12.933	-0.036798	0.050547
9.9417	12.933	0	-0
11.408	12.933	0	-0
12.874	12.933	0	-0
14.341	12.933	0	-0
15.807	12.933	0	-0
-14.985	11.467	0	-0
-13.519	11.467	0	-0
-12.053	11.467	0	-0
-10.587	11.467	0	-0
-9.1202	11.467	0	-0
-7.6539	11.467	0	-0
-6.1876	11.467	0	-0
-4.7213	11.467	0	-0
-3.255	11.467	0	-0
-1.7887	11.467	-0.014515	-0.001916
-0.32241	11.467	-0.033525	0.0050626
1.1439	11.467	-0.036107	0.013002
2.6102	11.467	-0.036547	0.021515
4.0765	11.467	-0.038766	0.02911
5.5428	11.467	-0.041213	0.035492
7.0091	11.467	-0.04224	0.04106
8.4754	11.467	-0.029056	0.046528
9.9417	11.467	0	-0
11.408	11.467	0	-0
12.874	11.467	0	-0
14.341	11.467	0	-0
15.807	11.467	0	-0
-14.985	10	0	-0
-13.519	10	0	-0
-12.053	10	0	-0
-10.587	10	0	-0
-9.1202	10	0	-0
-7.6539	10	0	-0
-6.1876	10	0	-0
-4.7213	10	0	-0
-3.255	10	0	-0
-1.7887	10	-0.005175	-0.0051032
-0.32241	10	-0.025549	0.0024443
1.1439	10	-0.028363	0.0094097
2.6102	10	-0.028697	0.01646
4.0765	10	-0.030188	0.023268
5.5428	10	-0.033742	0.029946
7.0091	10	-0.034884	0.035892
8.4754	10	-0.022622	0.041341
9.9417	10	0	-0
11.408	10	0	-0
12.874	10	0	-0
14.341	10	0	-0
15.807	10	0	-0
-14.985	8.534	0	-0
-13.519	8.534	0	-0
-12.053	8.534	0	-0
-10.587	8.534	0	-0
-9.1202	8.534	0	-0
-7.6539	8.534	0	-0
-6.1876	8.534	0	-0
-4.7213	8.534	0	-0
-3.255	8.534	0	-0
-1.7887	8.534	-0.0074319	-0.0076102
-0.32241	8.534	-0.019725	-0.00020358
1.1439	8.534	-0.021655	0.0064632
2.6102	8.534	-0.02172	0.012643
4.0765	8.534	-0.023106	0.018477
5.5428	8.534	-0.025912	0.024889
7.0091	8.534	-0.027314	0.030534
8.4754	8.534	-0.019385	0.036411
9.9417	8.534	0	-0
11.408	8.534	0	-0
12.874	8.534	0	-0
14.341	8.534	0	-0
15.807	8.534	0	-0
-14.985	7.0677	0	-0
-13.519	7.0677	0	-0
-12.053	7.0677	0	-0
-10.587	7.0677	0	-0
-9.1202	7.0677	0	-0
-7.6539	7.0677	0	-0
-6.1876	7.0677	0	-0
-4.7213	7.0677	0	-0
-3.255	7.0677	0	-0
-1.7887	7.0677	-0.0049382	-0.0092698
-0.32241	7.0677	-0.013907	-0.0027685
1.1439	7.0677	-0.015869	0.0034053
2.6102	7.0677	-0.015939	0.0094323
4.0765	7.0677	-0.016527	0.015565
5.5428	7.0677	-0.018819	0.020979
7.0091	7.0677	-0.020406	0.025568
8.4754	7.0677	-0.013016	0.030046
9.9417	7.0677	0	-0
11.408	7.0677	0	-0
12.874	7.0677	0	-0
14.341	7.0677	0	-0
15.807	7.0677	0	-0
-14.985	5.6014	0	-0
-13.519	5.6014	0	-0
-12.053	5.6014	0	-0
-10.587	5.6014	0	-0
-9.1202	5.6014	0	-0
-7.6539	5.6014	0	-0
-6.1876	5.6014	0	-0
-4.7213	5.6014	0	-0
-3.255	5.6014	0	-0
-1.7887	5.6014	-0.00040721	-0.011503
-0.32241	5.6014	-0.0091126	-0.0057066
1.1439	5.6014	-0.0094483	0.00093342
2.6102	5.6014	-0.010103	0.0065877
4.0765	5.6014	-0.01131	0.011808
5.5428	5.6014	-0.012748	0.016922
7.0091	5.6014	-0.013477	0.021065
8.4754	5.6014	-0.009542	0.02484
9.9417	5.6014	0	-0
11.408	5.6014	0	-0
12.874	5.6014	0	-0
14.341	5.6014	0	-0
15.807	5.6014	0	-0
-14.985	4.1351	0	-0
-13.519	4.1351	0	-0
-12.053	4.1351	0	-0
-10.587	4.1351	0	-0
-9.1202	4.1351	0	-0
-7.6539	4.1351	0	-0
-6.1876	4.1351	0	-0
-4.7213	4.1351	0	-0
-3.255	4.1351	0	-0
-1.7887	4.1351	-0.0019495	-0.012931
-0.32241	4.1351	-0.0039919	-0.0073078
1.1439	4.1351	-0.004732	-0.0022695
2.6102	4.1351	-0.0058506	0.0034347
4.0765	4.1351	-0.0063156	0.008399
5.5428	4.1351	-0.008057	0.012981
7.0091	4.1351	-0.0086821	0.016469
8.4754	4.1351	-0.0064045	0.019619
9.9417	4.1351	0	-0
11.408	4.1351	0	-0
12.874	4.1351	0	-0
14.341	4.1351	0	-0
15.807	4.1351	0	-0
-14.985	2.6688	0	-0
-13.519	2.6688	0	-0
-12.053	2.6688	0	-0
-10.587	2.6688	0	-0
-9.1202	2.6688	0	-0
-7.6539	2.6688	0	-0
-6.1876	2.6688	0	-0
-4.7213	2.6688	0	-0
-3.255	2.6688	0	-0
-1.7887	2.6688	0.00257	-0.015276
-0.32241	2.6688	0.0014695	-0.0097587
1.1439	2.6688	0.00043749	-0.004977
2.6102	2.6688	-7.4872e-005	0.00066454
4.0765	2.6688	-0.0015655	0.0055784
5.5428	2.6688	-0.0035723	0.0091668
7.0091	2.6688	-0.004563	0.011908
8.4754	2.6688	-0.003086	0.014508
9.9417	2.6688	0	-0
11.408	2.6688	0	-0
12.874	2.6688	0	-0
14.341	2.6688	0	-0
15.807	2.6688	0	-0
-14.985	1.2025	0	-0
-13.519	1.2025	0	-0
-12.053	1.2025	0	-0
-10.587	1.2025	0	-0
-9.1202	1.2025	0	-0
-7.6539	1.2025	0	-0
-6.1876	1.2025	0	-0
-4.7213	1.2025	0	-0
-3.255	1.2025	0	-0
-1.7887	1.2025	0.0067881	-0.018352
-0.32241	1.2025	0.006061	-0.012478
1.1439	1.2025	0.0052313	-0.007527
2.6102	1.2025	0.0041203	-0.0030944
4.0765	1.2025	0.002587	0.00088087
5.5428	1.2025	0.00072494	0.0043728
7.0091	1.2025	-0.00054125	0.0068822
8.4754	1.2025	-0.0014001	0.009327
9.9417	1.2025	0	-0
11.408	1.2025	0	-0
12.874	1.2025	0	-0
14.341	1.2025	0	-0
15.807	1.2025	0	-0
-14.985	-0.2638	0	-0
-13.519	-0.2638	0	-0
-12.053	-0.2638	0	-0
-10.587	-0.2638	0	-0
-9.1202	-0.2638	0	-0
-7.6539	-0.2638	0	-0
-6.1876	-0.2638	0	-0
-4.7213	-0.2638	0	-0
-3.255	-0.2638	0	-0
-1.7887	-0.2638	0.010251	-0.021308
-0.32241	-0.2638	0.0096814	-0.016553
1.1439	-0.2638	0.0087498	-0.01183
2.6102	-0.2638	0.0072378	-0.0079556
4.0765	-0.2638	0.0057656	-0.0045488
5.5428	-0.2638	0.0039788	-0.0011888
7.0091	-0.2638	0.0024181	0.0017381
8.4754	-0.2638	0.001837	0.0046655
9.9417	-0.2638	0	-0
11.408	-0.2638	0	-0
12.874	-0.2638	0	-0
14.341	-0.2638	0	-0
15.807	-0.2638	0	-0
-14.985	-1.7301	0	-0
-13.519	-1.7301	0	-0
-12.053	-1.7301	0	-0
-10.587	-1.7301	0	-0
-9.1202	-1.7301	0	-0
-7.6539	-1.7301	0	-0
-6.1876	-1.7301	0	-0
-4.7213	-1.7301	0	-0
-3.255	-1.7301	0	-0
-1.7887	-1.7301	0.013118	-0.025056
-0.32241	-1.7301	0.012505	-0.021163
1.1439	-1.7301	0.011427	-0.015372
2.6102	-1.7301	0.0099557	-0.01256
4.0765	-1.7301	0.0085168	-0.0097667
5.5428	-1.7301	0.0070695	-0.006768
7.0091	-1.7301	0.0056529	-0.0036802
8.4754	-1.7301	0.0047412	-0.00029264
9.9417	-1.7301	0	-0
11.408	-1.7301	0	-0
12.874	-1.7301	0	-0
14.341	-1.7301	0	-0
15.807	-1.7301	0	-0
-14.985	-3.1964	0	-0
-13.519	-3.1964	0	-0
-12.053	-3.1964	0	-0
-10.587	-3.1964	0	-0
-9.1202	-3.1964	0	-0
-7.6539	-3.1964	0	-0
-6.1876	-3.1964	0	-0
-4.7213	-3.1964	0	-0
-3.255	-3.1964	0	-0
-1.7887	-3.1964	0.015192	-0.029121
-0.32241	-3.1964	0.015287	-0.025658
1.1439	-3.1964	0.013943	-0.021992
2.6102	-3.1964	0.011845	-0.018546
4.0765	-3.1964	0.010433	-0.014832
5.5428	-3.1964	0.00919	-0.011487
7.0091	-3.1964	0.0087041	-0.0081454
8.4754	-3.1964	0.0075185	-0.0044872
9.9417	-3.1964	0	-0
11.408	-3.1964	0	-0
12.874	-3.1964	0	-0
14.341	-3.1964	0	-0
15.807	-3.1964	0	-0
-14.985	-4.6627	0	-0
-13.519	-4.6627	0	-0
-12.053	-4.6627	0	-0
-10.587	-4.6627	0	-0
-9.1202	-4.6627	0	-0
-7.6539	-4.6627	0	-0
-6.1876	-4.6627	0	-0
-4.7213	-4.6627	0	-0
-3.255	-4.6627	0	-0
-1.7887	-4.6627	0.013123	-0.03311
-0.32241	-4.6627	0.01693	-0.03047
1.1439	-4.6627	0.016002	-0.02787
2.6102	-4.6627	0.014427	-0.024017
4.0765	-4.6627	0.01318	-0.020399
5.5428	-4.6627	0.01225	-0.016483
7.0091	-4.6627	0.011809	-0.012197
8.4754	-4.6627	0.01038	-0.0087761
9.9417	-4.6627	0	-0
11.408	-4.6627	0	-0
12.874	-4.6627	0	-0
14.341	-4.6627	0	-0
15.807	-4.6627	0	-0
-14.985	-6.129	0	-0
-13.519	-6.129	0	-0
-12.053	-6.129	0	-0
-10.587	-6.129	0	-0
-9.1202	-6.129	0	-0
-7.6539	-6.129	0	-0
-6.1876	-6.129	0	-0
-4.7213	-6.129	0	-0
-3.255	-6.129	0	-0
-1.7887	-6.129	0.014744	-0.037071
-0.32241	-6.129	0.018024	-0.034376
1.1439	-6.129	0.017991	-0.031931
2.6102	-6.129	0.016916	-0.028675
4.0765	-6.129	0.015967	-0.024259
5.5428	-6.129	0.015058	-0.020062
7.0091	-6.129	0.013973	-0.016831
8.4754	-6.129	0.012716	-0.014093
9.9417	-6.129	0	-0
11.408	-6.129	0	-0
12.874	-6.129	0	-0
14.341	-6.129	0	-0
15.807	-6.129	0	-0
-14.985	-7.5953	0	-0
-13.519	-7.5953	0	-0
-12.053	-7.5953	0	-0
-10.587	-7.5953	0	-0
-9.1202	-7.5953	0	-0
-7.6539	-7.5953	0	-0
-6.1876	-7.5953	0	-0
-4.7213	-7.5953	0	-0
-3.255	-7.5953	0	-0
-1.7887	-7.5953	0.01672	-0.039503
-0.32241	-7.5953	0.018832	-0.037464
1.1439	-7.5953	0.018719	-0.0351
2.6102	-7.5953	0.018113	-0.03198
4.0765	-7.5953	0.017475	-0.028326
5.5428	-7.5953	0.016625	-0.024388
7.0091	-7.5953	0.015568	-0.021306
8.4754	-7.5953	0.014094	-0.019372
9.9417	-7.5953	0	-0
11.408	-7.5953	0	-0
12.874	-7.5953	0	-0
14.341	-7.5953	0	-0
15.807	-7.5953	0	-0
-14.985	-9.0616	0	-0
-13.519	-9.0616	0	-0
-12.053	-9.0616	0	-0
-10.587	-9.0616	0	-0
-9.1202	-9.0616	0	-0
-7.6539	-9.0616	0	-0
-6.1876	-9.0616	0	-0
-4.7213	-9.0616	0	-0
-3.255	-9.0616	0	-0
-1.7887	-9.0616	0.016599	-0.042081
-0.32241	-9.0616	0.019439	-0.039944
1.1439	-9.0616	0.019085	-0.037713
2.6102	-9.0616	0.018919	-0.035365
4.0765	-9.0616	0.018113	-0.032035
5.5428	-9.0616	0.017761	-0.028577
7.0091	-9.0616	0.016981	-0.026317
8.4754	-9.0616	0.01508	-0.024283
9.9417	-9.0616	0	-0
11.408	-9.0616	0	-0
12.874	-9.0616	0	-0
14.341	-9.0616	0	-0
15.807	-9.0616	0	-0
-14.985	-10.528	0	-0
-13.519	-10.528	0	-0
-12.053	-10.528	0	-0
-10.587	-10.528	0	-0
-9.1202	-10.528	0	-0
-7.6539	-10.528	0	-0
-6.1876	-10.528	0	-0
-4.7213	-10.528	0	-0
-3.255	-10.528	0	-0
-1.7887	-10.528	0.016933	-0.044849
-0.32241	-10.528	0.01889	-0.043554
1.1439	-10.528	0.019053	-0.041226
2.6102	-10.528	0.01924	-0.038852
4.0765	-10.528	0.018411	-0.035633
5.5428	-10.528	0.018351	-0.032679
7.0091	-10.528	0.018085	-0.030701
8.4754	-10.528	0.017295	-0.027858
9.9417	-10.528	0	-0
11.408	-10.528	0	-0
12.874	-10.528	0	-0
14.341	-10.528	0	-0
15.807	-10.528	0	-0
-14.985	-11.994	0	-0
-13.519	-11.994	0	-0
-12.053	-11.994	0	-0
-10.587	-11.994	0	-0
-9.1202	-11.994	0	-0
-7.6539	-11.994	0	-0
-6.1876	-11.994	0	-0
-4.7213	-11.994	0	-0
-3.255	-11.994	0	-0
-1.7887	-11.994	0	-0
-0.32241	-11.994	0	-0
1.1439	-11.994	0	-0
2.6102	-11.994	0	-0
4.0765	-11.994	0	-0
5.5428	-11.994	0	-0
7.0091	-11.994	0	-0
8.4754	-11.994	0	-0
9.9417	-11.994	0	-0
11.408	-11.994	0	-0
12.874	-11.994	0	-0
14.341	-11.994	0	-0
15.807	-11.994	0	-0
