#DaVis 7.4.0 2D-vector 96 22 22 "" "[mm]" "" "[mm]" "displacement" "[mm]"
-14.985	18.798	0	-0
-13.519	18.798	0	-0
-12.053	18.798	0	-0
-10.587	18.798	0	-0
-9.1202	18.798	0	-0
-7.6539	18.798	0	-0
-6.1876	18.798	0	-0
-4.7213	18.798	0	-0
-3.255	18.798	0	-0
-1.7887	18.798	-0.14093	0.22881
-0.32241	18.798	-1.0256	0.13028
1.1439	18.798	-0.7744	0.87259
2.6102	18.798	0	-0
4.0765	18.798	0	-0
5.5428	18.798	0	-0
7.0091	18.798	0	-0
8.4754	18.798	0	-0
9.9417	18.798	0	-0
11.408	18.798	0	-0
12.874	18.798	0	-0
14.341	18.798	0	-0
15.807	18.798	0	-0
-14.985	17.332	0	-0
-13.519	17.332	0	-0
-12.053	17.332	0	-0
-10.587	17.332	0	-0
-9.1202	17.332	0	-0
-7.6539	17.332	0	-0
-6.1876	17.332	0	-0
-4.7213	17.332	0	-0
-3.255	17.332	0	-0
-1.7887	17.332	-0.10674	0.3182
-0.32241	17.332	-0.76927	0.72836
1.1439	17.332	0.58479	0.23858
2.6102	17.332	-0.14547	0.49581
4.0765	17.332	-0.17026	0.54484
5.5428	17.332	-0.73584	0.2759
7.0091	17.332	-0.71807	-0.32612
8.4754	17.332	-0.0027269	-0.38215
9.9417	17.332	0	-0
11.408	17.332	0	-0
12.874	17.332	0	-0
14.341	17.332	0	-0
15.807	17.332	0	-0
-14.985	15.866	0	-0
-13.519	15.866	0	-0
-12.053	15.866	0	-0
-10.587	15.866	0	-0
-9.1202	15.866	0	-0
-7.6539	15.866	0	-0
-6.1876	15.866	0	-0
-4.7213	15.866	0	-0
-3.255	15.866	0	-0
-1.7887	15.866	-0.029773	0.28474
-0.32241	15.866	-0.057695	0.35607
1.1439	15.866	-0.077906	0.40445
2.6102	15.866	-0.098305	0.45747
4.0765	15.866	-0.13717	0.51095
5.5428	15.866	-0.18822	0.54586
7.0091	15.866	-0.23347	0.5411
8.4754	15.866	-0.2657	0.50178
9.9417	15.866	0	-0
11.408	15.866	0	-0
12.874	15.866	0	-0
14.341	15.866	0	-0
15.807	15.866	0	-0
-14.985	14.399	0	-0
-13.519	14.399	0	-0
-12.053	14.399	0	-0
-10.587	14.399	0	-0
-9.1202	14.399	0	-0
-7.6539	14.399	0	-0
-6.1876	14.399	0	-0
-4.7213	14.399	0	-0
-3.255	14.399	0	-0
-1.7887	14.399	0.032197	0.2494
-0.32241	14.399	0.013746	0.30934
1.1439	14.399	-0.014362	0.35174
2.6102	14.399	-0.049695	0.39184
4.0765	14.399	-0.10821	0.42064
5.5428	14.399	-0.16611	0.43219
7.0091	14.399	-0.24175	0.42332
8.4754	14.399	-0.27834	0.41765
9.9417	14.399	0	-0
11.408	14.399	0	-0
12.874	14.399	0	-0
14.341	14.399	0	-0
15.807	14.399	0	-0
-14.985	12.933	0	-0
-13.519	12.933	0	-0
-12.053	12.933	0	-0
-10.587	12.933	0	-0
-9.1202	12.933	0	-0
-7.6539	12.933	0	-0
-6.1876	12.933	0	-0
-4.7213	12.933	0	-0
-3.255	12.933	0	-0
-1.7887	12.933	0.073245	0.20829
-0.32241	12.933	0.061473	0.25076
1.1439	12.933	0.041113	0.28051
2.6102	12.933	-0.0096484	0.3104
4.0765	12.933	-0.082137	0.3264
5.5428	12.933	-0.15854	0.32138
7.0091	12.933	-0.20304	0.32706
8.4754	12.933	-0.23788	0.33321
9.9417	12.933	0	-0
11.408	12.933	0	-0
12.874	12.933	0	-0
14.341	12.933	0	-0
15.807	12.933	0	-0
-14.985	11.467	0	-0
-13.519	11.467	0	-0
-12.053	11.467	0	-0
-10.587	11.467	0	-0
-9.1202	11.467	0	-0
-7.6539	11.467	0	-0
-6.1876	11.467	0	-0
-4.7213	11.467	0	-0
-3.255	11.467	0	-0
-1.7887	11.467	0.094974	0.14871
-0.32241	11.467	0.071517	0.18319
1.1439	11.467	0.046883	0.2128
2.6102	11.467	-0.0033384	0.21976
4.0765	11.467	-0.06893	0.22581
5.5428	11.467	-0.12569	0.23176
7.0091	11.467	-0.16447	0.25305
8.4754	11.467	-0.1829	0.27531
9.9417	11.467	0	-0
11.408	11.467	0	-0
12.874	11.467	0	-0
14.341	11.467	0	-0
15.807	11.467	0	-0
-14.985	10	0	-0
-13.519	10	0	-0
-12.053	10	0	-0
-10.587	10	0	-0
-9.1202	10	0	-0
-7.6539	10	0	-0
-6.1876	10	0	-0
-4.7213	10	0	-0
-3.255	10	0	-0
-1.7887	10	0.084793	0.10942
-0.32241	10	0.089042	0.1294
1.1439	10	0.047982	0.15044
2.6102	10	0.0011942	0.14906
4.0765	10	-0.041387	0.14391
5.5428	10	-0.081657	0.15719
7.0091	10	-0.11376	0.19399
8.4754	10	-0.1295	0.22757
9.9417	10	0	-0
11.408	10	0	-0
12.874	10	0	-0
14.341	10	0	-0
15.807	10	0	-0
-14.985	8.534	0	-0
-13.519	8.534	0	-0
-12.053	8.534	0	-0
-10.587	8.534	0	-0
-9.1202	8.534	0	-0
-7.6539	8.534	0	-0
-6.1876	8.534	0	-0
-4.7213	8.534	0	-0
-3.255	8.534	0	-0
-1.7887	8.534	0.079862	0.087579
-0.32241	8.534	0.073371	0.087383
1.1439	8.534	0.03995	0.10033
2.6102	8.534	0.0026528	0.10566
4.0765	8.534	-0.023043	0.10752
5.5428	8.534	-0.038448	0.11627
7.0091	8.534	-0.060027	0.13921
8.4754	8.534	-0.071354	0.17223
9.9417	8.534	0	-0
11.408	8.534	0	-0
12.874	8.534	0	-0
14.341	8.534	0	-0
15.807	8.534	0	-0
-14.985	7.0677	0	-0
-13.519	7.0677	0	-0
-12.053	7.0677	0	-0
-10.587	7.0677	0	-0
-9.1202	7.0677	0	-0
-7.6539	7.0677	0	-0
-6.1876	7.0677	0	-0
-4.7213	7.0677	0	-0
-3.255	7.0677	0	-0
-1.7887	7.0677	0.056154	0.061355
-0.32241	7.0677	0.049207	0.060146
1.1439	7.0677	0.027073	0.065659
2.6102	7.0677	0.0035792	0.077697
4.0765	7.0677	-0.012455	0.08863
5.5428	7.0677	-0.022357	0.099249
7.0091	7.0677	-0.034527	0.10923
8.4754	7.0677	-0.036134	0.12582
9.9417	7.0677	0	-0
11.408	7.0677	0	-0
12.874	7.0677	0	-0
14.341	7.0677	0	-0
15.807	7.0677	0	-0
-14.985	5.6014	0	-0
-13.519	5.6014	0	-0
-12.053	5.6014	0	-0
-10.587	5.6014	0	-0
-9.1202	5.6014	0	-0
-7.6539	5.6014	0	-0
-6.1876	5.6014	0	-0
-4.7213	5.6014	0	-0
-3.255	5.6014	0	-0
-1.7887	5.6014	0.034692	0.043554
-0.32241	5.6014	0.035208	0.040803
1.1439	5.6014	0.020657	0.043623
2.6102	5.6014	0.008248	0.061055
4.0765	5.6014	-0.0045818	0.07461
5.5428	5.6014	-0.015967	0.08414
7.0091	5.6014	-0.033473	0.086164
8.4754	5.6014	-0.042929	0.090238
9.9417	5.6014	0	-0
11.408	5.6014	0	-0
12.874	5.6014	0	-0
14.341	5.6014	0	-0
15.807	5.6014	0	-0
-14.985	4.1351	0	-0
-13.519	4.1351	0	-0
-12.053	4.1351	0	-0
-10.587	4.1351	0	-0
-9.1202	4.1351	0	-0
-7.6539	4.1351	0	-0
-6.1876	4.1351	0	-0
-4.7213	4.1351	0	-0
-3.255	4.1351	0	-0
-1.7887	4.1351	0.037267	0.032207
-0.32241	4.1351	0.033632	0.032324
1.1439	4.1351	0.025951	0.034756
2.6102	4.1351	0.016038	0.046148
4.0765	4.1351	0.0015105	0.060252
5.5428	4.1351	-0.015637	0.062607
7.0091	4.1351	-0.030736	0.058952
8.4754	4.1351	-0.040527	0.060002
9.9417	4.1351	0	-0
11.408	4.1351	0	-0
12.874	4.1351	0	-0
14.341	4.1351	0	-0
15.807	4.1351	0	-0
-14.985	2.6688	0	-0
-13.519	2.6688	0	-0
-12.053	2.6688	0	-0
-10.587	2.6688	0	-0
-9.1202	2.6688	0	-0
-7.6539	2.6688	0	-0
-6.1876	2.6688	0	-0
-4.7213	2.6688	0	-0
-3.255	2.6688	0	-0
-1.7887	2.6688	0.04196	0.021029
-0.32241	2.6688	0.041971	0.022314
1.1439	2.6688	0.037953	0.025747
2.6102	2.6688	0.027831	0.032458
4.0765	2.6688	0.011037	0.03802
5.5428	2.6688	-0.011837	0.038939
7.0091	2.6688	-0.024472	0.034424
8.4754	2.6688	-0.031454	0.036625
9.9417	2.6688	0	-0
11.408	2.6688	0	-0
12.874	2.6688	0	-0
14.341	2.6688	0	-0
15.807	2.6688	0	-0
-14.985	1.2025	0	-0
-13.519	1.2025	0	-0
-12.053	1.2025	0	-0
-10.587	1.2025	0	-0
-9.1202	1.2025	0	-0
-7.6539	1.2025	0	-0
-6.1876	1.2025	0	-0
-4.7213	1.2025	0	-0
-3.255	1.2025	0	-0
-1.7887	1.2025	0.045308	0.010014
-0.32241	1.2025	0.046015	0.011344
1.1439	1.2025	0.042138	0.015045
2.6102	1.2025	0.031489	0.011194
4.0765	1.2025	0.017471	0.0087923
5.5428	1.2025	-0.0047702	0.010722
7.0091	1.2025	-0.017316	0.01305
8.4754	1.2025	-0.027868	0.015846
9.9417	1.2025	0	-0
11.408	1.2025	0	-0
12.874	1.2025	0	-0
14.341	1.2025	0	-0
15.807	1.2025	0	-0
-14.985	-0.2638	0	-0
-13.519	-0.2638	0	-0
-12.053	-0.2638	0	-0
-10.587	-0.2638	0	-0
-9.1202	-0.2638	0	-0
-7.6539	-0.2638	0	-0
-6.1876	-0.2638	0	-0
-4.7213	-0.2638	0	-0
-3.255	-0.2638	0	-0
-1.7887	-0.2638	0.045051	-0.0039282
-0.32241	-0.2638	0.043235	-0.0039153
1.1439	-0.2638	0.032494	-0.0050261
2.6102	-0.2638	0.022687	-0.015456
4.0765	-0.2638	0.012517	-0.020107
5.5428	-0.2638	-0.0023899	-0.018019
7.0091	-0.2638	-0.014497	-0.010438
8.4754	-0.2638	-0.021326	-0.0034134
9.9417	-0.2638	0	-0
11.408	-0.2638	0	-0
12.874	-0.2638	0	-0
14.341	-0.2638	0	-0
15.807	-0.2638	0	-0
-14.985	-1.7301	0	-0
-13.519	-1.7301	0	-0
-12.053	-1.7301	0	-0
-10.587	-1.7301	0	-0
-9.1202	-1.7301	0	-0
-7.6539	-1.7301	0	-0
-6.1876	-1.7301	0	-0
-4.7213	-1.7301	0	-0
-3.255	-1.7301	0	-0
-1.7887	-1.7301	0.047163	-0.048669
-0.32241	-1.7301	0.034008	-0.044611
1.1439	-1.7301	0.019505	-0.034476
2.6102	-1.7301	0.006912	-0.040787
4.0765	-1.7301	0.0031848	-0.043782
5.5428	-1.7301	-0.0022234	-0.040492
7.0091	-1.7301	-0.013773	-0.027016
8.4754	-1.7301	-0.017555	-0.017014
9.9417	-1.7301	0	-0
11.408	-1.7301	0	-0
12.874	-1.7301	0	-0
14.341	-1.7301	0	-0
15.807	-1.7301	0	-0
-14.985	-3.1964	0	-0
-13.519	-3.1964	0	-0
-12.053	-3.1964	0	-0
-10.587	-3.1964	0	-0
-9.1202	-3.1964	0	-0
-7.6539	-3.1964	0	-0
-6.1876	-3.1964	0	-0
-4.7213	-3.1964	0	-0
-3.255	-3.1964	0	-0
-1.7887	-3.1964	0.05137	-0.12821
-0.32241	-3.1964	0.035515	-0.10182
1.1439	-3.1964	0.01285	-0.08224
2.6102	-3.1964	0.0011094	-0.072263
4.0765	-3.1964	-0.00052488	-0.062831
5.5428	-3.1964	-0.003147	-0.053856
7.0091	-3.1964	-0.0079128	-0.039658
8.4754	-3.1964	-0.011777	-0.02469
9.9417	-3.1964	0	-0
11.408	-3.1964	0	-0
12.874	-3.1964	0	-0
14.341	-3.1964	0	-0
15.807	-3.1964	0	-0
-14.985	-4.6627	0	-0
-13.519	-4.6627	0	-0
-12.053	-4.6627	0	-0
-10.587	-4.6627	0	-0
-9.1202	-4.6627	0	-0
-7.6539	-4.6627	0	-0
-6.1876	-4.6627	0	-0
-4.7213	-4.6627	0	-0
-3.255	-4.6627	0	-0
-1.7887	-4.6627	0.058721	-0.2046
-0.32241	-4.6627	0.051857	-0.17103
1.1439	-4.6627	0.035063	-0.14056
2.6102	-4.6627	0.017813	-0.1087
4.0765	-4.6627	0.0094209	-0.087072
5.5428	-4.6627	0.0085753	-0.068031
7.0091	-4.6627	0.00466	-0.051734
8.4754	-4.6627	-0.0018632	-0.031878
9.9417	-4.6627	0	-0
11.408	-4.6627	0	-0
12.874	-4.6627	0	-0
14.341	-4.6627	0	-0
15.807	-4.6627	0	-0
-14.985	-6.129	0	-0
-13.519	-6.129	0	-0
-12.053	-6.129	0	-0
-10.587	-6.129	0	-0
-9.1202	-6.129	0	-0
-7.6539	-6.129	0	-0
-6.1876	-6.129	0	-0
-4.7213	-6.129	0	-0
-3.255	-6.129	0	-0
-1.7887	-6.129	0.079211	-0.25426
-0.32241	-6.129	0.0719	-0.21583
1.1439	-6.129	0.062364	-0.18809
2.6102	-6.129	0.047848	-0.15652
4.0765	-6.129	0.037973	-0.11984
5.5428	-6.129	0.029707	-0.089053
7.0091	-6.129	0.021141	-0.066479
8.4754	-6.129	0.011483	-0.045546
9.9417	-6.129	0	-0
11.408	-6.129	0	-0
12.874	-6.129	0	-0
14.341	-6.129	0	-0
15.807	-6.129	0	-0
-14.985	-7.5953	0	-0
-13.519	-7.5953	0	-0
-12.053	-7.5953	0	-0
-10.587	-7.5953	0	-0
-9.1202	-7.5953	0	-0
-7.6539	-7.5953	0	-0
-6.1876	-7.5953	0	-0
-4.7213	-7.5953	0	-0
-3.255	-7.5953	0	-0
-1.7887	-7.5953	0.095975	-0.30092
-0.32241	-7.5953	0.090613	-0.25494
1.1439	-7.5953	0.083033	-0.22004
2.6102	-7.5953	0.068752	-0.19186
4.0765	-7.5953	0.060764	-0.15698
5.5428	-7.5953	0.054208	-0.11753
7.0091	-7.5953	0.04352	-0.085808
8.4754	-7.5953	0.029214	-0.060899
9.9417	-7.5953	0	-0
11.408	-7.5953	0	-0
12.874	-7.5953	0	-0
14.341	-7.5953	0	-0
15.807	-7.5953	0	-0
-14.985	-9.0616	0	-0
-13.519	-9.0616	0	-0
-12.053	-9.0616	0	-0
-10.587	-9.0616	0	-0
-9.1202	-9.0616	0	-0
-7.6539	-9.0616	0	-0
-6.1876	-9.0616	0	-0
-4.7213	-9.0616	0	-0
-3.255	-9.0616	0	-0
-1.7887	-9.0616	0.11378	-0.36144
-0.32241	-9.0616	0.10997	-0.29926
1.1439	-9.0616	0.099304	-0.25263
2.6102	-9.0616	0.089902	-0.21855
4.0765	-9.0616	0.081698	-0.18706
5.5428	-9.0616	0.074162	-0.15252
7.0091	-9.0616	0.067575	-0.11716
8.4754	-9.0616	0.055809	-0.083866
9.9417	-9.0616	0	-0
11.408	-9.0616	0	-0
12.874	-9.0616	0	-0
14.341	-9.0616	0	-0
15.807	-9.0616	0	-0
-14.985	-10.528	0	-0
-13.519	-10.528	0	-0
-12.053	-10.528	0	-0
-10.587	-10.528	0	-0
-9.1202	-10.528	0	-0
-7.6539	-10.528	0	-0
-6.1876	-10.528	0	-0
-4.7213	-10.528	0	-0
-3.255	-10.528	0	-0
-1.7887	-10.528	0.1295	-0.42422
-0.32241	-10.528	0.12508	-0.36303
1.1439	-10.528	0.11775	-0.30473
2.6102	-10.528	0.10869	-0.25588
4.0765	-10.528	0.10274	-0.21999
5.5428	-10.528	0.097314	-0.18736
7.0091	-10.528	0.095699	-0.1581
8.4754	-10.528	0.085889	-0.12623
9.9417	-10.528	0	-0
11.408	-10.528	0	-0
12.874	-10.528	0	-0
14.341	-10.528	0	-0
15.807	-10.528	0	-0
-14.985	-11.994	0	-0
-13.519	-11.994	0	-0
-12.053	-11.994	0	-0
-10.587	-11.994	0	-0
-9.1202	-11.994	0	-0
-7.6539	-11.994	0	-0
-6.1876	-11.994	0	-0
-4.7213	-11.994	0	-0
-3.255	-11.994	0	-0
-1.7887	-11.994	0	-0
-0.32241	-11.994	0	-0
1.1439	-11.994	0	-0
2.6102	-11.994	0	-0
4.0765	-11.994	0	-0
5.5428	-11.994	0	-0
7.0091	-11.994	0	-0
8.4754	-11.994	0	-0
9.9417	-11.994	0	-0
11.408	-11.994	0	-0
12.874	-11.994	0	-0
14.341	-11.994	0	-0
15.807	-11.994	0	-0
