#DaVis 7.4.0 2D-vector 96 22 22 "" "[mm]" "" "[mm]" "displacement" "[mm]"
-14.985	18.798	0	-0
-13.519	18.798	0	-0
-12.053	18.798	0	-0
-10.587	18.798	0	-0
-9.1202	18.798	0	-0
-7.6539	18.798	0	-0
-6.1876	18.798	0	-0
-4.7213	18.798	0	-0
-3.255	18.798	0	-0
-1.7887	18.798	-0.089365	0.10705
-0.32241	18.798	-0.49158	0.038843
1.1439	18.798	-0.73129	0.75911
2.6102	18.798	-0.054412	0.81284
4.0765	18.798	0.69727	0.75259
5.5428	18.798	-0.70723	-0.53252
7.0091	18.798	-0.073692	0.85263
8.4754	18.798	-0.040662	-0.21302
9.9417	18.798	0	-0
11.408	18.798	0	-0
12.874	18.798	0	-0
14.341	18.798	0	-0
15.807	18.798	0	-0
-14.985	17.332	0	-0
-13.519	17.332	0	-0
-12.053	17.332	0	-0
-10.587	17.332	0	-0
-9.1202	17.332	0	-0
-7.6539	17.332	0	-0
-6.1876	17.332	0	-0
-4.7213	17.332	0	-0
-3.255	17.332	0	-0
-1.7887	17.332	-0.090554	0.18544
-0.32241	17.332	0.45515	0.75448
1.1439	17.332	-0.10737	0.28827
2.6102	17.332	-0.1162	0.32323
4.0765	17.332	-0.13644	0.37175
5.5428	17.332	-0.16278	0.40812
7.0091	17.332	-0.68644	-0.37052
8.4754	17.332	-0.0060058	-0.46437
9.9417	17.332	0	-0
11.408	17.332	0	-0
12.874	17.332	0	-0
14.341	17.332	0	-0
15.807	17.332	0	-0
-14.985	15.866	0	-0
-13.519	15.866	0	-0
-12.053	15.866	0	-0
-10.587	15.866	0	-0
-9.1202	15.866	0	-0
-7.6539	15.866	0	-0
-6.1876	15.866	0	-0
-4.7213	15.866	0	-0
-3.255	15.866	0	-0
-1.7887	15.866	-0.038102	0.15981
-0.32241	15.866	-0.05377	0.21336
1.1439	15.866	-0.066747	0.24767
2.6102	15.866	-0.080491	0.285
4.0765	15.866	-0.10566	0.32267
5.5428	15.866	-0.13831	0.34417
7.0091	15.866	-0.17227	0.35094
8.4754	15.866	-0.19207	0.32883
9.9417	15.866	0	-0
11.408	15.866	0	-0
12.874	15.866	0	-0
14.341	15.866	0	-0
15.807	15.866	0	-0
-14.985	14.399	0	-0
-13.519	14.399	0	-0
-12.053	14.399	0	-0
-10.587	14.399	0	-0
-9.1202	14.399	0	-0
-7.6539	14.399	0	-0
-6.1876	14.399	0	-0
-4.7213	14.399	0	-0
-3.255	14.399	0	-0
-1.7887	14.399	0.00071229	0.13352
-0.32241	14.399	-0.006976	0.18163
1.1439	14.399	-0.025128	0.21398
2.6102	14.399	-0.044118	0.24303
4.0765	14.399	-0.083984	0.26032
5.5428	14.399	-0.12307	0.27103
7.0091	14.399	-0.17547	0.27123
8.4754	14.399	-0.1924	0.27098
9.9417	14.399	0	-0
11.408	14.399	0	-0
12.874	14.399	0	-0
14.341	14.399	0	-0
15.807	14.399	0	-0
-14.985	12.933	0	-0
-13.519	12.933	0	-0
-12.053	12.933	0	-0
-10.587	12.933	0	-0
-9.1202	12.933	0	-0
-7.6539	12.933	0	-0
-6.1876	12.933	0	-0
-4.7213	12.933	0	-0
-3.255	12.933	0	-0
-1.7887	12.933	0.021403	0.10931
-0.32241	12.933	0.022713	0.14296
1.1439	12.933	0.010287	0.16512
2.6102	12.933	-0.019543	0.18658
4.0765	12.933	-0.064861	0.19876
5.5428	12.933	-0.1161	0.19841
7.0091	12.933	-0.14358	0.20815
8.4754	12.933	-0.15646	0.21854
9.9417	12.933	0	-0
11.408	12.933	0	-0
12.874	12.933	0	-0
14.341	12.933	0	-0
15.807	12.933	0	-0
-14.985	11.467	0	-0
-13.519	11.467	0	-0
-12.053	11.467	0	-0
-10.587	11.467	0	-0
-9.1202	11.467	0	-0
-7.6539	11.467	0	-0
-6.1876	11.467	0	-0
-4.7213	11.467	0	-0
-3.255	11.467	0	-0
-1.7887	11.467	0.034973	0.077023
-0.32241	11.467	0.031641	0.10172
1.1439	11.467	0.019577	0.12055
2.6102	11.467	-0.011937	0.12348
4.0765	11.467	-0.053622	0.13115
5.5428	11.467	-0.089437	0.1408
7.0091	11.467	-0.11314	0.15961
8.4754	11.467	-0.11854	0.18031
9.9417	11.467	0	-0
11.408	11.467	0	-0
12.874	11.467	0	-0
14.341	11.467	0	-0
15.807	11.467	0	-0
-14.985	10	0	-0
-13.519	10	0	-0
-12.053	10	0	-0
-10.587	10	0	-0
-9.1202	10	0	-0
-7.6539	10	0	-0
-6.1876	10	0	-0
-4.7213	10	0	-0
-3.255	10	0	-0
-1.7887	10	0.028174	0.058509
-0.32241	10	0.041689	0.069672
1.1439	10	0.020975	0.081439
2.6102	10	-0.0071103	0.08046
4.0765	10	-0.032199	0.081079
5.5428	10	-0.058208	0.094826
7.0091	10	-0.079444	0.12205
8.4754	10	-0.083319	0.14912
9.9417	10	0	-0
11.408	10	0	-0
12.874	10	0	-0
14.341	10	0	-0
15.807	10	0	-0
-14.985	8.534	0	-0
-13.519	8.534	0	-0
-12.053	8.534	0	-0
-10.587	8.534	0	-0
-9.1202	8.534	0	-0
-7.6539	8.534	0	-0
-6.1876	8.534	0	-0
-4.7213	8.534	0	-0
-3.255	8.534	0	-0
-1.7887	8.534	0.033397	0.048223
-0.32241	8.534	0.033334	0.046725
1.1439	8.534	0.014416	0.053319
2.6102	8.534	-0.0055175	0.057105
4.0765	8.534	-0.01921	0.061157
5.5428	8.534	-0.028373	0.069622
7.0091	8.534	-0.043747	0.085582
8.4754	8.534	-0.045932	0.11094
9.9417	8.534	0	-0
11.408	8.534	0	-0
12.874	8.534	0	-0
14.341	8.534	0	-0
15.807	8.534	0	-0
-14.985	7.0677	0	-0
-13.519	7.0677	0	-0
-12.053	7.0677	0	-0
-10.587	7.0677	0	-0
-9.1202	7.0677	0	-0
-7.6539	7.0677	0	-0
-6.1876	7.0677	0	-0
-4.7213	7.0677	0	-0
-3.255	7.0677	0	-0
-1.7887	7.0677	0.019291	0.031887
-0.32241	7.0677	0.019489	0.03109
1.1439	7.0677	0.0083613	0.03548
2.6102	7.0677	-0.002964	0.04339
4.0765	7.0677	-0.01095	0.049239
5.5428	7.0677	-0.016594	0.057645
7.0091	7.0677	-0.025261	0.065954
8.4754	7.0677	-0.022767	0.077509
9.9417	7.0677	0	-0
11.408	7.0677	0	-0
12.874	7.0677	0	-0
14.341	7.0677	0	-0
15.807	7.0677	0	-0
-14.985	5.6014	0	-0
-13.519	5.6014	0	-0
-12.053	5.6014	0	-0
-10.587	5.6014	0	-0
-9.1202	5.6014	0	-0
-7.6539	5.6014	0	-0
-6.1876	5.6014	0	-0
-4.7213	5.6014	0	-0
-3.255	5.6014	0	-0
-1.7887	5.6014	0.010814	0.019423
-0.32241	5.6014	0.014776	0.020356
1.1439	5.6014	0.0077162	0.023008
2.6102	5.6014	0.0015829	0.033051
4.0765	5.6014	-0.0048664	0.041539
5.5428	5.6014	-0.011312	0.047586
7.0091	5.6014	-0.021074	0.049846
8.4754	5.6014	-0.024703	0.051819
9.9417	5.6014	0	-0
11.408	5.6014	0	-0
12.874	5.6014	0	-0
14.341	5.6014	0	-0
15.807	5.6014	0	-0
-14.985	4.1351	0	-0
-13.519	4.1351	0	-0
-12.053	4.1351	0	-0
-10.587	4.1351	0	-0
-9.1202	4.1351	0	-0
-7.6539	4.1351	0	-0
-6.1876	4.1351	0	-0
-4.7213	4.1351	0	-0
-3.255	4.1351	0	-0
-1.7887	4.1351	0.016866	0.012915
-0.32241	4.1351	0.016267	0.015161
1.1439	4.1351	0.011769	0.017537
2.6102	4.1351	0.006861	0.024513
4.0765	4.1351	-0.00013138	0.031089
5.5428	4.1351	-0.0096576	0.033322
7.0091	4.1351	-0.018584	0.03164
8.4754	4.1351	-0.022985	0.031727
9.9417	4.1351	0	-0
11.408	4.1351	0	-0
12.874	4.1351	0	-0
14.341	4.1351	0	-0
15.807	4.1351	0	-0
-14.985	2.6688	0	-0
-13.519	2.6688	0	-0
-12.053	2.6688	0	-0
-10.587	2.6688	0	-0
-9.1202	2.6688	0	-0
-7.6539	2.6688	0	-0
-6.1876	2.6688	0	-0
-4.7213	2.6688	0	-0
-3.255	2.6688	0	-0
-1.7887	2.6688	0.020869	0.005475
-0.32241	2.6688	0.022302	0.0080003
1.1439	2.6688	0.019855	0.011386
2.6102	2.6688	0.013362	0.015434
4.0765	2.6688	0.004074	0.018462
5.5428	2.6688	-0.0079033	0.018098
7.0091	2.6688	-0.015339	0.014577
8.4754	2.6688	-0.018891	0.013822
9.9417	2.6688	0	-0
11.408	2.6688	0	-0
12.874	2.6688	0	-0
14.341	2.6688	0	-0
15.807	2.6688	0	-0
-14.985	1.2025	0	-0
-13.519	1.2025	0	-0
-12.053	1.2025	0	-0
-10.587	1.2025	0	-0
-9.1202	1.2025	0	-0
-7.6539	1.2025	0	-0
-6.1876	1.2025	0	-0
-4.7213	1.2025	0	-0
-3.255	1.2025	0	-0
-1.7887	1.2025	0.023945	-0.0039202
-0.32241	1.2025	0.025797	-0.00028487
1.1439	1.2025	0.022567	0.003217
2.6102	1.2025	0.014854	0.0012296
4.0765	1.2025	0.007184	-0.00012834
5.5428	1.2025	-0.0051635	-0.00012951
7.0091	1.2025	-0.012336	-0.00066988
8.4754	1.2025	-0.018884	-0.0010539
9.9417	1.2025	0	-0
11.408	1.2025	0	-0
12.874	1.2025	0	-0
14.341	1.2025	0	-0
15.807	1.2025	0	-0
-14.985	-0.2638	0	-0
-13.519	-0.2638	0	-0
-12.053	-0.2638	0	-0
-10.587	-0.2638	0	-0
-9.1202	-0.2638	0	-0
-7.6539	-0.2638	0	-0
-6.1876	-0.2638	0	-0
-4.7213	-0.2638	0	-0
-3.255	-0.2638	0	-0
-1.7887	-0.2638	0.024751	-0.01564
-0.32241	-0.2638	0.025403	-0.013285
1.1439	-0.2638	0.017392	-0.012209
2.6102	-0.2638	0.010514	-0.017081
4.0765	-0.2638	0.0039574	-0.01941
5.5428	-0.2638	-0.0049644	-0.019227
7.0091	-0.2638	-0.012489	-0.016782
8.4754	-0.2638	-0.016446	-0.014811
9.9417	-0.2638	0	-0
11.408	-0.2638	0	-0
12.874	-0.2638	0	-0
14.341	-0.2638	0	-0
15.807	-0.2638	0	-0
-14.985	-1.7301	0	-0
-13.519	-1.7301	0	-0
-12.053	-1.7301	0	-0
-10.587	-1.7301	0	-0
-9.1202	-1.7301	0	-0
-7.6539	-1.7301	0	-0
-6.1876	-1.7301	0	-0
-4.7213	-1.7301	0	-0
-3.255	-1.7301	0	-0
-1.7887	-1.7301	0.027751	-0.043671
-0.32241	-1.7301	0.018196	-0.041179
1.1439	-1.7301	0.009336	-0.033454
2.6102	-1.7301	0.0015105	-0.036133
4.0765	-1.7301	-0.0018288	-0.037081
5.5428	-1.7301	-0.0060175	-0.035601
7.0091	-1.7301	-0.013185	-0.029568
8.4754	-1.7301	-0.014569	-0.025104
9.9417	-1.7301	0	-0
11.408	-1.7301	0	-0
12.874	-1.7301	0	-0
14.341	-1.7301	0	-0
15.807	-1.7301	0	-0
-14.985	-3.1964	0	-0
-13.519	-3.1964	0	-0
-12.053	-3.1964	0	-0
-10.587	-3.1964	0	-0
-9.1202	-3.1964	0	-0
-7.6539	-3.1964	0	-0
-6.1876	-3.1964	0	-0
-4.7213	-3.1964	0	-0
-3.255	-3.1964	0	-0
-1.7887	-3.1964	0.028961	-0.095551
-0.32241	-3.1964	0.019516	-0.078265
1.1439	-3.1964	0.0049832	-0.0645
2.6102	-3.1964	-0.0030714	-0.05744
4.0765	-3.1964	-0.0050893	-0.052567
5.5428	-3.1964	-0.007217	-0.047009
7.0091	-3.1964	-0.010239	-0.039173
8.4754	-3.1964	-0.012634	-0.031954
9.9417	-3.1964	0	-0
11.408	-3.1964	0	-0
12.874	-3.1964	0	-0
14.341	-3.1964	0	-0
15.807	-3.1964	0	-0
-14.985	-4.6627	0	-0
-13.519	-4.6627	0	-0
-12.053	-4.6627	0	-0
-10.587	-4.6627	0	-0
-9.1202	-4.6627	0	-0
-7.6539	-4.6627	0	-0
-6.1876	-4.6627	0	-0
-4.7213	-4.6627	0	-0
-3.255	-4.6627	0	-0
-1.7887	-4.6627	0.030984	-0.14318
-0.32241	-4.6627	0.02849	-0.12291
1.1439	-4.6627	0.01779	-0.10409
2.6102	-4.6627	0.0059119	-0.084069
4.0765	-4.6627	0.00017022	-0.069639
5.5428	-4.6627	-0.0010829	-0.059098
7.0091	-4.6627	-0.0038678	-0.049237
8.4754	-4.6627	-0.0079579	-0.038628
9.9417	-4.6627	0	-0
11.408	-4.6627	0	-0
12.874	-4.6627	0	-0
14.341	-4.6627	0	-0
15.807	-4.6627	0	-0
-14.985	-6.129	0	-0
-13.519	-6.129	0	-0
-12.053	-6.129	0	-0
-10.587	-6.129	0	-0
-9.1202	-6.129	0	-0
-7.6539	-6.129	0	-0
-6.1876	-6.129	0	-0
-4.7213	-6.129	0	-0
-3.255	-6.129	0	-0
-1.7887	-6.129	0.041935	-0.17665
-0.32241	-6.129	0.039101	-0.15311
1.1439	-6.129	0.032742	-0.13553
2.6102	-6.129	0.023648	-0.11568
4.0765	-6.129	0.016479	-0.092114
5.5428	-6.129	0.010556	-0.072743
7.0091	-6.129	0.0049846	-0.059919
8.4754	-6.129	-0.0011914	-0.049144
9.9417	-6.129	0	-0
11.408	-6.129	0	-0
12.874	-6.129	0	-0
14.341	-6.129	0	-0
15.807	-6.129	0	-0
-14.985	-7.5953	0	-0
-13.519	-7.5953	0	-0
-12.053	-7.5953	0	-0
-10.587	-7.5953	0	-0
-9.1202	-7.5953	0	-0
-7.6539	-7.5953	0	-0
-6.1876	-7.5953	0	-0
-4.7213	-7.5953	0	-0
-3.255	-7.5953	0	-0
-1.7887	-7.5953	0.050534	-0.21009
-0.32241	-7.5953	0.047143	-0.18048
1.1439	-7.5953	0.042524	-0.15847
2.6102	-7.5953	0.034158	-0.14035
4.0765	-7.5953	0.027848	-0.11806
5.5428	-7.5953	0.023298	-0.093083
7.0091	-7.5953	0.016062	-0.074447
8.4754	-7.5953	0.0069391	-0.060596
9.9417	-7.5953	0	-0
11.408	-7.5953	0	-0
12.874	-7.5953	0	-0
14.341	-7.5953	0	-0
15.807	-7.5953	0	-0
-14.985	-9.0616	0	-0
-13.519	-9.0616	0	-0
-12.053	-9.0616	0	-0
-10.587	-9.0616	0	-0
-9.1202	-9.0616	0	-0
-7.6539	-9.0616	0	-0
-6.1876	-9.0616	0	-0
-4.7213	-9.0616	0	-0
-3.255	-9.0616	0	-0
-1.7887	-9.0616	0.059692	-0.2547
-0.32241	-9.0616	0.057724	-0.21234
1.1439	-9.0616	0.050523	-0.18175
2.6102	-9.0616	0.044627	-0.16006
4.0765	-9.0616	0.039388	-0.13988
5.5428	-9.0616	0.034814	-0.11786
7.0091	-9.0616	0.030586	-0.095833
8.4754	-9.0616	0.023111	-0.076596
9.9417	-9.0616	0	-0
11.408	-9.0616	0	-0
12.874	-9.0616	0	-0
14.341	-9.0616	0	-0
15.807	-9.0616	0	-0
-14.985	-10.528	0	-0
-13.519	-10.528	0	-0
-12.053	-10.528	0	-0
-10.587	-10.528	0	-0
-9.1202	-10.528	0	-0
-7.6539	-10.528	0	-0
-6.1876	-10.528	0	-0
-4.7213	-10.528	0	-0
-3.255	-10.528	0	-0
-1.7887	-10.528	0.068617	-0.30037
-0.32241	-10.528	0.066748	-0.25917
1.1439	-10.528	0.061039	-0.21919
2.6102	-10.528	0.055383	-0.18634
4.0765	-10.528	0.051656	-0.16237
5.5428	-10.528	0.048459	-0.14286
7.0091	-10.528	0.047452	-0.12376
8.4754	-10.528	0.042187	-0.10484
9.9417	-10.528	0	-0
11.408	-10.528	0	-0
12.874	-10.528	0	-0
14.341	-10.528	0	-0
15.807	-10.528	0	-0
-14.985	-11.994	0	-0
-13.519	-11.994	0	-0
-12.053	-11.994	0	-0
-10.587	-11.994	0	-0
-9.1202	-11.994	0	-0
-7.6539	-11.994	0	-0
-6.1876	-11.994	0	-0
-4.7213	-11.994	0	-0
-3.255	-11.994	0	-0
-1.7887	-11.994	0	-0
-0.32241	-11.994	0	-0
1.1439	-11.994	0	-0
2.6102	-11.994	0	-0
4.0765	-11.994	0	-0
5.5428	-11.994	0	-0
7.0091	-11.994	0	-0
8.4754	-11.994	0	-0
9.9417	-11.994	0	-0
11.408	-11.994	0	-0
12.874	-11.994	0	-0
14.341	-11.994	0	-0
15.807	-11.994	0	-0
