#DaVis 7.4.0 2D-vector 96 22 22 "" "[mm]" "" "[mm]" "displacement" "[mm]"
-14.985	18.798	0	-0
-13.519	18.798	0	-0
-12.053	18.798	0	-0
-10.587	18.798	0	-0
-9.1202	18.798	0	-0
-7.6539	18.798	0	-0
-6.1876	18.798	0	-0
-4.7213	18.798	0	-0
-3.255	18.798	0	-0
-1.7887	18.798	-0.15511	0.28237
-0.32241	18.798	-1.1026	0.23273
1.1439	18.798	0	-0
2.6102	18.798	0	-0
4.0765	18.798	0	-0
5.5428	18.798	0	-0
7.0091	18.798	0	-0
8.4754	18.798	0	-0
9.9417	18.798	0	-0
11.408	18.798	0	-0
12.874	18.798	0	-0
14.341	18.798	0	-0
15.807	18.798	0	-0
-14.985	17.332	0	-0
-13.519	17.332	0	-0
-12.053	17.332	0	-0
-10.587	17.332	0	-0
-9.1202	17.332	0	-0
-7.6539	17.332	0	-0
-6.1876	17.332	0	-0
-4.7213	17.332	0	-0
-3.255	17.332	0	-0
-1.7887	17.332	-0.12111	0.32803
-0.32241	17.332	-0.13095	0.43157
1.1439	17.332	-0.14528	0.47629
2.6102	17.332	-0.15965	0.54177
4.0765	17.332	-0.18011	0.55689
5.5428	17.332	-0.73096	0.26705
7.0091	17.332	-0.71722	-0.33269
8.4754	17.332	0.0048159	-0.39432
9.9417	17.332	0	-0
11.408	17.332	0	-0
12.874	17.332	0	-0
14.341	17.332	0	-0
15.807	17.332	0	-0
-14.985	15.866	0	-0
-13.519	15.866	0	-0
-12.053	15.866	0	-0
-10.587	15.866	0	-0
-9.1202	15.866	0	-0
-7.6539	15.866	0	-0
-6.1876	15.866	0	-0
-4.7213	15.866	0	-0
-3.255	15.866	0	-0
-1.7887	15.866	-0.030109	0.29636
-0.32241	15.866	-0.059031	0.38106
1.1439	15.866	-0.079119	0.4331
2.6102	15.866	-0.10087	0.48816
4.0765	15.866	-0.14569	0.54081
5.5428	15.866	-0.19656	0.57593
7.0091	15.866	-0.24469	0.5709
8.4754	15.866	-0.28265	0.53224
9.9417	15.866	0	-0
11.408	15.866	0	-0
12.874	15.866	0	-0
14.341	15.866	0	-0
15.807	15.866	0	-0
-14.985	14.399	0	-0
-13.519	14.399	0	-0
-12.053	14.399	0	-0
-10.587	14.399	0	-0
-9.1202	14.399	0	-0
-7.6539	14.399	0	-0
-6.1876	14.399	0	-0
-4.7213	14.399	0	-0
-3.255	14.399	0	-0
-1.7887	14.399	0.03795	0.25816
-0.32241	14.399	0.015466	0.3322
1.1439	14.399	-0.016631	0.37212
2.6102	14.399	-0.052578	0.41646
4.0765	14.399	-0.1132	0.44777
5.5428	14.399	-0.1731	0.45966
7.0091	14.399	-0.25507	0.4459
8.4754	14.399	-0.29618	0.43606
9.9417	14.399	0	-0
11.408	14.399	0	-0
12.874	14.399	0	-0
14.341	14.399	0	-0
15.807	14.399	0	-0
-14.985	12.933	0	-0
-13.519	12.933	0	-0
-12.053	12.933	0	-0
-10.587	12.933	0	-0
-9.1202	12.933	0	-0
-7.6539	12.933	0	-0
-6.1876	12.933	0	-0
-4.7213	12.933	0	-0
-3.255	12.933	0	-0
-1.7887	12.933	0.081241	0.21342
-0.32241	12.933	0.06461	0.26683
1.1439	12.933	0.041094	0.29543
2.6102	12.933	-0.012563	0.32983
4.0765	12.933	-0.087392	0.34587
5.5428	12.933	-0.16739	0.3403
7.0091	12.933	-0.21338	0.34154
8.4754	12.933	-0.25095	0.35266
9.9417	12.933	0	-0
11.408	12.933	0	-0
12.874	12.933	0	-0
14.341	12.933	0	-0
15.807	12.933	0	-0
-14.985	11.467	0	-0
-13.519	11.467	0	-0
-12.053	11.467	0	-0
-10.587	11.467	0	-0
-9.1202	11.467	0	-0
-7.6539	11.467	0	-0
-6.1876	11.467	0	-0
-4.7213	11.467	0	-0
-3.255	11.467	0	-0
-1.7887	11.467	0.10108	0.15252
-0.32241	11.467	0.074394	0.1964
1.1439	11.467	0.049162	0.22698
2.6102	11.467	-0.0050344	0.22746
4.0765	11.467	-0.072768	0.23573
5.5428	11.467	-0.13416	0.24555
7.0091	11.467	-0.17439	0.26725
8.4754	11.467	-0.19175	0.29405
9.9417	11.467	0	-0
11.408	11.467	0	-0
12.874	11.467	0	-0
14.341	11.467	0	-0
15.807	11.467	0	-0
-14.985	10	0	-0
-13.519	10	0	-0
-12.053	10	0	-0
-10.587	10	0	-0
-9.1202	10	0	-0
-7.6539	10	0	-0
-6.1876	10	0	-0
-4.7213	10	0	-0
-3.255	10	0	-0
-1.7887	10	0.090818	0.11353
-0.32241	10	0.094663	0.13597
1.1439	10	0.051639	0.15876
2.6102	10	0.0021843	0.15932
4.0765	10	-0.041728	0.15393
5.5428	10	-0.083813	0.16989
7.0091	10	-0.1212	0.20867
8.4754	10	-0.13399	0.24398
9.9417	10	0	-0
11.408	10	0	-0
12.874	10	0	-0
14.341	10	0	-0
15.807	10	0	-0
-14.985	8.534	0	-0
-13.519	8.534	0	-0
-12.053	8.534	0	-0
-10.587	8.534	0	-0
-9.1202	8.534	0	-0
-7.6539	8.534	0	-0
-6.1876	8.534	0	-0
-4.7213	8.534	0	-0
-3.255	8.534	0	-0
-1.7887	8.534	0.085156	0.094591
-0.32241	8.534	0.078112	0.094425
1.1439	8.534	0.043414	0.10989
2.6102	8.534	0.0037979	0.11417
4.0765	8.534	-0.024008	0.11682
5.5428	8.534	-0.039181	0.12661
7.0091	8.534	-0.062763	0.14919
8.4754	8.534	-0.073405	0.18643
9.9417	8.534	0	-0
11.408	8.534	0	-0
12.874	8.534	0	-0
14.341	8.534	0	-0
15.807	8.534	0	-0
-14.985	7.0677	0	-0
-13.519	7.0677	0	-0
-12.053	7.0677	0	-0
-10.587	7.0677	0	-0
-9.1202	7.0677	0	-0
-7.6539	7.0677	0	-0
-6.1876	7.0677	0	-0
-4.7213	7.0677	0	-0
-3.255	7.0677	0	-0
-1.7887	7.0677	0.060673	0.06687
-0.32241	7.0677	0.053261	0.066357
1.1439	7.0677	0.028734	0.073251
2.6102	7.0677	0.0044201	0.085805
4.0765	7.0677	-0.012032	0.094535
5.5428	7.0677	-0.023245	0.10855
7.0091	7.0677	-0.03667	0.12014
8.4754	7.0677	-0.038086	0.13459
9.9417	7.0677	0	-0
11.408	7.0677	0	-0
12.874	7.0677	0	-0
14.341	7.0677	0	-0
15.807	7.0677	0	-0
-14.985	5.6014	0	-0
-13.519	5.6014	0	-0
-12.053	5.6014	0	-0
-10.587	5.6014	0	-0
-9.1202	5.6014	0	-0
-7.6539	5.6014	0	-0
-6.1876	5.6014	0	-0
-4.7213	5.6014	0	-0
-3.255	5.6014	0	-0
-1.7887	5.6014	0.039902	0.047359
-0.32241	5.6014	0.03812	0.046351
1.1439	5.6014	0.024121	0.049167
2.6102	5.6014	0.0091172	0.067289
4.0765	5.6014	-0.0051217	0.081384
5.5428	5.6014	-0.015659	0.093177
7.0091	5.6014	-0.033683	0.095407
8.4754	5.6014	-0.044844	0.098925
9.9417	5.6014	0	-0
11.408	5.6014	0	-0
12.874	5.6014	0	-0
14.341	5.6014	0	-0
15.807	5.6014	0	-0
-14.985	4.1351	0	-0
-13.519	4.1351	0	-0
-12.053	4.1351	0	-0
-10.587	4.1351	0	-0
-9.1202	4.1351	0	-0
-7.6539	4.1351	0	-0
-6.1876	4.1351	0	-0
-4.7213	4.1351	0	-0
-3.255	4.1351	0	-0
-1.7887	4.1351	0.041184	0.035994
-0.32241	4.1351	0.037013	0.036725
1.1439	4.1351	0.028951	0.040276
2.6102	4.1351	0.017693	0.05189
4.0765	4.1351	0.002898	0.066559
5.5428	4.1351	-0.015836	0.070625
7.0091	4.1351	-0.031418	0.065838
8.4754	4.1351	-0.042114	0.066713
9.9417	4.1351	0	-0
11.408	4.1351	0	-0
12.874	4.1351	0	-0
14.341	4.1351	0	-0
15.807	4.1351	0	-0
-14.985	2.6688	0	-0
-13.519	2.6688	0	-0
-12.053	2.6688	0	-0
-10.587	2.6688	0	-0
-9.1202	2.6688	0	-0
-7.6539	2.6688	0	-0
-6.1876	2.6688	0	-0
-4.7213	2.6688	0	-0
-3.255	2.6688	0	-0
-1.7887	2.6688	0.045927	0.024924
-0.32241	2.6688	0.045739	0.026536
1.1439	2.6688	0.04101	0.030713
2.6102	2.6688	0.030598	0.037561
4.0765	2.6688	0.012527	0.043628
5.5428	2.6688	-0.010832	0.044205
7.0091	2.6688	-0.024411	0.042341
8.4754	2.6688	-0.031494	0.042032
9.9417	2.6688	0	-0
11.408	2.6688	0	-0
12.874	2.6688	0	-0
14.341	2.6688	0	-0
15.807	2.6688	0	-0
-14.985	1.2025	0	-0
-13.519	1.2025	0	-0
-12.053	1.2025	0	-0
-10.587	1.2025	0	-0
-9.1202	1.2025	0	-0
-7.6539	1.2025	0	-0
-6.1876	1.2025	0	-0
-4.7213	1.2025	0	-0
-3.255	1.2025	0	-0
-1.7887	1.2025	0.049046	0.013926
-0.32241	1.2025	0.049069	0.015391
1.1439	1.2025	0.045409	0.019461
2.6102	1.2025	0.033038	0.015578
4.0765	1.2025	0.01948	0.013324
5.5428	1.2025	-0.0031449	0.015421
7.0091	1.2025	-0.016629	0.01834
8.4754	1.2025	-0.027661	0.020255
9.9417	1.2025	0	-0
11.408	1.2025	0	-0
12.874	1.2025	0	-0
14.341	1.2025	0	-0
15.807	1.2025	0	-0
-14.985	-0.2638	0	-0
-13.519	-0.2638	0	-0
-12.053	-0.2638	0	-0
-10.587	-0.2638	0	-0
-9.1202	-0.2638	0	-0
-7.6539	-0.2638	0	-0
-6.1876	-0.2638	0	-0
-4.7213	-0.2638	0	-0
-3.255	-0.2638	0	-0
-1.7887	-0.2638	0.047777	-0.0021117
-0.32241	-0.2638	0.047584	-0.00036711
1.1439	-0.2638	0.035724	-0.00058934
2.6102	-0.2638	0.024128	-0.010576
4.0765	-0.2638	0.014112	-0.016206
5.5428	-0.2638	-0.00098182	-0.014419
7.0091	-0.2638	-0.013034	-0.0059016
8.4754	-0.2638	-0.020068	0.0013925
9.9417	-0.2638	0	-0
11.408	-0.2638	0	-0
12.874	-0.2638	0	-0
14.341	-0.2638	0	-0
15.807	-0.2638	0	-0
-14.985	-1.7301	0	-0
-13.519	-1.7301	0	-0
-12.053	-1.7301	0	-0
-10.587	-1.7301	0	-0
-9.1202	-1.7301	0	-0
-7.6539	-1.7301	0	-0
-6.1876	-1.7301	0	-0
-4.7213	-1.7301	0	-0
-3.255	-1.7301	0	-0
-1.7887	-1.7301	0.051768	-0.048867
-0.32241	-1.7301	0.038309	-0.043154
1.1439	-1.7301	0.021198	-0.033268
2.6102	-1.7301	0.0099444	-0.037369
4.0765	-1.7301	0.0052315	-0.039737
5.5428	-1.7301	-0.00048656	-0.036512
7.0091	-1.7301	-0.011971	-0.022963
8.4754	-1.7301	-0.015654	-0.012437
9.9417	-1.7301	0	-0
11.408	-1.7301	0	-0
12.874	-1.7301	0	-0
14.341	-1.7301	0	-0
15.807	-1.7301	0	-0
-14.985	-3.1964	0	-0
-13.519	-3.1964	0	-0
-12.053	-3.1964	0	-0
-10.587	-3.1964	0	-0
-9.1202	-3.1964	0	-0
-7.6539	-3.1964	0	-0
-6.1876	-3.1964	0	-0
-4.7213	-3.1964	0	-0
-3.255	-3.1964	0	-0
-1.7887	-3.1964	0.056964	-0.13246
-0.32241	-3.1964	0.040476	-0.10407
1.1439	-3.1964	0.01723	-0.083327
2.6102	-3.1964	0.0048456	-0.070623
4.0765	-3.1964	0.002339	-0.060379
5.5428	-3.1964	-0.00043776	-0.050795
7.0091	-3.1964	-0.0047956	-0.035742
8.4754	-3.1964	-0.0088354	-0.019696
9.9417	-3.1964	0	-0
11.408	-3.1964	0	-0
12.874	-3.1964	0	-0
14.341	-3.1964	0	-0
15.807	-3.1964	0	-0
-14.985	-4.6627	0	-0
-13.519	-4.6627	0	-0
-12.053	-4.6627	0	-0
-10.587	-4.6627	0	-0
-9.1202	-4.6627	0	-0
-7.6539	-4.6627	0	-0
-6.1876	-4.6627	0	-0
-4.7213	-4.6627	0	-0
-3.255	-4.6627	0	-0
-1.7887	-4.6627	0.065867	-0.2116
-0.32241	-4.6627	0.058713	-0.17673
1.1439	-4.6627	0.041236	-0.14426
2.6102	-4.6627	0.022174	-0.11016
4.0765	-4.6627	0.014045	-0.084454
5.5428	-4.6627	0.012166	-0.065388
7.0091	-4.6627	0.0087004	-0.048157
8.4754	-4.6627	0.0026033	-0.027103
9.9417	-4.6627	0	-0
11.408	-4.6627	0	-0
12.874	-4.6627	0	-0
14.341	-4.6627	0	-0
15.807	-4.6627	0	-0
-14.985	-6.129	0	-0
-13.519	-6.129	0	-0
-12.053	-6.129	0	-0
-10.587	-6.129	0	-0
-9.1202	-6.129	0	-0
-7.6539	-6.129	0	-0
-6.1876	-6.129	0	-0
-4.7213	-6.129	0	-0
-3.255	-6.129	0	-0
-1.7887	-6.129	0.088514	-0.2638
-0.32241	-6.129	0.080733	-0.22394
1.1439	-6.129	0.070487	-0.19403
2.6102	-6.129	0.055223	-0.15982
4.0765	-6.129	0.044593	-0.12041
5.5428	-6.129	0.035799	-0.086874
7.0091	-6.129	0.026875	-0.063624
8.4754	-6.129	0.016857	-0.041727
9.9417	-6.129	0	-0
11.408	-6.129	0	-0
12.874	-6.129	0	-0
14.341	-6.129	0	-0
15.807	-6.129	0	-0
-14.985	-7.5953	0	-0
-13.519	-7.5953	0	-0
-12.053	-7.5953	0	-0
-10.587	-7.5953	0	-0
-9.1202	-7.5953	0	-0
-7.6539	-7.5953	0	-0
-6.1876	-7.5953	0	-0
-4.7213	-7.5953	0	-0
-3.255	-7.5953	0	-0
-1.7887	-7.5953	0.10714	-0.31133
-0.32241	-7.5953	0.10125	-0.26345
1.1439	-7.5953	0.093234	-0.22741
2.6102	-7.5953	0.078829	-0.19702
4.0765	-7.5953	0.069805	-0.16003
5.5428	-7.5953	0.062604	-0.11762
7.0091	-7.5953	0.051059	-0.08417
8.4754	-7.5953	0.037385	-0.056655
9.9417	-7.5953	0	-0
11.408	-7.5953	0	-0
12.874	-7.5953	0	-0
14.341	-7.5953	0	-0
15.807	-7.5953	0	-0
-14.985	-9.0616	0	-0
-13.519	-9.0616	0	-0
-12.053	-9.0616	0	-0
-10.587	-9.0616	0	-0
-9.1202	-9.0616	0	-0
-7.6539	-9.0616	0	-0
-6.1876	-9.0616	0	-0
-4.7213	-9.0616	0	-0
-3.255	-9.0616	0	-0
-1.7887	-9.0616	0.12647	-0.37449
-0.32241	-9.0616	0.12183	-0.31065
1.1439	-9.0616	0.1115	-0.26136
2.6102	-9.0616	0.10213	-0.22444
4.0765	-9.0616	0.092894	-0.19093
5.5428	-9.0616	0.084731	-0.1549
7.0091	-9.0616	0.076229	-0.11731
8.4754	-9.0616	0.06556	-0.081678
9.9417	-9.0616	0	-0
11.408	-9.0616	0	-0
12.874	-9.0616	0	-0
14.341	-9.0616	0	-0
15.807	-9.0616	0	-0
-14.985	-10.528	0	-0
-13.519	-10.528	0	-0
-12.053	-10.528	0	-0
-10.587	-10.528	0	-0
-9.1202	-10.528	0	-0
-7.6539	-10.528	0	-0
-6.1876	-10.528	0	-0
-4.7213	-10.528	0	-0
-3.255	-10.528	0	-0
-1.7887	-10.528	0.14276	-0.44082
-0.32241	-10.528	0.13963	-0.37742
1.1439	-10.528	0.13179	-0.31522
2.6102	-10.528	0.12291	-0.26397
4.0765	-10.528	0.11614	-0.22584
5.5428	-10.528	0.11049	-0.19116
7.0091	-10.528	0.10673	-0.15895
8.4754	-10.528	0.097674	-0.12631
9.9417	-10.528	0	-0
11.408	-10.528	0	-0
12.874	-10.528	0	-0
14.341	-10.528	0	-0
15.807	-10.528	0	-0
-14.985	-11.994	0	-0
-13.519	-11.994	0	-0
-12.053	-11.994	0	-0
-10.587	-11.994	0	-0
-9.1202	-11.994	0	-0
-7.6539	-11.994	0	-0
-6.1876	-11.994	0	-0
-4.7213	-11.994	0	-0
-3.255	-11.994	0	-0
-1.7887	-11.994	0	-0
-0.32241	-11.994	0	-0
1.1439	-11.994	0	-0
2.6102	-11.994	0	-0
4.0765	-11.994	0	-0
5.5428	-11.994	0	-0
7.0091	-11.994	0	-0
8.4754	-11.994	0	-0
9.9417	-11.994	0	-0
11.408	-11.994	0	-0
12.874	-11.994	0	-0
14.341	-11.994	0	-0
15.807	-11.994	0	-0
