#DaVis 7.4.0 2D-vector 96 22 22 "" "[mm]" "" "[mm]" "displacement" "[mm]"
-14.985	18.798	0	-0
-13.519	18.798	0	-0
-12.053	18.798	0	-0
-10.587	18.798	0	-0
-9.1202	18.798	0	-0
-7.6539	18.798	0	-0
-6.1876	18.798	0	-0
-4.7213	18.798	0	-0
-3.255	18.798	0	-0
-1.7887	18.798	-0.13496	0.21323
-0.32241	18.798	-0.53664	0.11288
1.1439	18.798	-0.82731	0.84089
2.6102	18.798	-0.80886	0.91442
4.0765	18.798	0	-0
5.5428	18.798	0	-0
7.0091	18.798	0	-0
8.4754	18.798	0	-0
9.9417	18.798	0	-0
11.408	18.798	0	-0
12.874	18.798	0	-0
14.341	18.798	0	-0
15.807	18.798	0	-0
-14.985	17.332	0	-0
-13.519	17.332	0	-0
-12.053	17.332	0	-0
-10.587	17.332	0	-0
-9.1202	17.332	0	-0
-7.6539	17.332	0	-0
-6.1876	17.332	0	-0
-4.7213	17.332	0	-0
-3.255	17.332	0	-0
-1.7887	17.332	-0.10126	0.30403
-0.32241	17.332	-0.75087	0.72003
1.1439	17.332	0.5856	0.22127
2.6102	17.332	-0.13942	0.47124
4.0765	17.332	-0.17098	0.54172
5.5428	17.332	-0.39541	0.28963
7.0091	17.332	-0.70469	-0.33821
8.4754	17.332	0.0056042	-0.3846
9.9417	17.332	0	-0
11.408	17.332	0	-0
12.874	17.332	0	-0
14.341	17.332	0	-0
15.807	17.332	0	-0
-14.985	15.866	0	-0
-13.519	15.866	0	-0
-12.053	15.866	0	-0
-10.587	15.866	0	-0
-9.1202	15.866	0	-0
-7.6539	15.866	0	-0
-6.1876	15.866	0	-0
-4.7213	15.866	0	-0
-3.255	15.866	0	-0
-1.7887	15.866	-0.02718	0.27453
-0.32241	15.866	-0.0562	0.34258
1.1439	15.866	-0.075072	0.39019
2.6102	15.866	-0.095672	0.44136
4.0765	15.866	-0.13194	0.49714
5.5428	15.866	-0.18191	0.52735
7.0091	15.866	-0.22619	0.52296
8.4754	15.866	-0.26249	0.48783
9.9417	15.866	0	-0
11.408	15.866	0	-0
12.874	15.866	0	-0
14.341	15.866	0	-0
15.807	15.866	0	-0
-14.985	14.399	0	-0
-13.519	14.399	0	-0
-12.053	14.399	0	-0
-10.587	14.399	0	-0
-9.1202	14.399	0	-0
-7.6539	14.399	0	-0
-6.1876	14.399	0	-0
-4.7213	14.399	0	-0
-3.255	14.399	0	-0
-1.7887	14.399	0.029344	0.23701
-0.32241	14.399	0.014944	0.30026
1.1439	14.399	-0.013122	0.34014
2.6102	14.399	-0.047043	0.38012
4.0765	14.399	-0.10455	0.40562
5.5428	14.399	-0.16327	0.41643
7.0091	14.399	-0.23981	0.40997
8.4754	14.399	-0.2644	0.40599
9.9417	14.399	0	-0
11.408	14.399	0	-0
12.874	14.399	0	-0
14.341	14.399	0	-0
15.807	14.399	0	-0
-14.985	12.933	0	-0
-13.519	12.933	0	-0
-12.053	12.933	0	-0
-10.587	12.933	0	-0
-9.1202	12.933	0	-0
-7.6539	12.933	0	-0
-6.1876	12.933	0	-0
-4.7213	12.933	0	-0
-3.255	12.933	0	-0
-1.7887	12.933	0.07494	0.20303
-0.32241	12.933	0.061798	0.24114
1.1439	12.933	0.035867	0.26786
2.6102	12.933	-0.0066617	0.30173
4.0765	12.933	-0.082754	0.31345
5.5428	12.933	-0.14654	0.31101
7.0091	12.933	-0.20193	0.31546
8.4754	12.933	-0.23216	0.32635
9.9417	12.933	0	-0
11.408	12.933	0	-0
12.874	12.933	0	-0
14.341	12.933	0	-0
15.807	12.933	0	-0
-14.985	11.467	0	-0
-13.519	11.467	0	-0
-12.053	11.467	0	-0
-10.587	11.467	0	-0
-9.1202	11.467	0	-0
-7.6539	11.467	0	-0
-6.1876	11.467	0	-0
-4.7213	11.467	0	-0
-3.255	11.467	0	-0
-1.7887	11.467	0.083342	0.15157
-0.32241	11.467	0.072079	0.17613
1.1439	11.467	0.042013	0.2021
2.6102	11.467	-0.002996	0.21067
4.0765	11.467	-0.069052	0.21559
5.5428	11.467	-0.11776	0.22687
7.0091	11.467	-0.16094	0.24303
8.4754	11.467	-0.18122	0.26575
9.9417	11.467	0	-0
11.408	11.467	0	-0
12.874	11.467	0	-0
14.341	11.467	0	-0
15.807	11.467	0	-0
-14.985	10	0	-0
-13.519	10	0	-0
-12.053	10	0	-0
-10.587	10	0	-0
-9.1202	10	0	-0
-7.6539	10	0	-0
-6.1876	10	0	-0
-4.7213	10	0	-0
-3.255	10	0	-0
-1.7887	10	0.081851	0.10436
-0.32241	10	0.086693	0.12393
1.1439	10	0.044188	0.14375
2.6102	10	0.0019858	0.14214
4.0765	10	-0.040349	0.13645
5.5428	10	-0.080244	0.14902
7.0091	10	-0.11108	0.18622
8.4754	10	-0.13101	0.22331
9.9417	10	0	-0
11.408	10	0	-0
12.874	10	0	-0
14.341	10	0	-0
15.807	10	0	-0
-14.985	8.534	0	-0
-13.519	8.534	0	-0
-12.053	8.534	0	-0
-10.587	8.534	0	-0
-9.1202	8.534	0	-0
-7.6539	8.534	0	-0
-6.1876	8.534	0	-0
-4.7213	8.534	0	-0
-3.255	8.534	0	-0
-1.7887	8.534	0.075615	0.085084
-0.32241	8.534	0.071459	0.084547
1.1439	8.534	0.037419	0.094837
2.6102	8.534	0.0022367	0.10046
4.0765	8.534	-0.022933	0.10171
5.5428	8.534	-0.037081	0.11026
7.0091	8.534	-0.057909	0.13253
8.4754	8.534	-0.072487	0.16619
9.9417	8.534	0	-0
11.408	8.534	0	-0
12.874	8.534	0	-0
14.341	8.534	0	-0
15.807	8.534	0	-0
-14.985	7.0677	0	-0
-13.519	7.0677	0	-0
-12.053	7.0677	0	-0
-10.587	7.0677	0	-0
-9.1202	7.0677	0	-0
-7.6539	7.0677	0	-0
-6.1876	7.0677	0	-0
-4.7213	7.0677	0	-0
-3.255	7.0677	0	-0
-1.7887	7.0677	0.054084	0.060477
-0.32241	7.0677	0.046577	0.056124
1.1439	7.0677	0.025267	0.062286
2.6102	7.0677	0.0027028	0.073756
4.0765	7.0677	-0.012986	0.083324
5.5428	7.0677	-0.021531	0.093733
7.0091	7.0677	-0.033595	0.10316
8.4754	7.0677	-0.038565	0.11949
9.9417	7.0677	0	-0
11.408	7.0677	0	-0
12.874	7.0677	0	-0
14.341	7.0677	0	-0
15.807	7.0677	0	-0
-14.985	5.6014	0	-0
-13.519	5.6014	0	-0
-12.053	5.6014	0	-0
-10.587	5.6014	0	-0
-9.1202	5.6014	0	-0
-7.6539	5.6014	0	-0
-6.1876	5.6014	0	-0
-4.7213	5.6014	0	-0
-3.255	5.6014	0	-0
-1.7887	5.6014	0.033349	0.040864
-0.32241	5.6014	0.032796	0.038071
1.1439	5.6014	0.018919	0.040511
2.6102	5.6014	0.0068798	0.056997
4.0765	5.6014	-0.005419	0.070254
5.5428	5.6014	-0.015602	0.078797
7.0091	5.6014	-0.032862	0.080973
8.4754	5.6014	-0.044438	0.084045
9.9417	5.6014	0	-0
11.408	5.6014	0	-0
12.874	5.6014	0	-0
14.341	5.6014	0	-0
15.807	5.6014	0	-0
-14.985	4.1351	0	-0
-13.519	4.1351	0	-0
-12.053	4.1351	0	-0
-10.587	4.1351	0	-0
-9.1202	4.1351	0	-0
-7.6539	4.1351	0	-0
-6.1876	4.1351	0	-0
-4.7213	4.1351	0	-0
-3.255	4.1351	0	-0
-1.7887	4.1351	0.035005	0.030046
-0.32241	4.1351	0.031619	0.030065
1.1439	4.1351	0.024521	0.031622
2.6102	4.1351	0.014303	0.04297
4.0765	4.1351	0.00090799	0.05572
5.5428	4.1351	-0.015159	0.058152
7.0091	4.1351	-0.030224	0.054667
8.4754	4.1351	-0.041657	0.055059
9.9417	4.1351	0	-0
11.408	4.1351	0	-0
12.874	4.1351	0	-0
14.341	4.1351	0	-0
15.807	4.1351	0	-0
-14.985	2.6688	0	-0
-13.519	2.6688	0	-0
-12.053	2.6688	0	-0
-10.587	2.6688	0	-0
-9.1202	2.6688	0	-0
-7.6539	2.6688	0	-0
-6.1876	2.6688	0	-0
-4.7213	2.6688	0	-0
-3.255	2.6688	0	-0
-1.7887	2.6688	0.039877	0.018481
-0.32241	2.6688	0.039574	0.019589
1.1439	2.6688	0.03532	0.02292
2.6102	2.6688	0.024777	0.028948
4.0765	2.6688	0.0096994	0.034308
5.5428	2.6688	-0.012103	0.035307
7.0091	2.6688	-0.02436	0.030145
8.4754	2.6688	-0.032648	0.031683
9.9417	2.6688	0	-0
11.408	2.6688	0	-0
12.874	2.6688	0	-0
14.341	2.6688	0	-0
15.807	2.6688	0	-0
-14.985	1.2025	0	-0
-13.519	1.2025	0	-0
-12.053	1.2025	0	-0
-10.587	1.2025	0	-0
-9.1202	1.2025	0	-0
-7.6539	1.2025	0	-0
-6.1876	1.2025	0	-0
-4.7213	1.2025	0	-0
-3.255	1.2025	0	-0
-1.7887	1.2025	0.043521	0.0091326
-0.32241	1.2025	0.04385	0.0098431
1.1439	1.2025	0.03926	0.013167
2.6102	1.2025	0.027853	0.0088102
4.0765	1.2025	0.015504	0.0057654
5.5428	1.2025	-0.0059083	0.0069297
7.0091	1.2025	-0.017886	0.0091351
8.4754	1.2025	-0.029171	0.010427
9.9417	1.2025	0	-0
11.408	1.2025	0	-0
12.874	1.2025	0	-0
14.341	1.2025	0	-0
15.807	1.2025	0	-0
-14.985	-0.2638	0	-0
-13.519	-0.2638	0	-0
-12.053	-0.2638	0	-0
-10.587	-0.2638	0	-0
-9.1202	-0.2638	0	-0
-7.6539	-0.2638	0	-0
-6.1876	-0.2638	0	-0
-4.7213	-0.2638	0	-0
-3.255	-0.2638	0	-0
-1.7887	-0.2638	0.042119	-0.0064364
-0.32241	-0.2638	0.040673	-0.0049624
1.1439	-0.2638	0.029705	-0.0063847
2.6102	-0.2638	0.020048	-0.016543
4.0765	-0.2638	0.01034	-0.021937
5.5428	-0.2638	-0.0045906	-0.02015
7.0091	-0.2638	-0.01582	-0.014119
8.4754	-0.2638	-0.022549	-0.0077508
9.9417	-0.2638	0	-0
11.408	-0.2638	0	-0
12.874	-0.2638	0	-0
14.341	-0.2638	0	-0
15.807	-0.2638	0	-0
-14.985	-1.7301	0	-0
-13.519	-1.7301	0	-0
-12.053	-1.7301	0	-0
-10.587	-1.7301	0	-0
-9.1202	-1.7301	0	-0
-7.6539	-1.7301	0	-0
-6.1876	-1.7301	0	-0
-4.7213	-1.7301	0	-0
-3.255	-1.7301	0	-0
-1.7887	-1.7301	0.043711	-0.049888
-0.32241	-1.7301	0.030418	-0.045038
1.1439	-1.7301	0.016878	-0.036311
2.6102	-1.7301	0.00461	-0.041684
4.0765	-1.7301	0.00082073	-0.044753
5.5428	-1.7301	-0.0048352	-0.042099
7.0091	-1.7301	-0.015568	-0.030235
8.4754	-1.7301	-0.019282	-0.020949
9.9417	-1.7301	0	-0
11.408	-1.7301	0	-0
12.874	-1.7301	0	-0
14.341	-1.7301	0	-0
15.807	-1.7301	0	-0
-14.985	-3.1964	0	-0
-13.519	-3.1964	0	-0
-12.053	-3.1964	0	-0
-10.587	-3.1964	0	-0
-9.1202	-3.1964	0	-0
-7.6539	-3.1964	0	-0
-6.1876	-3.1964	0	-0
-4.7213	-3.1964	0	-0
-3.255	-3.1964	0	-0
-1.7887	-3.1964	0.047628	-0.12797
-0.32241	-3.1964	0.031998	-0.1012
1.1439	-3.1964	0.010129	-0.083296
2.6102	-3.1964	-0.0015068	-0.072044
4.0765	-3.1964	-0.0029573	-0.063579
5.5428	-3.1964	-0.0055424	-0.055375
7.0091	-3.1964	-0.0097618	-0.042047
8.4754	-3.1964	-0.013607	-0.028029
9.9417	-3.1964	0	-0
11.408	-3.1964	0	-0
12.874	-3.1964	0	-0
14.341	-3.1964	0	-0
15.807	-3.1964	0	-0
-14.985	-4.6627	0	-0
-13.519	-4.6627	0	-0
-12.053	-4.6627	0	-0
-10.587	-4.6627	0	-0
-9.1202	-4.6627	0	-0
-7.6539	-4.6627	0	-0
-6.1876	-4.6627	0	-0
-4.7213	-4.6627	0	-0
-3.255	-4.6627	0	-0
-1.7887	-4.6627	0.054766	-0.20087
-0.32241	-4.6627	0.047688	-0.17015
1.1439	-4.6627	0.031159	-0.14017
2.6102	-4.6627	0.014278	-0.10782
4.0765	-4.6627	0.0063814	-0.085636
5.5428	-4.6627	0.0054415	-0.069337
7.0091	-4.6627	0.0016452	-0.054313
8.4754	-4.6627	-0.0038022	-0.035255
9.9417	-4.6627	0	-0
11.408	-4.6627	0	-0
12.874	-4.6627	0	-0
14.341	-4.6627	0	-0
15.807	-4.6627	0	-0
-14.985	-6.129	0	-0
-13.519	-6.129	0	-0
-12.053	-6.129	0	-0
-10.587	-6.129	0	-0
-9.1202	-6.129	0	-0
-7.6539	-6.129	0	-0
-6.1876	-6.129	0	-0
-4.7213	-6.129	0	-0
-3.255	-6.129	0	-0
-1.7887	-6.129	0.074086	-0.24976
-0.32241	-6.129	0.06682	-0.21309
1.1439	-6.129	0.057399	-0.18602
2.6102	-6.129	0.043168	-0.15543
4.0765	-6.129	0.033722	-0.11966
5.5428	-6.129	0.025961	-0.089339
7.0091	-6.129	0.017343	-0.068482
8.4754	-6.129	0.008463	-0.048984
9.9417	-6.129	0	-0
11.408	-6.129	0	-0
12.874	-6.129	0	-0
14.341	-6.129	0	-0
15.807	-6.129	0	-0
-14.985	-7.5953	0	-0
-13.519	-7.5953	0	-0
-12.053	-7.5953	0	-0
-10.587	-7.5953	0	-0
-9.1202	-7.5953	0	-0
-7.6539	-7.5953	0	-0
-6.1876	-7.5953	0	-0
-4.7213	-7.5953	0	-0
-3.255	-7.5953	0	-0
-1.7887	-7.5953	0.089761	-0.29582
-0.32241	-7.5953	0.084304	-0.25098
1.1439	-7.5953	0.076983	-0.21758
2.6102	-7.5953	0.06357	-0.19034
4.0765	-7.5953	0.055024	-0.15651
5.5428	-7.5953	0.048548	-0.11818
7.0091	-7.5953	0.03823	-0.087797
8.4754	-7.5953	0.025026	-0.06328
9.9417	-7.5953	0	-0
11.408	-7.5953	0	-0
12.874	-7.5953	0	-0
14.341	-7.5953	0	-0
15.807	-7.5953	0	-0
-14.985	-9.0616	0	-0
-13.519	-9.0616	0	-0
-12.053	-9.0616	0	-0
-10.587	-9.0616	0	-0
-9.1202	-9.0616	0	-0
-7.6539	-9.0616	0	-0
-6.1876	-9.0616	0	-0
-4.7213	-9.0616	0	-0
-3.255	-9.0616	0	-0
-1.7887	-9.0616	0.10652	-0.35528
-0.32241	-9.0616	0.10244	-0.29475
1.1439	-9.0616	0.092075	-0.2495
2.6102	-9.0616	0.082774	-0.21645
4.0765	-9.0616	0.075322	-0.18552
5.5428	-9.0616	0.067573	-0.15261
7.0091	-9.0616	0.061136	-0.11842
8.4754	-9.0616	0.049521	-0.086784
9.9417	-9.0616	0	-0
11.408	-9.0616	0	-0
12.874	-9.0616	0	-0
14.341	-9.0616	0	-0
15.807	-9.0616	0	-0
-14.985	-10.528	0	-0
-13.519	-10.528	0	-0
-12.053	-10.528	0	-0
-10.587	-10.528	0	-0
-9.1202	-10.528	0	-0
-7.6539	-10.528	0	-0
-6.1876	-10.528	0	-0
-4.7213	-10.528	0	-0
-3.255	-10.528	0	-0
-1.7887	-10.528	0.12104	-0.4171
-0.32241	-10.528	0.11754	-0.35736
1.1439	-10.528	0.11022	-0.30003
2.6102	-10.528	0.10086	-0.25311
4.0765	-10.528	0.09514	-0.21789
5.5428	-10.528	0.08999	-0.18668
7.0091	-10.528	0.088444	-0.15888
8.4754	-10.528	0.078528	-0.1282
9.9417	-10.528	0	-0
11.408	-10.528	0	-0
12.874	-10.528	0	-0
14.341	-10.528	0	-0
15.807	-10.528	0	-0
-14.985	-11.994	0	-0
-13.519	-11.994	0	-0
-12.053	-11.994	0	-0
-10.587	-11.994	0	-0
-9.1202	-11.994	0	-0
-7.6539	-11.994	0	-0
-6.1876	-11.994	0	-0
-4.7213	-11.994	0	-0
-3.255	-11.994	0	-0
-1.7887	-11.994	0	-0
-0.32241	-11.994	0	-0
1.1439	-11.994	0	-0
2.6102	-11.994	0	-0
4.0765	-11.994	0	-0
5.5428	-11.994	0	-0
7.0091	-11.994	0	-0
8.4754	-11.994	0	-0
9.9417	-11.994	0	-0
11.408	-11.994	0	-0
12.874	-11.994	0	-0
14.341	-11.994	0	-0
15.807	-11.994	0	-0
