#DaVis 7.4.0 2D-vector 96 22 22 "" "[mm]" "" "[mm]" "displacement" "[mm]"
-14.985	18.798	0	-0
-13.519	18.798	0	-0
-12.053	18.798	0	-0
-10.587	18.798	0	-0
-9.1202	18.798	0	-0
-7.6539	18.798	0	-0
-6.1876	18.798	0	-0
-4.7213	18.798	0	-0
-3.255	18.798	0	-0
-1.7887	18.798	-0.11376	0.12763
-0.32241	18.798	-0.52979	0.076773
1.1439	18.798	-0.7324	0.78087
2.6102	18.798	-0.070986	0.82979
4.0765	18.798	-0.13669	0.75237
5.5428	18.798	-0.67153	-0.52191
7.0091	18.798	-0.049537	0.89237
8.4754	18.798	-0.056	-0.13411
9.9417	18.798	0	-0
11.408	18.798	0	-0
12.874	18.798	0	-0
14.341	18.798	0	-0
15.807	18.798	0	-0
-14.985	17.332	0	-0
-13.519	17.332	0	-0
-12.053	17.332	0	-0
-10.587	17.332	0	-0
-9.1202	17.332	0	-0
-7.6539	17.332	0	-0
-6.1876	17.332	0	-0
-4.7213	17.332	0	-0
-3.255	17.332	0	-0
-1.7887	17.332	-0.089206	0.24062
-0.32241	17.332	-0.7556	0.64259
1.1439	17.332	-0.11666	0.35084
2.6102	17.332	-0.12674	0.39464
4.0765	17.332	-0.14785	0.46321
5.5428	17.332	-0.17747	0.48
7.0091	17.332	-0.65764	-0.38369
8.4754	17.332	-0.027603	-0.3532
9.9417	17.332	0	-0
11.408	17.332	0	-0
12.874	17.332	0	-0
14.341	17.332	0	-0
15.807	17.332	0	-0
-14.985	15.866	0	-0
-13.519	15.866	0	-0
-12.053	15.866	0	-0
-10.587	15.866	0	-0
-9.1202	15.866	0	-0
-7.6539	15.866	0	-0
-6.1876	15.866	0	-0
-4.7213	15.866	0	-0
-3.255	15.866	0	-0
-1.7887	15.866	-0.032429	0.21295
-0.32241	15.866	-0.055121	0.27622
1.1439	15.866	-0.071596	0.31865
2.6102	15.866	-0.086948	0.36319
4.0765	15.866	-0.11954	0.41141
5.5428	15.866	-0.15856	0.43495
7.0091	15.866	-0.1945	0.43048
8.4754	15.866	-0.21767	0.38934
9.9417	15.866	0	-0
11.408	15.866	0	-0
12.874	15.866	0	-0
14.341	15.866	0	-0
15.807	15.866	0	-0
-14.985	14.399	0	-0
-13.519	14.399	0	-0
-12.053	14.399	0	-0
-10.587	14.399	0	-0
-9.1202	14.399	0	-0
-7.6539	14.399	0	-0
-6.1876	14.399	0	-0
-4.7213	14.399	0	-0
-3.255	14.399	0	-0
-1.7887	14.399	0.013668	0.19632
-0.32241	14.399	0.0034575	0.23713
1.1439	14.399	-0.021836	0.2717
2.6102	14.399	-0.045855	0.30872
4.0765	14.399	-0.096928	0.34082
5.5428	14.399	-0.14263	0.34359
7.0091	14.399	-0.20613	0.34008
8.4754	14.399	-0.23051	0.32801
9.9417	14.399	0	-0
11.408	14.399	0	-0
12.874	14.399	0	-0
14.341	14.399	0	-0
15.807	14.399	0	-0
-14.985	12.933	0	-0
-13.519	12.933	0	-0
-12.053	12.933	0	-0
-10.587	12.933	0	-0
-9.1202	12.933	0	-0
-7.6539	12.933	0	-0
-6.1876	12.933	0	-0
-4.7213	12.933	0	-0
-3.255	12.933	0	-0
-1.7887	12.933	0.047569	0.1523
-0.32241	12.933	0.04228	0.18805
1.1439	12.933	0.027313	0.21826
2.6102	12.933	-0.014217	0.24286
4.0765	12.933	-0.072026	0.25488
5.5428	12.933	-0.13484	0.25277
7.0091	12.933	-0.1711	0.26286
8.4754	12.933	-0.19456	0.26832
9.9417	12.933	0	-0
11.408	12.933	0	-0
12.874	12.933	0	-0
14.341	12.933	0	-0
15.807	12.933	0	-0
-14.985	11.467	0	-0
-13.519	11.467	0	-0
-12.053	11.467	0	-0
-10.587	11.467	0	-0
-9.1202	11.467	0	-0
-7.6539	11.467	0	-0
-6.1876	11.467	0	-0
-4.7213	11.467	0	-0
-3.255	11.467	0	-0
-1.7887	11.467	0.06488	0.10922
-0.32241	11.467	0.050141	0.13647
1.1439	11.467	0.032879	0.16143
2.6102	11.467	-0.0068944	0.16635
4.0765	11.467	-0.060613	0.17197
5.5428	11.467	-0.10553	0.18052
7.0091	11.467	-0.13653	0.20083
8.4754	11.467	-0.1508	0.22131
9.9417	11.467	0	-0
11.408	11.467	0	-0
12.874	11.467	0	-0
14.341	11.467	0	-0
15.807	11.467	0	-0
-14.985	10	0	-0
-13.519	10	0	-0
-12.053	10	0	-0
-10.587	10	0	-0
-9.1202	10	0	-0
-7.6539	10	0	-0
-6.1876	10	0	-0
-4.7213	10	0	-0
-3.255	10	0	-0
-1.7887	10	0.057151	0.079645
-0.32241	10	0.06249	0.095301
1.1439	10	0.034123	0.11068
2.6102	10	-0.0024332	0.10863
4.0765	10	-0.036529	0.10564
5.5428	10	-0.068243	0.12025
7.0091	10	-0.095136	0.15354
8.4754	10	-0.10579	0.18379
9.9417	10	0	-0
11.408	10	0	-0
12.874	10	0	-0
14.341	10	0	-0
15.807	10	0	-0
-14.985	8.534	0	-0
-13.519	8.534	0	-0
-12.053	8.534	0	-0
-10.587	8.534	0	-0
-9.1202	8.534	0	-0
-7.6539	8.534	0	-0
-6.1876	8.534	0	-0
-4.7213	8.534	0	-0
-3.255	8.534	0	-0
-1.7887	8.534	0.0574	0.065111
-0.32241	8.534	0.051683	0.063707
1.1439	8.534	0.026157	0.071688
2.6102	8.534	-0.0019662	0.076372
4.0765	8.534	-0.021013	0.079022
5.5428	8.534	-0.032685	0.088069
7.0091	8.534	-0.050564	0.10729
8.4754	8.534	-0.058805	0.13646
9.9417	8.534	0	-0
11.408	8.534	0	-0
12.874	8.534	0	-0
14.341	8.534	0	-0
15.807	8.534	0	-0
-14.985	7.0677	0	-0
-13.519	7.0677	0	-0
-12.053	7.0677	0	-0
-10.587	7.0677	0	-0
-9.1202	7.0677	0	-0
-7.6539	7.0677	0	-0
-6.1876	7.0677	0	-0
-4.7213	7.0677	0	-0
-3.255	7.0677	0	-0
-1.7887	7.0677	0.035649	0.044362
-0.32241	7.0677	0.032223	0.042421
1.1439	7.0677	0.01665	0.046307
2.6102	7.0677	-0.00043916	0.055716
4.0765	7.0677	-0.011698	0.063811
5.5428	7.0677	-0.018635	0.073005
7.0091	7.0677	-0.029003	0.081733
8.4754	7.0677	-0.02893	0.09613
9.9417	7.0677	0	-0
11.408	7.0677	0	-0
12.874	7.0677	0	-0
14.341	7.0677	0	-0
15.807	7.0677	0	-0
-14.985	5.6014	0	-0
-13.519	5.6014	0	-0
-12.053	5.6014	0	-0
-10.587	5.6014	0	-0
-9.1202	5.6014	0	-0
-7.6539	5.6014	0	-0
-6.1876	5.6014	0	-0
-4.7213	5.6014	0	-0
-3.255	5.6014	0	-0
-1.7887	5.6014	0.02015	0.029864
-0.32241	5.6014	0.023089	0.02775
1.1439	5.6014	0.013088	0.030583
2.6102	5.6014	0.0043287	0.042937
4.0765	5.6014	-0.0045889	0.053511
5.5428	5.6014	-0.013401	0.060638
7.0091	5.6014	-0.026966	0.063158
8.4754	5.6014	-0.033634	0.066373
9.9417	5.6014	0	-0
11.408	5.6014	0	-0
12.874	5.6014	0	-0
14.341	5.6014	0	-0
15.807	5.6014	0	-0
-14.985	4.1351	0	-0
-13.519	4.1351	0	-0
-12.053	4.1351	0	-0
-10.587	4.1351	0	-0
-9.1202	4.1351	0	-0
-7.6539	4.1351	0	-0
-6.1876	4.1351	0	-0
-4.7213	4.1351	0	-0
-3.255	4.1351	0	-0
-1.7887	4.1351	0.025224	0.020927
-0.32241	4.1351	0.022785	0.02142
1.1439	4.1351	0.017301	0.02352
2.6102	4.1351	0.010258	0.032084
4.0765	4.1351	-0.00050786	0.04122
5.5428	4.1351	-0.012708	0.043456
7.0091	4.1351	-0.024561	0.040737
8.4754	4.1351	-0.032186	0.040917
9.9417	4.1351	0	-0
11.408	4.1351	0	-0
12.874	4.1351	0	-0
14.341	4.1351	0	-0
15.807	4.1351	0	-0
-14.985	2.6688	0	-0
-13.519	2.6688	0	-0
-12.053	2.6688	0	-0
-10.587	2.6688	0	-0
-9.1202	2.6688	0	-0
-7.6539	2.6688	0	-0
-6.1876	2.6688	0	-0
-4.7213	2.6688	0	-0
-3.255	2.6688	0	-0
-1.7887	2.6688	0.029528	0.011185
-0.32241	2.6688	0.029867	0.012663
1.1439	2.6688	0.026913	0.015714
2.6102	2.6688	0.019318	0.021046
4.0765	2.6688	0.0061938	0.02459
5.5428	2.6688	-0.010411	0.023894
7.0091	2.6688	-0.020098	0.019829
8.4754	2.6688	-0.025954	0.020121
9.9417	2.6688	0	-0
11.408	2.6688	0	-0
12.874	2.6688	0	-0
14.341	2.6688	0	-0
15.807	2.6688	0	-0
-14.985	1.2025	0	-0
-13.519	1.2025	0	-0
-12.053	1.2025	0	-0
-10.587	1.2025	0	-0
-9.1202	1.2025	0	-0
-7.6539	1.2025	0	-0
-6.1876	1.2025	0	-0
-4.7213	1.2025	0	-0
-3.255	1.2025	0	-0
-1.7887	1.2025	0.032699	0.0022452
-0.32241	1.2025	0.034039	0.0035861
1.1439	1.2025	0.030504	0.0064026
2.6102	1.2025	0.021401	0.0037419
4.0765	1.2025	0.010069	0.0012762
5.5428	1.2025	-0.0063531	0.0011352
7.0091	1.2025	-0.015913	0.0017774
8.4754	1.2025	-0.024758	0.0025253
9.9417	1.2025	0	-0
11.408	1.2025	0	-0
12.874	1.2025	0	-0
14.341	1.2025	0	-0
15.807	1.2025	0	-0
-14.985	-0.2638	0	-0
-13.519	-0.2638	0	-0
-12.053	-0.2638	0	-0
-10.587	-0.2638	0	-0
-9.1202	-0.2638	0	-0
-7.6539	-0.2638	0	-0
-6.1876	-0.2638	0	-0
-4.7213	-0.2638	0	-0
-3.255	-0.2638	0	-0
-1.7887	-0.2638	0.033107	-0.011432
-0.32241	-0.2638	0.031967	-0.0098492
1.1439	-0.2638	0.023223	-0.01034
2.6102	-0.2638	0.014253	-0.018789
4.0765	-0.2638	0.0059638	-0.022461
5.5428	-0.2638	-0.0057933	-0.021703
7.0091	-0.2638	-0.015904	-0.017773
8.4754	-0.2638	-0.020878	-0.013892
9.9417	-0.2638	0	-0
11.408	-0.2638	0	-0
12.874	-0.2638	0	-0
14.341	-0.2638	0	-0
15.807	-0.2638	0	-0
-14.985	-1.7301	0	-0
-13.519	-1.7301	0	-0
-12.053	-1.7301	0	-0
-10.587	-1.7301	0	-0
-9.1202	-1.7301	0	-0
-7.6539	-1.7301	0	-0
-6.1876	-1.7301	0	-0
-4.7213	-1.7301	0	-0
-3.255	-1.7301	0	-0
-1.7887	-1.7301	0.034632	-0.047541
-0.32241	-1.7301	0.023583	-0.044188
1.1439	-1.7301	0.011188	-0.036151
2.6102	-1.7301	0.0012708	-0.040606
4.0765	-1.7301	-0.002076	-0.042834
5.5428	-1.7301	-0.0064406	-0.040839
7.0091	-1.7301	-0.01596	-0.032114
8.4754	-1.7301	-0.018562	-0.02566
9.9417	-1.7301	0	-0
11.408	-1.7301	0	-0
12.874	-1.7301	0	-0
14.341	-1.7301	0	-0
15.807	-1.7301	0	-0
-14.985	-3.1964	0	-0
-13.519	-3.1964	0	-0
-12.053	-3.1964	0	-0
-10.587	-3.1964	0	-0
-9.1202	-3.1964	0	-0
-7.6539	-3.1964	0	-0
-6.1876	-3.1964	0	-0
-4.7213	-3.1964	0	-0
-3.255	-3.1964	0	-0
-1.7887	-3.1964	0.036801	-0.11186
-0.32241	-3.1964	0.023879	-0.089961
1.1439	-3.1964	0.0055021	-0.075966
2.6102	-3.1964	-0.0047038	-0.06749
4.0765	-3.1964	-0.0060044	-0.06021
5.5428	-3.1964	-0.0083986	-0.053423
7.0091	-3.1964	-0.01196	-0.043071
8.4754	-3.1964	-0.015128	-0.0328
9.9417	-3.1964	0	-0
11.408	-3.1964	0	-0
12.874	-3.1964	0	-0
14.341	-3.1964	0	-0
15.807	-3.1964	0	-0
-14.985	-4.6627	0	-0
-13.519	-4.6627	0	-0
-12.053	-4.6627	0	-0
-10.587	-4.6627	0	-0
-9.1202	-4.6627	0	-0
-7.6539	-4.6627	0	-0
-6.1876	-4.6627	0	-0
-4.7213	-4.6627	0	-0
-3.255	-4.6627	0	-0
-1.7887	-4.6627	0.041101	-0.17303
-0.32241	-4.6627	0.035633	-0.14797
1.1439	-4.6627	0.022197	-0.12287
2.6102	-4.6627	0.0079744	-0.097348
4.0765	-4.6627	0.0012741	-0.079453
5.5428	-4.6627	4.549e-006	-0.066091
7.0091	-4.6627	-0.0029821	-0.053863
8.4754	-4.6627	-0.0084421	-0.039455
9.9417	-4.6627	0	-0
11.408	-4.6627	0	-0
12.874	-4.6627	0	-0
14.341	-4.6627	0	-0
15.807	-4.6627	0	-0
-14.985	-6.129	0	-0
-13.519	-6.129	0	-0
-12.053	-6.129	0	-0
-10.587	-6.129	0	-0
-9.1202	-6.129	0	-0
-7.6539	-6.129	0	-0
-6.1876	-6.129	0	-0
-4.7213	-6.129	0	-0
-3.255	-6.129	0	-0
-1.7887	-6.129	0.055719	-0.21279
-0.32241	-6.129	0.050145	-0.18394
1.1439	-6.129	0.042581	-0.16161
2.6102	-6.129	0.030561	-0.13702
4.0765	-6.129	0.022646	-0.10791
5.5428	-6.129	0.015567	-0.083517
7.0091	-6.129	0.0088193	-0.066096
8.4754	-6.129	0.00059111	-0.051688
9.9417	-6.129	0	-0
11.408	-6.129	0	-0
12.874	-6.129	0	-0
14.341	-6.129	0	-0
15.807	-6.129	0	-0
-14.985	-7.5953	0	-0
-13.519	-7.5953	0	-0
-12.053	-7.5953	0	-0
-10.587	-7.5953	0	-0
-9.1202	-7.5953	0	-0
-7.6539	-7.5953	0	-0
-6.1876	-7.5953	0	-0
-4.7213	-7.5953	0	-0
-3.255	-7.5953	0	-0
-1.7887	-7.5953	0.06707	-0.25325
-0.32241	-7.5953	0.063074	-0.21634
1.1439	-7.5953	0.056828	-0.18859
2.6102	-7.5953	0.045541	-0.16699
4.0765	-7.5953	0.038725	-0.13836
5.5428	-7.5953	0.033072	-0.10719
7.0091	-7.5953	0.023977	-0.083335
8.4754	-7.5953	0.012589	-0.06459
9.9417	-7.5953	0	-0
11.408	-7.5953	0	-0
12.874	-7.5953	0	-0
14.341	-7.5953	0	-0
15.807	-7.5953	0	-0
-14.985	-9.0616	0	-0
-13.519	-9.0616	0	-0
-12.053	-9.0616	0	-0
-10.587	-9.0616	0	-0
-9.1202	-9.0616	0	-0
-7.6539	-9.0616	0	-0
-6.1876	-9.0616	0	-0
-4.7213	-9.0616	0	-0
-3.255	-9.0616	0	-0
-1.7887	-9.0616	0.080347	-0.30585
-0.32241	-9.0616	0.077007	-0.25457
1.1439	-9.0616	0.068073	-0.2169
2.6102	-9.0616	0.060411	-0.18955
4.0765	-9.0616	0.054544	-0.16401
5.5428	-9.0616	0.048113	-0.13715
7.0091	-9.0616	0.042727	-0.10904
8.4754	-9.0616	0.033524	-0.084133
9.9417	-9.0616	0	-0
11.408	-9.0616	0	-0
12.874	-9.0616	0	-0
14.341	-9.0616	0	-0
15.807	-9.0616	0	-0
-14.985	-10.528	0	-0
-13.519	-10.528	0	-0
-12.053	-10.528	0	-0
-10.587	-10.528	0	-0
-9.1202	-10.528	0	-0
-7.6539	-10.528	0	-0
-6.1876	-10.528	0	-0
-4.7213	-10.528	0	-0
-3.255	-10.528	0	-0
-1.7887	-10.528	0.09246	-0.35981
-0.32241	-10.528	0.089494	-0.31062
1.1439	-10.528	0.082516	-0.26092
2.6102	-10.528	0.074477	-0.22147
4.0765	-10.528	0.0701	-0.19174
5.5428	-10.528	0.065945	-0.16667
7.0091	-10.528	0.064191	-0.14293
8.4754	-10.528	0.057365	-0.11916
9.9417	-10.528	0	-0
11.408	-10.528	0	-0
12.874	-10.528	0	-0
14.341	-10.528	0	-0
15.807	-10.528	0	-0
-14.985	-11.994	0	-0
-13.519	-11.994	0	-0
-12.053	-11.994	0	-0
-10.587	-11.994	0	-0
-9.1202	-11.994	0	-0
-7.6539	-11.994	0	-0
-6.1876	-11.994	0	-0
-4.7213	-11.994	0	-0
-3.255	-11.994	0	-0
-1.7887	-11.994	0	-0
-0.32241	-11.994	0	-0
1.1439	-11.994	0	-0
2.6102	-11.994	0	-0
4.0765	-11.994	0	-0
5.5428	-11.994	0	-0
7.0091	-11.994	0	-0
8.4754	-11.994	0	-0
9.9417	-11.994	0	-0
11.408	-11.994	0	-0
12.874	-11.994	0	-0
14.341	-11.994	0	-0
15.807	-11.994	0	-0
