#DaVis 7.4.0 2D-vector 96 22 22 "" "[mm]" "" "[mm]" "displacement" "[mm]"
-14.985	18.798	0	-0
-13.519	18.798	0	-0
-12.053	18.798	0	-0
-10.587	18.798	0	-0
-9.1202	18.798	0	-0
-7.6539	18.798	0	-0
-6.1876	18.798	0	-0
-4.7213	18.798	0	-0
-3.255	18.798	0	-0
-1.7887	18.798	-0.09087	0.11315
-0.32241	18.798	-0.48686	0.054183
1.1439	18.798	0.38602	0.76759
2.6102	18.798	-0.13118	0.84123
4.0765	18.798	0.70143	0.77505
5.5428	18.798	-0.70254	-0.51515
7.0091	18.798	-0.09694	0.87823
8.4754	18.798	-0.01454	-0.13496
9.9417	18.798	0	-0
11.408	18.798	0	-0
12.874	18.798	0	-0
14.341	18.798	0	-0
15.807	18.798	0	-0
-14.985	17.332	0	-0
-13.519	17.332	0	-0
-12.053	17.332	0	-0
-10.587	17.332	0	-0
-9.1202	17.332	0	-0
-7.6539	17.332	0	-0
-6.1876	17.332	0	-0
-4.7213	17.332	0	-0
-3.255	17.332	0	-0
-1.7887	17.332	-0.093099	0.20764
-0.32241	17.332	-0.73859	0.6667
1.1439	17.332	-0.11022	0.31375
2.6102	17.332	-0.12079	0.35906
4.0765	17.332	-0.13885	0.40583
5.5428	17.332	-0.16481	0.43653
7.0091	17.332	-0.55821	-0.36897
8.4754	17.332	-0.014269	-0.42304
9.9417	17.332	0	-0
11.408	17.332	0	-0
12.874	17.332	0	-0
14.341	17.332	0	-0
15.807	17.332	0	-0
-14.985	15.866	0	-0
-13.519	15.866	0	-0
-12.053	15.866	0	-0
-10.587	15.866	0	-0
-9.1202	15.866	0	-0
-7.6539	15.866	0	-0
-6.1876	15.866	0	-0
-4.7213	15.866	0	-0
-3.255	15.866	0	-0
-1.7887	15.866	-0.036404	0.17752
-0.32241	15.866	-0.053454	0.23539
1.1439	15.866	-0.067647	0.27411
2.6102	15.866	-0.082075	0.31274
4.0765	15.866	-0.11118	0.35226
5.5428	15.866	-0.14692	0.37347
7.0091	15.866	-0.17862	0.37422
8.4754	15.866	-0.19382	0.34136
9.9417	15.866	0	-0
11.408	15.866	0	-0
12.874	15.866	0	-0
14.341	15.866	0	-0
15.807	15.866	0	-0
-14.985	14.399	0	-0
-13.519	14.399	0	-0
-12.053	14.399	0	-0
-10.587	14.399	0	-0
-9.1202	14.399	0	-0
-7.6539	14.399	0	-0
-6.1876	14.399	0	-0
-4.7213	14.399	0	-0
-3.255	14.399	0	-0
-1.7887	14.399	0.0060829	0.14865
-0.32241	14.399	-0.003271	0.19984
1.1439	14.399	-0.022196	0.23582
2.6102	14.399	-0.04389	0.2669
4.0765	14.399	-0.089634	0.28544
5.5428	14.399	-0.13099	0.2945
7.0091	14.399	-0.18782	0.29214
8.4754	14.399	-0.20249	0.28763
9.9417	14.399	0	-0
11.408	14.399	0	-0
12.874	14.399	0	-0
14.341	14.399	0	-0
15.807	14.399	0	-0
-14.985	12.933	0	-0
-13.519	12.933	0	-0
-12.053	12.933	0	-0
-10.587	12.933	0	-0
-9.1202	12.933	0	-0
-7.6539	12.933	0	-0
-6.1876	12.933	0	-0
-4.7213	12.933	0	-0
-3.255	12.933	0	-0
-1.7887	12.933	0.027535	0.12228
-0.32241	12.933	0.030938	0.15797
1.1439	12.933	0.015471	0.18226
2.6102	12.933	-0.017579	0.20513
4.0765	12.933	-0.067018	0.21676
5.5428	12.933	-0.1227	0.21632
7.0091	12.933	-0.15464	0.22422
8.4754	12.933	-0.16716	0.2335
9.9417	12.933	0	-0
11.408	12.933	0	-0
12.874	12.933	0	-0
14.341	12.933	0	-0
15.807	12.933	0	-0
-14.985	11.467	0	-0
-13.519	11.467	0	-0
-12.053	11.467	0	-0
-10.587	11.467	0	-0
-9.1202	11.467	0	-0
-7.6539	11.467	0	-0
-6.1876	11.467	0	-0
-4.7213	11.467	0	-0
-3.255	11.467	0	-0
-1.7887	11.467	0.041255	0.085669
-0.32241	11.467	0.039039	0.11385
1.1439	11.467	0.02455	0.13363
2.6102	11.467	-0.010571	0.13658
4.0765	11.467	-0.056154	0.14258
5.5428	11.467	-0.094366	0.15477
7.0091	11.467	-0.1206	0.17363
8.4754	11.467	-0.12775	0.1949
9.9417	11.467	0	-0
11.408	11.467	0	-0
12.874	11.467	0	-0
14.341	11.467	0	-0
15.807	11.467	0	-0
-14.985	10	0	-0
-13.519	10	0	-0
-12.053	10	0	-0
-10.587	10	0	-0
-9.1202	10	0	-0
-7.6539	10	0	-0
-6.1876	10	0	-0
-4.7213	10	0	-0
-3.255	10	0	-0
-1.7887	10	0.030822	0.065249
-0.32241	10	0.049722	0.077663
1.1439	10	0.025678	0.090547
2.6102	10	-0.005505	0.089199
4.0765	10	-0.032584	0.088808
5.5428	10	-0.060241	0.10489
7.0091	10	-0.085433	0.13268
8.4754	10	-0.089656	0.15996
9.9417	10	0	-0
11.408	10	0	-0
12.874	10	0	-0
14.341	10	0	-0
15.807	10	0	-0
-14.985	8.534	0	-0
-13.519	8.534	0	-0
-12.053	8.534	0	-0
-10.587	8.534	0	-0
-9.1202	8.534	0	-0
-7.6539	8.534	0	-0
-6.1876	8.534	0	-0
-4.7213	8.534	0	-0
-3.255	8.534	0	-0
-1.7887	8.534	0.035296	0.054146
-0.32241	8.534	0.038851	0.052661
1.1439	8.534	0.017909	0.060078
2.6102	8.534	-0.0044765	0.063509
4.0765	8.534	-0.019037	0.067208
5.5428	8.534	-0.029619	0.075671
7.0091	8.534	-0.046193	0.092193
8.4754	8.534	-0.049328	0.11878
9.9417	8.534	0	-0
11.408	8.534	0	-0
12.874	8.534	0	-0
14.341	8.534	0	-0
15.807	8.534	0	-0
-14.985	7.0677	0	-0
-13.519	7.0677	0	-0
-12.053	7.0677	0	-0
-10.587	7.0677	0	-0
-9.1202	7.0677	0	-0
-7.6539	7.0677	0	-0
-6.1876	7.0677	0	-0
-4.7213	7.0677	0	-0
-3.255	7.0677	0	-0
-1.7887	7.0677	0.022874	0.037186
-0.32241	7.0677	0.023167	0.03558
1.1439	7.0677	0.01104	0.039929
2.6102	7.0677	-0.0021101	0.048765
4.0765	7.0677	-0.010218	0.054698
5.5428	7.0677	-0.017394	0.062619
7.0091	7.0677	-0.026775	0.071444
8.4754	7.0677	-0.024612	0.083399
9.9417	7.0677	0	-0
11.408	7.0677	0	-0
12.874	7.0677	0	-0
14.341	7.0677	0	-0
15.807	7.0677	0	-0
-14.985	5.6014	0	-0
-13.519	5.6014	0	-0
-12.053	5.6014	0	-0
-10.587	5.6014	0	-0
-9.1202	5.6014	0	-0
-7.6539	5.6014	0	-0
-6.1876	5.6014	0	-0
-4.7213	5.6014	0	-0
-3.255	5.6014	0	-0
-1.7887	5.6014	0.01328	0.023244
-0.32241	5.6014	0.017323	0.023635
1.1439	5.6014	0.0098478	0.02629
2.6102	5.6014	0.0020136	0.036944
4.0765	5.6014	-0.0055222	0.045513
5.5428	5.6014	-0.011919	0.05214
7.0091	5.6014	-0.022648	0.054501
8.4754	5.6014	-0.027618	0.057303
9.9417	5.6014	0	-0
11.408	5.6014	0	-0
12.874	5.6014	0	-0
14.341	5.6014	0	-0
15.807	5.6014	0	-0
-14.985	4.1351	0	-0
-13.519	4.1351	0	-0
-12.053	4.1351	0	-0
-10.587	4.1351	0	-0
-9.1202	4.1351	0	-0
-7.6539	4.1351	0	-0
-6.1876	4.1351	0	-0
-4.7213	4.1351	0	-0
-3.255	4.1351	0	-0
-1.7887	4.1351	0.018657	0.016232
-0.32241	4.1351	0.018449	0.017911
1.1439	4.1351	0.01346	0.020261
2.6102	4.1351	0.0077246	0.027671
4.0765	4.1351	-0.00079615	0.035056
5.5428	4.1351	-0.011161	0.037234
7.0091	4.1351	-0.020606	0.034732
8.4754	4.1351	-0.026428	0.033955
9.9417	4.1351	0	-0
11.408	4.1351	0	-0
12.874	4.1351	0	-0
14.341	4.1351	0	-0
15.807	4.1351	0	-0
-14.985	2.6688	0	-0
-13.519	2.6688	0	-0
-12.053	2.6688	0	-0
-10.587	2.6688	0	-0
-9.1202	2.6688	0	-0
-7.6539	2.6688	0	-0
-6.1876	2.6688	0	-0
-4.7213	2.6688	0	-0
-3.255	2.6688	0	-0
-1.7887	2.6688	0.02319	0.0076384
-0.32241	2.6688	0.024514	0.0094842
1.1439	2.6688	0.021942	0.013265
2.6102	2.6688	0.015037	0.018077
4.0765	2.6688	0.0052395	0.021759
5.5428	2.6688	-0.0089621	0.020929
7.0091	2.6688	-0.017057	0.017111
8.4754	2.6688	-0.02105	0.015506
9.9417	2.6688	0	-0
11.408	2.6688	0	-0
12.874	2.6688	0	-0
14.341	2.6688	0	-0
15.807	2.6688	0	-0
-14.985	1.2025	0	-0
-13.519	1.2025	0	-0
-12.053	1.2025	0	-0
-10.587	1.2025	0	-0
-9.1202	1.2025	0	-0
-7.6539	1.2025	0	-0
-6.1876	1.2025	0	-0
-4.7213	1.2025	0	-0
-3.255	1.2025	0	-0
-1.7887	1.2025	0.026065	-0.0019532
-0.32241	1.2025	0.027829	0.0009491
1.1439	1.2025	0.024191	0.0045147
2.6102	1.2025	0.016431	0.002298
4.0765	1.2025	0.0090653	0.00050283
5.5428	1.2025	-0.0058683	0.00109
7.0091	1.2025	-0.013628	0.00079665
8.4754	1.2025	-0.020662	-4.4422e-005
9.9417	1.2025	0	-0
11.408	1.2025	0	-0
12.874	1.2025	0	-0
14.341	1.2025	0	-0
15.807	1.2025	0	-0
-14.985	-0.2638	0	-0
-13.519	-0.2638	0	-0
-12.053	-0.2638	0	-0
-10.587	-0.2638	0	-0
-9.1202	-0.2638	0	-0
-7.6539	-0.2638	0	-0
-6.1876	-0.2638	0	-0
-4.7213	-0.2638	0	-0
-3.255	-0.2638	0	-0
-1.7887	-0.2638	0.026113	-0.014508
-0.32241	-0.2638	0.02706	-0.012159
1.1439	-0.2638	0.018578	-0.01137
2.6102	-0.2638	0.010996	-0.017801
4.0765	-0.2638	0.0044014	-0.019851
5.5428	-0.2638	-0.0058476	-0.019802
7.0091	-0.2638	-0.01353	-0.016731
8.4754	-0.2638	-0.017583	-0.014532
9.9417	-0.2638	0	-0
11.408	-0.2638	0	-0
12.874	-0.2638	0	-0
14.341	-0.2638	0	-0
15.807	-0.2638	0	-0
-14.985	-1.7301	0	-0
-13.519	-1.7301	0	-0
-12.053	-1.7301	0	-0
-10.587	-1.7301	0	-0
-9.1202	-1.7301	0	-0
-7.6539	-1.7301	0	-0
-6.1876	-1.7301	0	-0
-4.7213	-1.7301	0	-0
-3.255	-1.7301	0	-0
-1.7887	-1.7301	0.028667	-0.045258
-0.32241	-1.7301	0.021138	-0.041585
1.1439	-1.7301	0.010021	-0.033978
2.6102	-1.7301	0.0013303	-0.037444
4.0765	-1.7301	-0.0024218	-0.038298
5.5428	-1.7301	-0.0063789	-0.03671
7.0091	-1.7301	-0.014262	-0.029488
8.4754	-1.7301	-0.015755	-0.024485
9.9417	-1.7301	0	-0
11.408	-1.7301	0	-0
12.874	-1.7301	0	-0
14.341	-1.7301	0	-0
15.807	-1.7301	0	-0
-14.985	-3.1964	0	-0
-13.519	-3.1964	0	-0
-12.053	-3.1964	0	-0
-10.587	-3.1964	0	-0
-9.1202	-3.1964	0	-0
-7.6539	-3.1964	0	-0
-6.1876	-3.1964	0	-0
-4.7213	-3.1964	0	-0
-3.255	-3.1964	0	-0
-1.7887	-3.1964	0.030776	-0.10087
-0.32241	-3.1964	0.021765	-0.081108
1.1439	-3.1964	0.0050523	-0.067265
2.6102	-3.1964	-0.0034242	-0.059956
4.0765	-3.1964	-0.0053432	-0.054245
5.5428	-3.1964	-0.0076668	-0.048468
7.0091	-3.1964	-0.010983	-0.040026
8.4754	-3.1964	-0.012895	-0.031612
9.9417	-3.1964	0	-0
11.408	-3.1964	0	-0
12.874	-3.1964	0	-0
14.341	-3.1964	0	-0
15.807	-3.1964	0	-0
-14.985	-4.6627	0	-0
-13.519	-4.6627	0	-0
-12.053	-4.6627	0	-0
-10.587	-4.6627	0	-0
-9.1202	-4.6627	0	-0
-7.6539	-4.6627	0	-0
-6.1876	-4.6627	0	-0
-4.7213	-4.6627	0	-0
-3.255	-4.6627	0	-0
-1.7887	-4.6627	0.032796	-0.15222
-0.32241	-4.6627	0.030768	-0.13056
1.1439	-4.6627	0.018829	-0.11023
2.6102	-4.6627	0.0061903	-0.087851
4.0765	-4.6627	0.00059958	-0.072095
5.5428	-4.6627	-0.00071851	-0.060631
7.0091	-4.6627	-0.0035205	-0.050427
8.4754	-4.6627	-0.0072101	-0.038907
9.9417	-4.6627	0	-0
11.408	-4.6627	0	-0
12.874	-4.6627	0	-0
14.341	-4.6627	0	-0
15.807	-4.6627	0	-0
-14.985	-6.129	0	-0
-13.519	-6.129	0	-0
-12.053	-6.129	0	-0
-10.587	-6.129	0	-0
-9.1202	-6.129	0	-0
-7.6539	-6.129	0	-0
-6.1876	-6.129	0	-0
-4.7213	-6.129	0	-0
-3.255	-6.129	0	-0
-1.7887	-6.129	0.046322	-0.18778
-0.32241	-6.129	0.042317	-0.16302
1.1439	-6.129	0.03556	-0.14388
2.6102	-6.129	0.026127	-0.12168
4.0765	-6.129	0.018821	-0.096085
5.5428	-6.129	0.01229	-0.075411
7.0091	-6.129	0.0061182	-0.061753
8.4754	-6.129	0.0001744	-0.049454
9.9417	-6.129	0	-0
11.408	-6.129	0	-0
12.874	-6.129	0	-0
14.341	-6.129	0	-0
15.807	-6.129	0	-0
-14.985	-7.5953	0	-0
-13.519	-7.5953	0	-0
-12.053	-7.5953	0	-0
-10.587	-7.5953	0	-0
-9.1202	-7.5953	0	-0
-7.6539	-7.5953	0	-0
-6.1876	-7.5953	0	-0
-4.7213	-7.5953	0	-0
-3.255	-7.5953	0	-0
-1.7887	-7.5953	0.05596	-0.22361
-0.32241	-7.5953	0.052873	-0.19109
1.1439	-7.5953	0.046932	-0.16808
2.6102	-7.5953	0.037985	-0.14872
4.0765	-7.5953	0.031777	-0.12389
5.5428	-7.5953	0.026452	-0.096784
7.0091	-7.5953	0.018606	-0.076791
8.4754	-7.5953	0.0094074	-0.061177
9.9417	-7.5953	0	-0
11.408	-7.5953	0	-0
12.874	-7.5953	0	-0
14.341	-7.5953	0	-0
15.807	-7.5953	0	-0
-14.985	-9.0616	0	-0
-13.519	-9.0616	0	-0
-12.053	-9.0616	0	-0
-10.587	-9.0616	0	-0
-9.1202	-9.0616	0	-0
-7.6539	-9.0616	0	-0
-6.1876	-9.0616	0	-0
-4.7213	-9.0616	0	-0
-3.255	-9.0616	0	-0
-1.7887	-9.0616	0.066605	-0.27033
-0.32241	-9.0616	0.063458	-0.2262
1.1439	-9.0616	0.056451	-0.19273
2.6102	-9.0616	0.050067	-0.16935
4.0765	-9.0616	0.044273	-0.14753
5.5428	-9.0616	0.039377	-0.12331
7.0091	-9.0616	0.03435	-0.099612
8.4754	-9.0616	0.026764	-0.078529
9.9417	-9.0616	0	-0
11.408	-9.0616	0	-0
12.874	-9.0616	0	-0
14.341	-9.0616	0	-0
15.807	-9.0616	0	-0
-14.985	-10.528	0	-0
-13.519	-10.528	0	-0
-12.053	-10.528	0	-0
-10.587	-10.528	0	-0
-9.1202	-10.528	0	-0
-7.6539	-10.528	0	-0
-6.1876	-10.528	0	-0
-4.7213	-10.528	0	-0
-3.255	-10.528	0	-0
-1.7887	-10.528	0.076188	-0.31969
-0.32241	-10.528	0.073518	-0.27615
1.1439	-10.528	0.067907	-0.23235
2.6102	-10.528	0.06206	-0.19776
4.0765	-10.528	0.057938	-0.17158
5.5428	-10.528	0.054297	-0.15019
7.0091	-10.528	0.053228	-0.12947
8.4754	-10.528	0.047144	-0.10908
9.9417	-10.528	0	-0
11.408	-10.528	0	-0
12.874	-10.528	0	-0
14.341	-10.528	0	-0
15.807	-10.528	0	-0
-14.985	-11.994	0	-0
-13.519	-11.994	0	-0
-12.053	-11.994	0	-0
-10.587	-11.994	0	-0
-9.1202	-11.994	0	-0
-7.6539	-11.994	0	-0
-6.1876	-11.994	0	-0
-4.7213	-11.994	0	-0
-3.255	-11.994	0	-0
-1.7887	-11.994	0	-0
-0.32241	-11.994	0	-0
1.1439	-11.994	0	-0
2.6102	-11.994	0	-0
4.0765	-11.994	0	-0
5.5428	-11.994	0	-0
7.0091	-11.994	0	-0
8.4754	-11.994	0	-0
9.9417	-11.994	0	-0
11.408	-11.994	0	-0
12.874	-11.994	0	-0
14.341	-11.994	0	-0
15.807	-11.994	0	-0
