#DaVis 7.4.0 2D-vector 96 22 22 "" "[mm]" "" "[mm]" "displacement" "[mm]"
-14.985	18.798	0	-0
-13.519	18.798	0	-0
-12.053	18.798	0	-0
-10.587	18.798	0	-0
-9.1202	18.798	0	-0
-7.6539	18.798	0	-0
-6.1876	18.798	0	-0
-4.7213	18.798	0	-0
-3.255	18.798	0	-0
-1.7887	18.798	-0.10125	0.065444
-0.32241	18.798	-0.30631	-0.058567
1.1439	18.798	0.44136	0.6211
2.6102	18.798	0.35927	0.66557
4.0765	18.798	0.84573	0.56749
5.5428	18.798	0.076465	-0.75697
7.0091	18.798	-0.29211	0.67931
8.4754	18.798	-0.075204	-0.37995
9.9417	18.798	0	-0
11.408	18.798	0	-0
12.874	18.798	0	-0
14.341	18.798	0	-0
15.807	18.798	0	-0
-14.985	17.332	0	-0
-13.519	17.332	0	-0
-12.053	17.332	0	-0
-10.587	17.332	0	-0
-9.1202	17.332	0	-0
-7.6539	17.332	0	-0
-6.1876	17.332	0	-0
-4.7213	17.332	0	-0
-3.255	17.332	0	-0
-1.7887	17.332	-0.073908	0.11652
-0.32241	17.332	-0.08616	0.16873
1.1439	17.332	-0.093969	0.20437
2.6102	17.332	-0.10769	0.21772
4.0765	17.332	-0.11095	0.26753
5.5428	17.332	-0.12707	0.28424
7.0091	17.332	0.7727	-0.25089
8.4754	17.332	-0.022682	-0.33629
9.9417	17.332	0	-0
11.408	17.332	0	-0
12.874	17.332	0	-0
14.341	17.332	0	-0
15.807	17.332	0	-0
-14.985	15.866	0	-0
-13.519	15.866	0	-0
-12.053	15.866	0	-0
-10.587	15.866	0	-0
-9.1202	15.866	0	-0
-7.6539	15.866	0	-0
-6.1876	15.866	0	-0
-4.7213	15.866	0	-0
-3.255	15.866	0	-0
-1.7887	15.866	-0.045022	0.10325
-0.32241	15.866	-0.056536	0.14272
1.1439	15.866	-0.064779	0.17465
2.6102	15.866	-0.075735	0.20468
4.0765	15.866	-0.085824	0.22289
5.5428	15.866	-0.11246	0.24441
7.0091	15.866	-0.13721	0.24763
8.4754	15.866	-0.13995	0.22981
9.9417	15.866	0	-0
11.408	15.866	0	-0
12.874	15.866	0	-0
14.341	15.866	0	-0
15.807	15.866	0	-0
-14.985	14.399	0	-0
-13.519	14.399	0	-0
-12.053	14.399	0	-0
-10.587	14.399	0	-0
-9.1202	14.399	0	-0
-7.6539	14.399	0	-0
-6.1876	14.399	0	-0
-4.7213	14.399	0	-0
-3.255	14.399	0	-0
-1.7887	14.399	-0.01506	0.087509
-0.32241	14.399	-0.02434	0.12527
1.1439	14.399	-0.036482	0.14652
2.6102	14.399	-0.049086	0.16935
4.0765	14.399	-0.074688	0.18757
5.5428	14.399	-0.10689	0.19976
7.0091	14.399	-0.13013	0.18562
8.4754	14.399	-0.13233	0.18942
9.9417	14.399	0	-0
11.408	14.399	0	-0
12.874	14.399	0	-0
14.341	14.399	0	-0
15.807	14.399	0	-0
-14.985	12.933	0	-0
-13.519	12.933	0	-0
-12.053	12.933	0	-0
-10.587	12.933	0	-0
-9.1202	12.933	0	-0
-7.6539	12.933	0	-0
-6.1876	12.933	0	-0
-4.7213	12.933	0	-0
-3.255	12.933	0	-0
-1.7887	12.933	0.0018837	0.072066
-0.32241	12.933	-0.0013068	0.094944
1.1439	12.933	-0.011245	0.11041
2.6102	12.933	-0.029648	0.1289
4.0765	12.933	-0.059301	0.13997
5.5428	12.933	-0.088844	0.14474
7.0091	12.933	-0.11252	0.15699
8.4754	12.933	-0.11611	0.17302
9.9417	12.933	0	-0
11.408	12.933	0	-0
12.874	12.933	0	-0
14.341	12.933	0	-0
15.807	12.933	0	-0
-14.985	11.467	0	-0
-13.519	11.467	0	-0
-12.053	11.467	0	-0
-10.587	11.467	0	-0
-9.1202	11.467	0	-0
-7.6539	11.467	0	-0
-6.1876	11.467	0	-0
-4.7213	11.467	0	-0
-3.255	11.467	0	-0
-1.7887	11.467	0.0087646	0.050144
-0.32241	11.467	0.0088433	0.06832
1.1439	11.467	-0.00020711	0.081254
2.6102	11.467	-0.020798	0.087156
4.0765	11.467	-0.04735	0.098337
5.5428	11.467	-0.066321	0.10819
7.0091	11.467	-0.085129	0.12145
8.4754	11.467	-0.082382	0.13921
9.9417	11.467	0	-0
11.408	11.467	0	-0
12.874	11.467	0	-0
14.341	11.467	0	-0
15.807	11.467	0	-0
-14.985	10	0	-0
-13.519	10	0	-0
-12.053	10	0	-0
-10.587	10	0	-0
-9.1202	10	0	-0
-7.6539	10	0	-0
-6.1876	10	0	-0
-4.7213	10	0	-0
-3.255	10	0	-0
-1.7887	10	0.0020753	0.036305
-0.32241	10	0.015138	0.046425
1.1439	10	0.0029791	0.055392
2.6102	10	-0.014536	0.057503
4.0765	10	-0.030617	0.061789
5.5428	10	-0.047928	0.075753
7.0091	10	-0.061727	0.094723
8.4754	10	-0.059291	0.11509
9.9417	10	0	-0
11.408	10	0	-0
12.874	10	0	-0
14.341	10	0	-0
15.807	10	0	-0
-14.985	8.534	0	-0
-13.519	8.534	0	-0
-12.053	8.534	0	-0
-10.587	8.534	0	-0
-9.1202	8.534	0	-0
-7.6539	8.534	0	-0
-6.1876	8.534	0	-0
-4.7213	8.534	0	-0
-3.255	8.534	0	-0
-1.7887	8.534	0.0053667	0.030154
-0.32241	8.534	0.012917	0.03154
1.1439	8.534	0.0025594	0.037971
2.6102	8.534	-0.0097448	0.042914
4.0765	8.534	-0.018468	0.047879
5.5428	8.534	-0.025512	0.056131
7.0091	8.534	-0.036866	0.068187
8.4754	8.534	-0.03482	0.086581
9.9417	8.534	0	-0
11.408	8.534	0	-0
12.874	8.534	0	-0
14.341	8.534	0	-0
15.807	8.534	0	-0
-14.985	7.0677	0	-0
-13.519	7.0677	0	-0
-12.053	7.0677	0	-0
-10.587	7.0677	0	-0
-9.1202	7.0677	0	-0
-7.6539	7.0677	0	-0
-6.1876	7.0677	0	-0
-4.7213	7.0677	0	-0
-3.255	7.0677	0	-0
-1.7887	7.0677	0.0036907	0.019949
-0.32241	7.0677	0.0080244	0.021886
1.1439	7.0677	0.0014069	0.026398
2.6102	7.0677	-0.0054896	0.032716
4.0765	7.0677	-0.010614	0.03895
5.5428	7.0677	-0.015204	0.045872
7.0091	7.0677	-0.021963	0.052988
8.4754	7.0677	-0.017169	0.062695
9.9417	7.0677	0	-0
11.408	7.0677	0	-0
12.874	7.0677	0	-0
14.341	7.0677	0	-0
15.807	7.0677	0	-0
-14.985	5.6014	0	-0
-13.519	5.6014	0	-0
-12.053	5.6014	0	-0
-10.587	5.6014	0	-0
-9.1202	5.6014	0	-0
-7.6539	5.6014	0	-0
-6.1876	5.6014	0	-0
-4.7213	5.6014	0	-0
-3.255	5.6014	0	-0
-1.7887	5.6014	0.0024378	0.010933
-0.32241	5.6014	0.0074504	0.013684
1.1439	5.6014	0.0035188	0.017909
2.6102	5.6014	-0.0010581	0.025145
4.0765	5.6014	-0.0052618	0.031389
5.5428	5.6014	-0.0095593	0.036779
7.0091	5.6014	-0.016084	0.040287
8.4754	5.6014	-0.016505	0.044219
9.9417	5.6014	0	-0
11.408	5.6014	0	-0
12.874	5.6014	0	-0
14.341	5.6014	0	-0
15.807	5.6014	0	-0
-14.985	4.1351	0	-0
-13.519	4.1351	0	-0
-12.053	4.1351	0	-0
-10.587	4.1351	0	-0
-9.1202	4.1351	0	-0
-7.6539	4.1351	0	-0
-6.1876	4.1351	0	-0
-4.7213	4.1351	0	-0
-3.255	4.1351	0	-0
-1.7887	4.1351	0.0085263	0.0058517
-0.32241	4.1351	0.0099919	0.0092585
1.1439	4.1351	0.0072756	0.012657
2.6102	4.1351	0.0030756	0.018409
4.0765	4.1351	-0.0014961	0.023687
5.5428	4.1351	-0.0069985	0.026362
7.0091	4.1351	-0.012351	0.026453
8.4754	4.1351	-0.014187	0.026959
9.9417	4.1351	0	-0
11.408	4.1351	0	-0
12.874	4.1351	0	-0
14.341	4.1351	0	-0
15.807	4.1351	0	-0
-14.985	2.6688	0	-0
-13.519	2.6688	0	-0
-12.053	2.6688	0	-0
-10.587	2.6688	0	-0
-9.1202	2.6688	0	-0
-7.6539	2.6688	0	-0
-6.1876	2.6688	0	-0
-4.7213	2.6688	0	-0
-3.255	2.6688	0	-0
-1.7887	2.6688	0.012288	-0.00080485
-0.32241	2.6688	0.014789	0.0028031
1.1439	2.6688	0.013277	0.0067528
2.6102	2.6688	0.0088985	0.010891
4.0765	2.6688	0.0026233	0.014422
5.5428	2.6688	-0.0050973	0.015396
7.0091	2.6688	-0.0097394	0.013671
8.4754	2.6688	-0.011552	0.012574
9.9417	2.6688	0	-0
11.408	2.6688	0	-0
12.874	2.6688	0	-0
14.341	2.6688	0	-0
15.807	2.6688	0	-0
-14.985	1.2025	0	-0
-13.519	1.2025	0	-0
-12.053	1.2025	0	-0
-10.587	1.2025	0	-0
-9.1202	1.2025	0	-0
-7.6539	1.2025	0	-0
-6.1876	1.2025	0	-0
-4.7213	1.2025	0	-0
-3.255	1.2025	0	-0
-1.7887	1.2025	0.015958	-0.0085601
-0.32241	1.2025	0.018549	-0.0042589
1.1439	1.2025	0.016052	-0.00017469
2.6102	1.2025	0.011074	0.0001837
4.0765	1.2025	0.0063965	0.00098037
5.5428	1.2025	-0.0023344	0.001443
7.0091	1.2025	-0.0075081	0.0015528
8.4754	1.2025	-0.012455	-4.818e-005
9.9417	1.2025	0	-0
11.408	1.2025	0	-0
12.874	1.2025	0	-0
14.341	1.2025	0	-0
15.807	1.2025	0	-0
-14.985	-0.2638	0	-0
-13.519	-0.2638	0	-0
-12.053	-0.2638	0	-0
-10.587	-0.2638	0	-0
-9.1202	-0.2638	0	-0
-7.6539	-0.2638	0	-0
-6.1876	-0.2638	0	-0
-4.7213	-0.2638	0	-0
-3.255	-0.2638	0	-0
-1.7887	-0.2638	0.016635	-0.019929
-0.32241	-0.2638	0.019133	-0.015864
1.1439	-0.2638	0.014649	-0.0126
2.6102	-0.2638	0.0096256	-0.014051
4.0765	-0.2638	0.0046746	-0.013186
5.5428	-0.2638	-0.0017804	-0.013405
7.0091	-0.2638	-0.0071792	-0.012588
8.4754	-0.2638	-0.010804	-0.011427
9.9417	-0.2638	0	-0
11.408	-0.2638	0	-0
12.874	-0.2638	0	-0
14.341	-0.2638	0	-0
15.807	-0.2638	0	-0
-14.985	-1.7301	0	-0
-13.519	-1.7301	0	-0
-12.053	-1.7301	0	-0
-10.587	-1.7301	0	-0
-9.1202	-1.7301	0	-0
-7.6539	-1.7301	0	-0
-6.1876	-1.7301	0	-0
-4.7213	-1.7301	0	-0
-3.255	-1.7301	0	-0
-1.7887	-1.7301	0.021328	-0.039201
-0.32241	-1.7301	0.016242	-0.036587
1.1439	-1.7301	0.010502	-0.02881
2.6102	-1.7301	0.0040081	-0.02885
4.0765	-1.7301	0.0009772	-0.027478
5.5428	-1.7301	-0.0024387	-0.026387
7.0091	-1.7301	-0.0074455	-0.022862
8.4754	-1.7301	-0.0099182	-0.020007
9.9417	-1.7301	0	-0
11.408	-1.7301	0	-0
12.874	-1.7301	0	-0
14.341	-1.7301	0	-0
15.807	-1.7301	0	-0
-14.985	-3.1964	0	-0
-13.519	-3.1964	0	-0
-12.053	-3.1964	0	-0
-10.587	-3.1964	0	-0
-9.1202	-3.1964	0	-0
-7.6539	-3.1964	0	-0
-6.1876	-3.1964	0	-0
-4.7213	-3.1964	0	-0
-3.255	-3.1964	0	-0
-1.7887	-3.1964	0.021818	-0.074011
-0.32241	-3.1964	0.017809	-0.06177
1.1439	-3.1964	0.007921	-0.052039
2.6102	-3.1964	0.0010394	-0.045959
4.0765	-3.1964	-0.00093629	-0.041208
5.5428	-3.1964	-0.0033659	-0.037005
7.0091	-3.1964	-0.0054138	-0.03185
8.4754	-3.1964	-0.0082308	-0.026843
9.9417	-3.1964	0	-0
11.408	-3.1964	0	-0
12.874	-3.1964	0	-0
14.341	-3.1964	0	-0
15.807	-3.1964	0	-0
-14.985	-4.6627	0	-0
-13.519	-4.6627	0	-0
-12.053	-4.6627	0	-0
-10.587	-4.6627	0	-0
-9.1202	-4.6627	0	-0
-7.6539	-4.6627	0	-0
-6.1876	-4.6627	0	-0
-4.7213	-4.6627	0	-0
-3.255	-4.6627	0	-0
-1.7887	-4.6627	0.020537	-0.10687
-0.32241	-4.6627	0.023324	-0.092629
1.1439	-4.6627	0.015644	-0.079847
2.6102	-4.6627	0.0074364	-0.066201
4.0765	-4.6627	0.0028833	-0.055758
5.5428	-4.6627	0.0012326	-0.047792
7.0091	-4.6627	-0.0011984	-0.040871
8.4754	-4.6627	-0.0045736	-0.034234
9.9417	-4.6627	0	-0
11.408	-4.6627	0	-0
12.874	-4.6627	0	-0
14.341	-4.6627	0	-0
15.807	-4.6627	0	-0
-14.985	-6.129	0	-0
-13.519	-6.129	0	-0
-12.053	-6.129	0	-0
-10.587	-6.129	0	-0
-9.1202	-6.129	0	-0
-7.6539	-6.129	0	-0
-6.1876	-6.129	0	-0
-4.7213	-6.129	0	-0
-3.255	-6.129	0	-0
-1.7887	-6.129	0.029041	-0.12967
-0.32241	-6.129	0.028406	-0.11438
1.1439	-6.129	0.024978	-0.1026
2.6102	-6.129	0.018481	-0.088756
4.0765	-6.129	0.013405	-0.072145
5.5428	-6.129	0.0092506	-0.058657
7.0091	-6.129	0.0047618	-0.05008
8.4754	-6.129	2.2196e-005	-0.043385
9.9417	-6.129	0	-0
11.408	-6.129	0	-0
12.874	-6.129	0	-0
14.341	-6.129	0	-0
15.807	-6.129	0	-0
-14.985	-7.5953	0	-0
-13.519	-7.5953	0	-0
-12.053	-7.5953	0	-0
-10.587	-7.5953	0	-0
-9.1202	-7.5953	0	-0
-7.6539	-7.5953	0	-0
-6.1876	-7.5953	0	-0
-4.7213	-7.5953	0	-0
-3.255	-7.5953	0	-0
-1.7887	-7.5953	0.034113	-0.15292
-0.32241	-7.5953	0.033387	-0.13313
1.1439	-7.5953	0.030179	-0.1184
2.6102	-7.5953	0.024314	-0.10651
4.0765	-7.5953	0.019649	-0.090976
5.5428	-7.5953	0.016746	-0.074339
7.0091	-7.5953	0.011287	-0.061635
8.4754	-7.5953	0.0044902	-0.053172
9.9417	-7.5953	0	-0
11.408	-7.5953	0	-0
12.874	-7.5953	0	-0
14.341	-7.5953	0	-0
15.807	-7.5953	0	-0
-14.985	-9.0616	0	-0
-13.519	-9.0616	0	-0
-12.053	-9.0616	0	-0
-10.587	-9.0616	0	-0
-9.1202	-9.0616	0	-0
-7.6539	-9.0616	0	-0
-6.1876	-9.0616	0	-0
-4.7213	-9.0616	0	-0
-3.255	-9.0616	0	-0
-1.7887	-9.0616	0.039519	-0.18482
-0.32241	-9.0616	0.039452	-0.1557
1.1439	-9.0616	0.034615	-0.1347
2.6102	-9.0616	0.030225	-0.12039
4.0765	-9.0616	0.02685	-0.10652
5.5428	-9.0616	0.023515	-0.092348
7.0091	-9.0616	0.020687	-0.077801
8.4754	-9.0616	0.015008	-0.065554
9.9417	-9.0616	0	-0
11.408	-9.0616	0	-0
12.874	-9.0616	0	-0
14.341	-9.0616	0	-0
15.807	-9.0616	0	-0
-14.985	-10.528	0	-0
-13.519	-10.528	0	-0
-12.053	-10.528	0	-0
-10.587	-10.528	0	-0
-9.1202	-10.528	0	-0
-7.6539	-10.528	0	-0
-6.1876	-10.528	0	-0
-4.7213	-10.528	0	-0
-3.255	-10.528	0	-0
-1.7887	-10.528	0.045606	-0.21879
-0.32241	-10.528	0.04497	-0.18965
1.1439	-10.528	0.040637	-0.16125
2.6102	-10.528	0.036793	-0.13975
4.0765	-10.528	0.033736	-0.12382
5.5428	-10.528	0.032057	-0.11033
7.0091	-10.528	0.03151	-0.096808
8.4754	-10.528	0.027564	-0.083995
9.9417	-10.528	0	-0
11.408	-10.528	0	-0
12.874	-10.528	0	-0
14.341	-10.528	0	-0
15.807	-10.528	0	-0
-14.985	-11.994	0	-0
-13.519	-11.994	0	-0
-12.053	-11.994	0	-0
-10.587	-11.994	0	-0
-9.1202	-11.994	0	-0
-7.6539	-11.994	0	-0
-6.1876	-11.994	0	-0
-4.7213	-11.994	0	-0
-3.255	-11.994	0	-0
-1.7887	-11.994	0	-0
-0.32241	-11.994	0	-0
1.1439	-11.994	0	-0
2.6102	-11.994	0	-0
4.0765	-11.994	0	-0
5.5428	-11.994	0	-0
7.0091	-11.994	0	-0
8.4754	-11.994	0	-0
9.9417	-11.994	0	-0
11.408	-11.994	0	-0
12.874	-11.994	0	-0
14.341	-11.994	0	-0
15.807	-11.994	0	-0
