#DaVis 7.4.0 2D-vector 96 22 22 "" "[mm]" "" "[mm]" "displacement" "[mm]"
-14.985	18.798	0	-0
-13.519	18.798	0	-0
-12.053	18.798	0	-0
-10.587	18.798	0	-0
-9.1202	18.798	0	-0
-7.6539	18.798	0	-0
-6.1876	18.798	0	-0
-4.7213	18.798	0	-0
-3.255	18.798	0	-0
-1.7887	18.798	-0.096124	0.1942
-0.32241	18.798	-0.54862	0.12561
1.1439	18.798	-0.73808	0.8757
2.6102	18.798	-0.059479	0.94412
4.0765	18.798	0.65464	0.85023
5.5428	18.798	0	-0
7.0091	18.798	0	-0
8.4754	18.798	-0.09747	0.23226
9.9417	18.798	0	-0
11.408	18.798	0	-0
12.874	18.798	0	-0
14.341	18.798	0	-0
15.807	18.798	0	-0
-14.985	17.332	0	-0
-13.519	17.332	0	-0
-12.053	17.332	0	-0
-10.587	17.332	0	-0
-9.1202	17.332	0	-0
-7.6539	17.332	0	-0
-6.1876	17.332	0	-0
-4.7213	17.332	0	-0
-3.255	17.332	0	-0
-1.7887	17.332	-0.098907	0.28858
-0.32241	17.332	-0.7502	0.69238
1.1439	17.332	-0.12799	0.39516
2.6102	17.332	-0.13645	0.44733
4.0765	17.332	-0.1626	0.52646
5.5428	17.332	-0.44584	0.3247
7.0091	17.332	-0.67924	-0.34751
8.4754	17.332	0.0036822	-0.38644
9.9417	17.332	0	-0
11.408	17.332	0	-0
12.874	17.332	0	-0
14.341	17.332	0	-0
15.807	17.332	0	-0
-14.985	15.866	0	-0
-13.519	15.866	0	-0
-12.053	15.866	0	-0
-10.587	15.866	0	-0
-9.1202	15.866	0	-0
-7.6539	15.866	0	-0
-6.1876	15.866	0	-0
-4.7213	15.866	0	-0
-3.255	15.866	0	-0
-1.7887	15.866	-0.03067	0.25671
-0.32241	15.866	-0.055158	0.32318
1.1439	15.866	-0.071981	0.36971
2.6102	15.866	-0.088877	0.41919
4.0765	15.866	-0.12605	0.46797
5.5428	15.866	-0.17007	0.49243
7.0091	15.866	-0.21496	0.49519
8.4754	15.866	-0.25119	0.46525
9.9417	15.866	0	-0
11.408	15.866	0	-0
12.874	15.866	0	-0
14.341	15.866	0	-0
15.807	15.866	0	-0
-14.985	14.399	0	-0
-13.519	14.399	0	-0
-12.053	14.399	0	-0
-10.587	14.399	0	-0
-9.1202	14.399	0	-0
-7.6539	14.399	0	-0
-6.1876	14.399	0	-0
-4.7213	14.399	0	-0
-3.255	14.399	0	-0
-1.7887	14.399	0.028385	0.22093
-0.32241	14.399	0.014739	0.28091
1.1439	14.399	-0.016863	0.31627
2.6102	14.399	-0.045641	0.35631
4.0765	14.399	-0.10226	0.3831
5.5428	14.399	-0.15608	0.39384
7.0091	14.399	-0.22988	0.38935
8.4754	14.399	-0.25212	0.38513
9.9417	14.399	0	-0
11.408	14.399	0	-0
12.874	14.399	0	-0
14.341	14.399	0	-0
15.807	14.399	0	-0
-14.985	12.933	0	-0
-13.519	12.933	0	-0
-12.053	12.933	0	-0
-10.587	12.933	0	-0
-9.1202	12.933	0	-0
-7.6539	12.933	0	-0
-6.1876	12.933	0	-0
-4.7213	12.933	0	-0
-3.255	12.933	0	-0
-1.7887	12.933	0.065745	0.19011
-0.32241	12.933	0.057187	0.22306
1.1439	12.933	0.036979	0.25432
2.6102	12.933	-0.010763	0.28199
4.0765	12.933	-0.078211	0.2956
5.5428	12.933	-0.1404	0.29287
7.0091	12.933	-0.19346	0.29664
8.4754	12.933	-0.22487	0.30654
9.9417	12.933	0	-0
11.408	12.933	0	-0
12.874	12.933	0	-0
14.341	12.933	0	-0
15.807	12.933	0	-0
-14.985	11.467	0	-0
-13.519	11.467	0	-0
-12.053	11.467	0	-0
-10.587	11.467	0	-0
-9.1202	11.467	0	-0
-7.6539	11.467	0	-0
-6.1876	11.467	0	-0
-4.7213	11.467	0	-0
-3.255	11.467	0	-0
-1.7887	11.467	0.083933	0.1313
-0.32241	11.467	0.065224	0.16406
1.1439	11.467	0.043196	0.19066
2.6102	11.467	-0.0031293	0.19635
4.0765	11.467	-0.065574	0.20074
5.5428	11.467	-0.11169	0.21326
7.0091	11.467	-0.15319	0.22805
8.4754	11.467	-0.17012	0.25058
9.9417	11.467	0	-0
11.408	11.467	0	-0
12.874	11.467	0	-0
14.341	11.467	0	-0
15.807	11.467	0	-0
-14.985	10	0	-0
-13.519	10	0	-0
-12.053	10	0	-0
-10.587	10	0	-0
-9.1202	10	0	-0
-7.6539	10	0	-0
-6.1876	10	0	-0
-4.7213	10	0	-0
-3.255	10	0	-0
-1.7887	10	0.072038	0.097153
-0.32241	10	0.079297	0.11474
1.1439	10	0.043861	0.13255
2.6102	10	0.001221	0.1309
4.0765	10	-0.038739	0.12488
5.5428	10	-0.076065	0.1376
7.0091	10	-0.10606	0.17347
8.4754	10	-0.12355	0.20735
9.9417	10	0	-0
11.408	10	0	-0
12.874	10	0	-0
14.341	10	0	-0
15.807	10	0	-0
-14.985	8.534	0	-0
-13.519	8.534	0	-0
-12.053	8.534	0	-0
-10.587	8.534	0	-0
-9.1202	8.534	0	-0
-7.6539	8.534	0	-0
-6.1876	8.534	0	-0
-4.7213	8.534	0	-0
-3.255	8.534	0	-0
-1.7887	8.534	0.068804	0.077692
-0.32241	8.534	0.066202	0.076846
1.1439	8.534	0.035222	0.087592
2.6102	8.534	0.0012215	0.092533
4.0765	8.534	-0.022118	0.092704
5.5428	8.534	-0.035845	0.10045
7.0091	8.534	-0.055528	0.12216
8.4754	8.534	-0.067176	0.15308
9.9417	8.534	0	-0
11.408	8.534	0	-0
12.874	8.534	0	-0
14.341	8.534	0	-0
15.807	8.534	0	-0
-14.985	7.0677	0	-0
-13.519	7.0677	0	-0
-12.053	7.0677	0	-0
-10.587	7.0677	0	-0
-9.1202	7.0677	0	-0
-7.6539	7.0677	0	-0
-6.1876	7.0677	0	-0
-4.7213	7.0677	0	-0
-3.255	7.0677	0	-0
-1.7887	7.0677	0.047639	0.054216
-0.32241	7.0677	0.042679	0.051313
1.1439	7.0677	0.022857	0.05615
2.6102	7.0677	0.001862	0.068021
4.0765	7.0677	-0.012539	0.075505
5.5428	7.0677	-0.021296	0.085377
7.0091	7.0677	-0.032458	0.094418
8.4754	7.0677	-0.034777	0.10833
9.9417	7.0677	0	-0
11.408	7.0677	0	-0
12.874	7.0677	0	-0
14.341	7.0677	0	-0
15.807	7.0677	0	-0
-14.985	5.6014	0	-0
-13.519	5.6014	0	-0
-12.053	5.6014	0	-0
-10.587	5.6014	0	-0
-9.1202	5.6014	0	-0
-7.6539	5.6014	0	-0
-6.1876	5.6014	0	-0
-4.7213	5.6014	0	-0
-3.255	5.6014	0	-0
-1.7887	5.6014	0.029202	0.036843
-0.32241	5.6014	0.029921	0.033555
1.1439	5.6014	0.017985	0.036282
2.6102	5.6014	0.0062427	0.051015
4.0765	5.6014	-0.0058104	0.062736
5.5428	5.6014	-0.015361	0.071859
7.0091	5.6014	-0.031324	0.073329
8.4754	5.6014	-0.040458	0.075602
9.9417	5.6014	0	-0
11.408	5.6014	0	-0
12.874	5.6014	0	-0
14.341	5.6014	0	-0
15.807	5.6014	0	-0
-14.985	4.1351	0	-0
-13.519	4.1351	0	-0
-12.053	4.1351	0	-0
-10.587	4.1351	0	-0
-9.1202	4.1351	0	-0
-7.6539	4.1351	0	-0
-6.1876	4.1351	0	-0
-4.7213	4.1351	0	-0
-3.255	4.1351	0	-0
-1.7887	4.1351	0.031768	0.026454
-0.32241	4.1351	0.028881	0.025989
1.1439	4.1351	0.022351	0.027585
2.6102	4.1351	0.012679	0.037679
4.0765	4.1351	1.6641e-005	0.048834
5.5428	4.1351	-0.015286	0.051216
7.0091	4.1351	-0.028844	0.047797
8.4754	4.1351	-0.03861	0.047463
9.9417	4.1351	0	-0
11.408	4.1351	0	-0
12.874	4.1351	0	-0
14.341	4.1351	0	-0
15.807	4.1351	0	-0
-14.985	2.6688	0	-0
-13.519	2.6688	0	-0
-12.053	2.6688	0	-0
-10.587	2.6688	0	-0
-9.1202	2.6688	0	-0
-7.6539	2.6688	0	-0
-6.1876	2.6688	0	-0
-4.7213	2.6688	0	-0
-3.255	2.6688	0	-0
-1.7887	2.6688	0.035995	0.015841
-0.32241	2.6688	0.036184	0.016529
1.1439	2.6688	0.032515	0.019573
2.6102	2.6688	0.022435	0.02464
4.0765	2.6688	0.0079961	0.029017
5.5428	2.6688	-0.012163	0.028764
7.0091	2.6688	-0.023754	0.024373
8.4754	2.6688	-0.031064	0.025048
9.9417	2.6688	0	-0
11.408	2.6688	0	-0
12.874	2.6688	0	-0
14.341	2.6688	0	-0
15.807	2.6688	0	-0
-14.985	1.2025	0	-0
-13.519	1.2025	0	-0
-12.053	1.2025	0	-0
-10.587	1.2025	0	-0
-9.1202	1.2025	0	-0
-7.6539	1.2025	0	-0
-6.1876	1.2025	0	-0
-4.7213	1.2025	0	-0
-3.255	1.2025	0	-0
-1.7887	1.2025	0.038642	0.0048258
-0.32241	1.2025	0.039944	0.006304
1.1439	1.2025	0.035399	0.0097242
2.6102	1.2025	0.024142	0.0053877
4.0765	1.2025	0.012823	0.0017635
5.5428	1.2025	-0.0072394	0.0029934
7.0091	1.2025	-0.018125	0.0039533
8.4754	1.2025	-0.028526	0.005704
9.9417	1.2025	0	-0
11.408	1.2025	0	-0
12.874	1.2025	0	-0
14.341	1.2025	0	-0
15.807	1.2025	0	-0
-14.985	-0.2638	0	-0
-13.519	-0.2638	0	-0
-12.053	-0.2638	0	-0
-10.587	-0.2638	0	-0
-9.1202	-0.2638	0	-0
-7.6539	-0.2638	0	-0
-6.1876	-0.2638	0	-0
-4.7213	-0.2638	0	-0
-3.255	-0.2638	0	-0
-1.7887	-0.2638	0.037423	-0.0092272
-0.32241	-0.2638	0.036488	-0.0083837
1.1439	-0.2638	0.025673	-0.0098025
2.6102	-0.2638	0.016283	-0.019689
4.0765	-0.2638	0.0073836	-0.025014
5.5428	-0.2638	-0.0067895	-0.023811
7.0091	-0.2638	-0.016389	-0.018209
8.4754	-0.2638	-0.023392	-0.013215
9.9417	-0.2638	0	-0
11.408	-0.2638	0	-0
12.874	-0.2638	0	-0
14.341	-0.2638	0	-0
15.807	-0.2638	0	-0
-14.985	-1.7301	0	-0
-13.519	-1.7301	0	-0
-12.053	-1.7301	0	-0
-10.587	-1.7301	0	-0
-9.1202	-1.7301	0	-0
-7.6539	-1.7301	0	-0
-6.1876	-1.7301	0	-0
-4.7213	-1.7301	0	-0
-3.255	-1.7301	0	-0
-1.7887	-1.7301	0.039258	-0.050165
-0.32241	-1.7301	0.027063	-0.046199
1.1439	-1.7301	0.012606	-0.037901
2.6102	-1.7301	0.0017452	-0.044373
4.0765	-1.7301	-0.0019832	-0.04706
5.5428	-1.7301	-0.0073644	-0.04472
7.0091	-1.7301	-0.017491	-0.033607
8.4754	-1.7301	-0.020602	-0.025335
9.9417	-1.7301	0	-0
11.408	-1.7301	0	-0
12.874	-1.7301	0	-0
14.341	-1.7301	0	-0
15.807	-1.7301	0	-0
-14.985	-3.1964	0	-0
-13.519	-3.1964	0	-0
-12.053	-3.1964	0	-0
-10.587	-3.1964	0	-0
-9.1202	-3.1964	0	-0
-7.6539	-3.1964	0	-0
-6.1876	-3.1964	0	-0
-4.7213	-3.1964	0	-0
-3.255	-3.1964	0	-0
-1.7887	-3.1964	0.042527	-0.12441
-0.32241	-3.1964	0.027882	-0.1002
1.1439	-3.1964	0.0072875	-0.083739
2.6102	-3.1964	-0.0046433	-0.073726
4.0765	-3.1964	-0.0059051	-0.065244
5.5428	-3.1964	-0.0084718	-0.058009
7.0091	-3.1964	-0.012369	-0.045708
8.4754	-3.1964	-0.015696	-0.032898
9.9417	-3.1964	0	-0
11.408	-3.1964	0	-0
12.874	-3.1964	0	-0
14.341	-3.1964	0	-0
15.807	-3.1964	0	-0
-14.985	-4.6627	0	-0
-13.519	-4.6627	0	-0
-12.053	-4.6627	0	-0
-10.587	-4.6627	0	-0
-9.1202	-4.6627	0	-0
-7.6539	-4.6627	0	-0
-6.1876	-4.6627	0	-0
-4.7213	-4.6627	0	-0
-3.255	-4.6627	0	-0
-1.7887	-4.6627	0.04805	-0.19559
-0.32241	-4.6627	0.04257	-0.16584
1.1439	-4.6627	0.0269	-0.13807
2.6102	-4.6627	0.0098027	-0.10816
4.0765	-4.6627	0.0023422	-0.086822
5.5428	-4.6627	0.0014179	-0.071469
7.0091	-4.6627	-0.001845	-0.057388
8.4754	-4.6627	-0.006832	-0.040409
9.9417	-4.6627	0	-0
11.408	-4.6627	0	-0
12.874	-4.6627	0	-0
14.341	-4.6627	0	-0
15.807	-4.6627	0	-0
-14.985	-6.129	0	-0
-13.519	-6.129	0	-0
-12.053	-6.129	0	-0
-10.587	-6.129	0	-0
-9.1202	-6.129	0	-0
-7.6539	-6.129	0	-0
-6.1876	-6.129	0	-0
-4.7213	-6.129	0	-0
-3.255	-6.129	0	-0
-1.7887	-6.129	0.066453	-0.242
-0.32241	-6.129	0.059801	-0.20752
1.1439	-6.129	0.051114	-0.1819
2.6102	-6.129	0.037005	-0.15317
4.0765	-6.129	0.027593	-0.11957
5.5428	-6.129	0.019998	-0.09092
7.0091	-6.129	0.012203	-0.071224
8.4754	-6.129	0.0042456	-0.053064
9.9417	-6.129	0	-0
11.408	-6.129	0	-0
12.874	-6.129	0	-0
14.341	-6.129	0	-0
15.807	-6.129	0	-0
-14.985	-7.5953	0	-0
-13.519	-7.5953	0	-0
-12.053	-7.5953	0	-0
-10.587	-7.5953	0	-0
-9.1202	-7.5953	0	-0
-7.6539	-7.5953	0	-0
-6.1876	-7.5953	0	-0
-4.7213	-7.5953	0	-0
-3.255	-7.5953	0	-0
-1.7887	-7.5953	0.080727	-0.28589
-0.32241	-7.5953	0.075924	-0.24359
1.1439	-7.5953	0.069406	-0.21207
2.6102	-7.5953	0.056208	-0.18663
4.0765	-7.5953	0.047596	-0.15483
5.5428	-7.5953	0.041901	-0.1179
7.0091	-7.5953	0.031623	-0.089872
8.4754	-7.5953	0.018032	-0.067602
9.9417	-7.5953	0	-0
11.408	-7.5953	0	-0
12.874	-7.5953	0	-0
14.341	-7.5953	0	-0
15.807	-7.5953	0	-0
-14.985	-9.0616	0	-0
-13.519	-9.0616	0	-0
-12.053	-9.0616	0	-0
-10.587	-9.0616	0	-0
-9.1202	-9.0616	0	-0
-7.6539	-9.0616	0	-0
-6.1876	-9.0616	0	-0
-4.7213	-9.0616	0	-0
-3.255	-9.0616	0	-0
-1.7887	-9.0616	0.09633	-0.34347
-0.32241	-9.0616	0.091966	-0.28672
1.1439	-9.0616	0.082347	-0.24361
2.6102	-9.0616	0.073837	-0.21201
4.0765	-9.0616	0.066493	-0.18274
5.5428	-9.0616	0.059198	-0.15157
7.0091	-9.0616	0.052891	-0.11927
8.4754	-9.0616	0.042335	-0.08919
9.9417	-9.0616	0	-0
11.408	-9.0616	0	-0
12.874	-9.0616	0	-0
14.341	-9.0616	0	-0
15.807	-9.0616	0	-0
-14.985	-10.528	0	-0
-13.519	-10.528	0	-0
-12.053	-10.528	0	-0
-10.587	-10.528	0	-0
-9.1202	-10.528	0	-0
-7.6539	-10.528	0	-0
-6.1876	-10.528	0	-0
-4.7213	-10.528	0	-0
-3.255	-10.528	0	-0
-1.7887	-10.528	0.10946	-0.40433
-0.32241	-10.528	0.10567	-0.34722
1.1439	-10.528	0.098341	-0.29252
2.6102	-10.528	0.090802	-0.24735
4.0765	-10.528	0.084709	-0.21356
5.5428	-10.528	0.079988	-0.18449
7.0091	-10.528	0.077829	-0.15703
8.4754	-10.528	0.069762	-0.12873
9.9417	-10.528	0	-0
11.408	-10.528	0	-0
12.874	-10.528	0	-0
14.341	-10.528	0	-0
15.807	-10.528	0	-0
-14.985	-11.994	0	-0
-13.519	-11.994	0	-0
-12.053	-11.994	0	-0
-10.587	-11.994	0	-0
-9.1202	-11.994	0	-0
-7.6539	-11.994	0	-0
-6.1876	-11.994	0	-0
-4.7213	-11.994	0	-0
-3.255	-11.994	0	-0
-1.7887	-11.994	0	-0
-0.32241	-11.994	0	-0
1.1439	-11.994	0	-0
2.6102	-11.994	0	-0
4.0765	-11.994	0	-0
5.5428	-11.994	0	-0
7.0091	-11.994	0	-0
8.4754	-11.994	0	-0
9.9417	-11.994	0	-0
11.408	-11.994	0	-0
12.874	-11.994	0	-0
14.341	-11.994	0	-0
15.807	-11.994	0	-0
