#DaVis 7.4.0 2D-vector 96 22 22 "" "[mm]" "" "[mm]" "displacement" "[mm]"
-14.985	18.798	0	-0
-13.519	18.798	0	-0
-12.053	18.798	0	-0
-10.587	18.798	0	-0
-9.1202	18.798	0	-0
-7.6539	18.798	0	-0
-6.1876	18.798	0	-0
-4.7213	18.798	0	-0
-3.255	18.798	0	-0
-1.7887	18.798	-0.11416	0.1136
-0.32241	18.798	-0.52776	0.05698
1.1439	18.798	0.36782	0.74741
2.6102	18.798	-0.13159	0.81081
4.0765	18.798	-0.45273	0.72772
5.5428	18.798	-0.67506	-0.54323
7.0091	18.798	-0.41796	0.87466
8.4754	18.798	-0.27663	-0.14832
9.9417	18.798	0	-0
11.408	18.798	0	-0
12.874	18.798	0	-0
14.341	18.798	0	-0
15.807	18.798	0	-0
-14.985	17.332	0	-0
-13.519	17.332	0	-0
-12.053	17.332	0	-0
-10.587	17.332	0	-0
-9.1202	17.332	0	-0
-7.6539	17.332	0	-0
-6.1876	17.332	0	-0
-4.7213	17.332	0	-0
-3.255	17.332	0	-0
-1.7887	17.332	-0.087227	0.23
-0.32241	17.332	-0.75274	0.64759
1.1439	17.332	-0.11479	0.33504
2.6102	17.332	-0.12483	0.37746
4.0765	17.332	-0.14472	0.43659
5.5428	17.332	-0.17398	0.4628
7.0091	17.332	-0.67041	-0.3802
8.4754	17.332	-0.016724	-0.38033
9.9417	17.332	0	-0
11.408	17.332	0	-0
12.874	17.332	0	-0
14.341	17.332	0	-0
15.807	17.332	0	-0
-14.985	15.866	0	-0
-13.519	15.866	0	-0
-12.053	15.866	0	-0
-10.587	15.866	0	-0
-9.1202	15.866	0	-0
-7.6539	15.866	0	-0
-6.1876	15.866	0	-0
-4.7213	15.866	0	-0
-3.255	15.866	0	-0
-1.7887	15.866	-0.033893	0.1999
-0.32241	15.866	-0.055105	0.26095
1.1439	15.866	-0.07074	0.30067
2.6102	15.866	-0.085042	0.3447
4.0765	15.866	-0.11664	0.39017
5.5428	15.866	-0.15445	0.40984
7.0091	15.866	-0.18855	0.409
8.4754	15.866	-0.21131	0.37155
9.9417	15.866	0	-0
11.408	15.866	0	-0
12.874	15.866	0	-0
14.341	15.866	0	-0
15.807	15.866	0	-0
-14.985	14.399	0	-0
-13.519	14.399	0	-0
-12.053	14.399	0	-0
-10.587	14.399	0	-0
-9.1202	14.399	0	-0
-7.6539	14.399	0	-0
-6.1876	14.399	0	-0
-4.7213	14.399	0	-0
-3.255	14.399	0	-0
-1.7887	14.399	0.010737	0.18388
-0.32241	14.399	0.00032627	0.2234
1.1439	14.399	-0.023078	0.25702
2.6102	14.399	-0.045625	0.29233
4.0765	14.399	-0.0942	0.32296
5.5428	14.399	-0.13898	0.32384
7.0091	14.399	-0.20164	0.32292
8.4754	14.399	-0.2166	0.31821
9.9417	14.399	0	-0
11.408	14.399	0	-0
12.874	14.399	0	-0
14.341	14.399	0	-0
15.807	14.399	0	-0
-14.985	12.933	0	-0
-13.519	12.933	0	-0
-12.053	12.933	0	-0
-10.587	12.933	0	-0
-9.1202	12.933	0	-0
-7.6539	12.933	0	-0
-6.1876	12.933	0	-0
-4.7213	12.933	0	-0
-3.255	12.933	0	-0
-1.7887	12.933	0.039497	0.14126
-0.32241	12.933	0.037157	0.17645
1.1439	12.933	0.023639	0.20594
2.6102	12.933	-0.015907	0.22932
4.0765	12.933	-0.072201	0.23937
5.5428	12.933	-0.12492	0.24247
7.0091	12.933	-0.1665	0.2481
8.4754	12.933	-0.18926	0.25499
9.9417	12.933	0	-0
11.408	12.933	0	-0
12.874	12.933	0	-0
14.341	12.933	0	-0
15.807	12.933	0	-0
-14.985	11.467	0	-0
-13.519	11.467	0	-0
-12.053	11.467	0	-0
-10.587	11.467	0	-0
-9.1202	11.467	0	-0
-7.6539	11.467	0	-0
-6.1876	11.467	0	-0
-4.7213	11.467	0	-0
-3.255	11.467	0	-0
-1.7887	11.467	0.054968	0.1007
-0.32241	11.467	0.045188	0.12828
1.1439	11.467	0.02923	0.1521
2.6102	11.467	-0.0082693	0.15717
4.0765	11.467	-0.059401	0.16198
5.5428	11.467	-0.097193	0.17475
7.0091	11.467	-0.13116	0.19128
8.4754	11.467	-0.14529	0.21192
9.9417	11.467	0	-0
11.408	11.467	0	-0
12.874	11.467	0	-0
14.341	11.467	0	-0
15.807	11.467	0	-0
-14.985	10	0	-0
-13.519	10	0	-0
-12.053	10	0	-0
-10.587	10	0	-0
-9.1202	10	0	-0
-7.6539	10	0	-0
-6.1876	10	0	-0
-4.7213	10	0	-0
-3.255	10	0	-0
-1.7887	10	0.046489	0.074954
-0.32241	10	0.057888	0.090077
1.1439	10	0.030293	0.10421
2.6102	10	-0.0043993	0.10159
4.0765	10	-0.035699	0.099684
5.5428	10	-0.066674	0.1129
7.0091	10	-0.091136	0.14526
8.4754	10	-0.10483	0.1754
9.9417	10	0	-0
11.408	10	0	-0
12.874	10	0	-0
14.341	10	0	-0
15.807	10	0	-0
-14.985	8.534	0	-0
-13.519	8.534	0	-0
-12.053	8.534	0	-0
-10.587	8.534	0	-0
-9.1202	8.534	0	-0
-7.6539	8.534	0	-0
-6.1876	8.534	0	-0
-4.7213	8.534	0	-0
-3.255	8.534	0	-0
-1.7887	8.534	0.044781	0.060868
-0.32241	8.534	0.046318	0.060368
1.1439	8.534	0.022333	0.06748
2.6102	8.534	-0.0036758	0.071601
4.0765	8.534	-0.021278	0.073967
5.5428	8.534	-0.031975	0.082103
7.0091	8.534	-0.049051	0.10155
8.4754	8.534	-0.058737	0.1291
9.9417	8.534	0	-0
11.408	8.534	0	-0
12.874	8.534	0	-0
14.341	8.534	0	-0
15.807	8.534	0	-0
-14.985	7.0677	0	-0
-13.519	7.0677	0	-0
-12.053	7.0677	0	-0
-10.587	7.0677	0	-0
-9.1202	7.0677	0	-0
-7.6539	7.0677	0	-0
-6.1876	7.0677	0	-0
-4.7213	7.0677	0	-0
-3.255	7.0677	0	-0
-1.7887	7.0677	0.02991	0.041388
-0.32241	7.0677	0.028187	0.039704
1.1439	7.0677	0.014358	0.04408
2.6102	7.0677	-0.0012761	0.053945
4.0765	7.0677	-0.011794	0.060817
5.5428	7.0677	-0.018469	0.069281
7.0091	7.0677	-0.028039	0.077632
8.4754	7.0677	-0.02999	0.091161
9.9417	7.0677	0	-0
11.408	7.0677	0	-0
12.874	7.0677	0	-0
14.341	7.0677	0	-0
15.807	7.0677	0	-0
-14.985	5.6014	0	-0
-13.519	5.6014	0	-0
-12.053	5.6014	0	-0
-10.587	5.6014	0	-0
-9.1202	5.6014	0	-0
-7.6539	5.6014	0	-0
-6.1876	5.6014	0	-0
-4.7213	5.6014	0	-0
-3.255	5.6014	0	-0
-1.7887	5.6014	0.017344	0.027533
-0.32241	5.6014	0.020396	0.026415
1.1439	5.6014	0.011499	0.029153
2.6102	5.6014	0.003143	0.040656
4.0765	5.6014	-0.0053831	0.050695
5.5428	5.6014	-0.01264	0.057862
7.0091	5.6014	-0.025862	0.059448
8.4754	5.6014	-0.033283	0.062644
9.9417	5.6014	0	-0
11.408	5.6014	0	-0
12.874	5.6014	0	-0
14.341	5.6014	0	-0
15.807	5.6014	0	-0
-14.985	4.1351	0	-0
-13.519	4.1351	0	-0
-12.053	4.1351	0	-0
-10.587	4.1351	0	-0
-9.1202	4.1351	0	-0
-7.6539	4.1351	0	-0
-6.1876	4.1351	0	-0
-4.7213	4.1351	0	-0
-3.255	4.1351	0	-0
-1.7887	4.1351	0.022045	0.019791
-0.32241	4.1351	0.020753	0.02069
1.1439	4.1351	0.015419	0.022653
2.6102	4.1351	0.0087834	0.030853
4.0765	4.1351	-0.00083983	0.039
5.5428	4.1351	-0.012126	0.04106
7.0091	4.1351	-0.023122	0.038747
8.4754	4.1351	-0.031146	0.038646
9.9417	4.1351	0	-0
11.408	4.1351	0	-0
12.874	4.1351	0	-0
14.341	4.1351	0	-0
15.807	4.1351	0	-0
-14.985	2.6688	0	-0
-13.519	2.6688	0	-0
-12.053	2.6688	0	-0
-10.587	2.6688	0	-0
-9.1202	2.6688	0	-0
-7.6539	2.6688	0	-0
-6.1876	2.6688	0	-0
-4.7213	2.6688	0	-0
-3.255	2.6688	0	-0
-1.7887	2.6688	0.026906	0.010556
-0.32241	2.6688	0.02741	0.012293
1.1439	2.6688	0.02497	0.015295
2.6102	2.6688	0.018119	0.019832
4.0765	2.6688	0.0055927	0.023452
5.5428	2.6688	-0.0099559	0.023116
7.0091	2.6688	-0.018955	0.018784
8.4754	2.6688	-0.025086	0.018747
9.9417	2.6688	0	-0
11.408	2.6688	0	-0
12.874	2.6688	0	-0
14.341	2.6688	0	-0
15.807	2.6688	0	-0
-14.985	1.2025	0	-0
-13.519	1.2025	0	-0
-12.053	1.2025	0	-0
-10.587	1.2025	0	-0
-9.1202	1.2025	0	-0
-7.6539	1.2025	0	-0
-6.1876	1.2025	0	-0
-4.7213	1.2025	0	-0
-3.255	1.2025	0	-0
-1.7887	1.2025	0.029955	5.2974e-005
-0.32241	1.2025	0.031562	0.0029077
1.1439	1.2025	0.02894	0.0063978
2.6102	1.2025	0.020989	0.0036245
4.0765	1.2025	0.010324	0.00023426
5.5428	1.2025	-0.006002	0.0011312
7.0091	1.2025	-0.014533	0.0010311
8.4754	1.2025	-0.023185	0.0013909
9.9417	1.2025	0	-0
11.408	1.2025	0	-0
12.874	1.2025	0	-0
14.341	1.2025	0	-0
15.807	1.2025	0	-0
-14.985	-0.2638	0	-0
-13.519	-0.2638	0	-0
-12.053	-0.2638	0	-0
-10.587	-0.2638	0	-0
-9.1202	-0.2638	0	-0
-7.6539	-0.2638	0	-0
-6.1876	-0.2638	0	-0
-4.7213	-0.2638	0	-0
-3.255	-0.2638	0	-0
-1.7887	-0.2638	0.029684	-0.012669
-0.32241	-0.2638	0.030431	-0.010455
1.1439	-0.2638	0.022205	-0.010969
2.6102	-0.2638	0.014619	-0.019411
4.0765	-0.2638	0.0062064	-0.022213
5.5428	-0.2638	-0.0057467	-0.021329
7.0091	-0.2638	-0.013779	-0.017368
8.4754	-0.2638	-0.019454	-0.014138
9.9417	-0.2638	0	-0
11.408	-0.2638	0	-0
12.874	-0.2638	0	-0
14.341	-0.2638	0	-0
15.807	-0.2638	0	-0
-14.985	-1.7301	0	-0
-13.519	-1.7301	0	-0
-12.053	-1.7301	0	-0
-10.587	-1.7301	0	-0
-9.1202	-1.7301	0	-0
-7.6539	-1.7301	0	-0
-6.1876	-1.7301	0	-0
-4.7213	-1.7301	0	-0
-3.255	-1.7301	0	-0
-1.7887	-1.7301	0.031519	-0.046171
-0.32241	-1.7301	0.022542	-0.042868
1.1439	-1.7301	0.010698	-0.034974
2.6102	-1.7301	0.0013727	-0.03953
4.0765	-1.7301	-0.0021257	-0.041925
5.5428	-1.7301	-0.0065777	-0.039772
7.0091	-1.7301	-0.015122	-0.031065
8.4754	-1.7301	-0.017571	-0.024988
9.9417	-1.7301	0	-0
11.408	-1.7301	0	-0
12.874	-1.7301	0	-0
14.341	-1.7301	0	-0
15.807	-1.7301	0	-0
-14.985	-3.1964	0	-0
-13.519	-3.1964	0	-0
-12.053	-3.1964	0	-0
-10.587	-3.1964	0	-0
-9.1202	-3.1964	0	-0
-7.6539	-3.1964	0	-0
-6.1876	-3.1964	0	-0
-4.7213	-3.1964	0	-0
-3.255	-3.1964	0	-0
-1.7887	-3.1964	0.033479	-0.10737
-0.32241	-3.1964	0.022741	-0.086032
1.1439	-3.1964	0.004778	-0.072685
2.6102	-3.1964	-0.0044097	-0.064897
4.0765	-3.1964	-0.0057895	-0.057926
5.5428	-3.1964	-0.0083765	-0.051435
7.0091	-3.1964	-0.011787	-0.041749
8.4754	-3.1964	-0.014098	-0.031751
9.9417	-3.1964	0	-0
11.408	-3.1964	0	-0
12.874	-3.1964	0	-0
14.341	-3.1964	0	-0
15.807	-3.1964	0	-0
-14.985	-4.6627	0	-0
-13.519	-4.6627	0	-0
-12.053	-4.6627	0	-0
-10.587	-4.6627	0	-0
-9.1202	-4.6627	0	-0
-7.6539	-4.6627	0	-0
-6.1876	-4.6627	0	-0
-4.7213	-4.6627	0	-0
-3.255	-4.6627	0	-0
-1.7887	-4.6627	0.036438	-0.16451
-0.32241	-4.6627	0.033326	-0.14033
1.1439	-4.6627	0.020435	-0.11709
2.6102	-4.6627	0.0068194	-0.093159
4.0765	-4.6627	0.00079177	-0.076478
5.5428	-4.6627	-0.00028436	-0.063716
7.0091	-4.6627	-0.0032169	-0.052312
8.4754	-4.6627	-0.0072402	-0.038538
9.9417	-4.6627	0	-0
11.408	-4.6627	0	-0
12.874	-4.6627	0	-0
14.341	-4.6627	0	-0
15.807	-4.6627	0	-0
-14.985	-6.129	0	-0
-13.519	-6.129	0	-0
-12.053	-6.129	0	-0
-10.587	-6.129	0	-0
-9.1202	-6.129	0	-0
-7.6539	-6.129	0	-0
-6.1876	-6.129	0	-0
-4.7213	-6.129	0	-0
-3.255	-6.129	0	-0
-1.7887	-6.129	0.051522	-0.20279
-0.32241	-6.129	0.046835	-0.17494
1.1439	-6.129	0.039802	-0.15386
2.6102	-6.129	0.028512	-0.13039
4.0765	-6.129	0.020956	-0.10283
5.5428	-6.129	0.014253	-0.080141
7.0091	-6.129	0.0074469	-0.064213
8.4754	-6.129	0.00075689	-0.050326
9.9417	-6.129	0	-0
11.408	-6.129	0	-0
12.874	-6.129	0	-0
14.341	-6.129	0	-0
15.807	-6.129	0	-0
-14.985	-7.5953	0	-0
-13.519	-7.5953	0	-0
-12.053	-7.5953	0	-0
-10.587	-7.5953	0	-0
-9.1202	-7.5953	0	-0
-7.6539	-7.5953	0	-0
-6.1876	-7.5953	0	-0
-4.7213	-7.5953	0	-0
-3.255	-7.5953	0	-0
-1.7887	-7.5953	0.062659	-0.24073
-0.32241	-7.5953	0.05799	-0.20629
1.1439	-7.5953	0.052048	-0.17988
2.6102	-7.5953	0.042165	-0.15889
4.0765	-7.5953	0.035636	-0.13212
5.5428	-7.5953	0.029922	-0.10276
7.0091	-7.5953	0.021547	-0.080295
8.4754	-7.5953	0.011303	-0.062387
9.9417	-7.5953	0	-0
11.408	-7.5953	0	-0
12.874	-7.5953	0	-0
14.341	-7.5953	0	-0
15.807	-7.5953	0	-0
-14.985	-9.0616	0	-0
-13.519	-9.0616	0	-0
-12.053	-9.0616	0	-0
-10.587	-9.0616	0	-0
-9.1202	-9.0616	0	-0
-7.6539	-9.0616	0	-0
-6.1876	-9.0616	0	-0
-4.7213	-9.0616	0	-0
-3.255	-9.0616	0	-0
-1.7887	-9.0616	0.074467	-0.29136
-0.32241	-9.0616	0.071125	-0.24269
1.1439	-9.0616	0.062991	-0.20646
2.6102	-9.0616	0.055813	-0.18053
4.0765	-9.0616	0.049199	-0.1574
5.5428	-9.0616	0.043773	-0.13126
7.0091	-9.0616	0.038919	-0.105
8.4754	-9.0616	0.030505	-0.081293
9.9417	-9.0616	0	-0
11.408	-9.0616	0	-0
12.874	-9.0616	0	-0
14.341	-9.0616	0	-0
15.807	-9.0616	0	-0
-14.985	-10.528	0	-0
-13.519	-10.528	0	-0
-12.053	-10.528	0	-0
-10.587	-10.528	0	-0
-9.1202	-10.528	0	-0
-7.6539	-10.528	0	-0
-6.1876	-10.528	0	-0
-4.7213	-10.528	0	-0
-3.255	-10.528	0	-0
-1.7887	-10.528	0.085055	-0.34531
-0.32241	-10.528	0.082444	-0.29684
1.1439	-10.528	0.075776	-0.24928
2.6102	-10.528	0.0692	-0.21074
4.0765	-10.528	0.064606	-0.18267
5.5428	-10.528	0.060025	-0.15919
7.0091	-10.528	0.059142	-0.13666
8.4754	-10.528	0.052705	-0.11432
9.9417	-10.528	0	-0
11.408	-10.528	0	-0
12.874	-10.528	0	-0
14.341	-10.528	0	-0
15.807	-10.528	0	-0
-14.985	-11.994	0	-0
-13.519	-11.994	0	-0
-12.053	-11.994	0	-0
-10.587	-11.994	0	-0
-9.1202	-11.994	0	-0
-7.6539	-11.994	0	-0
-6.1876	-11.994	0	-0
-4.7213	-11.994	0	-0
-3.255	-11.994	0	-0
-1.7887	-11.994	0	-0
-0.32241	-11.994	0	-0
1.1439	-11.994	0	-0
2.6102	-11.994	0	-0
4.0765	-11.994	0	-0
5.5428	-11.994	0	-0
7.0091	-11.994	0	-0
8.4754	-11.994	0	-0
9.9417	-11.994	0	-0
11.408	-11.994	0	-0
12.874	-11.994	0	-0
14.341	-11.994	0	-0
15.807	-11.994	0	-0
