#DaVis 7.4.0 2D-vector 96 22 22 "" "[mm]" "" "[mm]" "displacement" "[mm]"
-14.985	18.798	0	-0
-13.519	18.798	0	-0
-12.053	18.798	0	-0
-10.587	18.798	0	-0
-9.1202	18.798	0	-0
-7.6539	18.798	0	-0
-6.1876	18.798	0	-0
-4.7213	18.798	0	-0
-3.255	18.798	0	-0
-1.7887	18.798	-0.13911	0.23062
-0.32241	18.798	-0.60514	0.1401
1.1439	18.798	-0.58568	0.86717
2.6102	18.798	0	-0
4.0765	18.798	0	-0
5.5428	18.798	0	-0
7.0091	18.798	0	-0
8.4754	18.798	0	-0
9.9417	18.798	0	-0
11.408	18.798	0	-0
12.874	18.798	0	-0
14.341	18.798	0	-0
15.807	18.798	0	-0
-14.985	17.332	0	-0
-13.519	17.332	0	-0
-12.053	17.332	0	-0
-10.587	17.332	0	-0
-9.1202	17.332	0	-0
-7.6539	17.332	0	-0
-6.1876	17.332	0	-0
-4.7213	17.332	0	-0
-3.255	17.332	0	-0
-1.7887	17.332	-0.10355	0.31544
-0.32241	17.332	-0.75706	0.72137
1.1439	17.332	0.56957	0.22914
2.6102	17.332	-0.14222	0.4891
4.0765	17.332	-0.16947	0.54941
5.5428	17.332	-0.48091	0.29684
7.0091	17.332	-0.70652	-0.32943
8.4754	17.332	-0.0064889	-0.38092
9.9417	17.332	0	-0
11.408	17.332	0	-0
12.874	17.332	0	-0
14.341	17.332	0	-0
15.807	17.332	0	-0
-14.985	15.866	0	-0
-13.519	15.866	0	-0
-12.053	15.866	0	-0
-10.587	15.866	0	-0
-9.1202	15.866	0	-0
-7.6539	15.866	0	-0
-6.1876	15.866	0	-0
-4.7213	15.866	0	-0
-3.255	15.866	0	-0
-1.7887	15.866	-0.029206	0.28203
-0.32241	15.866	-0.058266	0.35055
1.1439	15.866	-0.077257	0.39859
2.6102	15.866	-0.097948	0.45218
4.0765	15.866	-0.13617	0.50578
5.5428	15.866	-0.18566	0.53833
7.0091	15.866	-0.23025	0.53502
8.4754	15.866	-0.26444	0.4976
9.9417	15.866	0	-0
11.408	15.866	0	-0
12.874	15.866	0	-0
14.341	15.866	0	-0
15.807	15.866	0	-0
-14.985	14.399	0	-0
-13.519	14.399	0	-0
-12.053	14.399	0	-0
-10.587	14.399	0	-0
-9.1202	14.399	0	-0
-7.6539	14.399	0	-0
-6.1876	14.399	0	-0
-4.7213	14.399	0	-0
-3.255	14.399	0	-0
-1.7887	14.399	0.029271	0.24125
-0.32241	14.399	0.014455	0.30595
1.1439	14.399	-0.01627	0.34392
2.6102	14.399	-0.048256	0.38892
4.0765	14.399	-0.10773	0.41561
5.5428	14.399	-0.16497	0.42645
7.0091	14.399	-0.23997	0.41978
8.4754	14.399	-0.27741	0.41236
9.9417	14.399	0	-0
11.408	14.399	0	-0
12.874	14.399	0	-0
14.341	14.399	0	-0
15.807	14.399	0	-0
-14.985	12.933	0	-0
-13.519	12.933	0	-0
-12.053	12.933	0	-0
-10.587	12.933	0	-0
-9.1202	12.933	0	-0
-7.6539	12.933	0	-0
-6.1876	12.933	0	-0
-4.7213	12.933	0	-0
-3.255	12.933	0	-0
-1.7887	12.933	0.077208	0.20669
-0.32241	12.933	0.062842	0.24688
1.1439	12.933	0.035078	0.27297
2.6102	12.933	-0.0072152	0.30791
4.0765	12.933	-0.080657	0.32407
5.5428	12.933	-0.15727	0.31852
7.0091	12.933	-0.20095	0.32354
8.4754	12.933	-0.23633	0.32779
9.9417	12.933	0	-0
11.408	12.933	0	-0
12.874	12.933	0	-0
14.341	12.933	0	-0
15.807	12.933	0	-0
-14.985	11.467	0	-0
-13.519	11.467	0	-0
-12.053	11.467	0	-0
-10.587	11.467	0	-0
-9.1202	11.467	0	-0
-7.6539	11.467	0	-0
-6.1876	11.467	0	-0
-4.7213	11.467	0	-0
-3.255	11.467	0	-0
-1.7887	11.467	0.085861	0.15601
-0.32241	11.467	0.07277	0.18031
1.1439	11.467	0.041675	0.20657
2.6102	11.467	-0.0034591	0.21459
4.0765	11.467	-0.068319	0.22199
5.5428	11.467	-0.12364	0.23065
7.0091	11.467	-0.16292	0.25063
8.4754	11.467	-0.18168	0.27145
9.9417	11.467	0	-0
11.408	11.467	0	-0
12.874	11.467	0	-0
14.341	11.467	0	-0
15.807	11.467	0	-0
-14.985	10	0	-0
-13.519	10	0	-0
-12.053	10	0	-0
-10.587	10	0	-0
-9.1202	10	0	-0
-7.6539	10	0	-0
-6.1876	10	0	-0
-4.7213	10	0	-0
-3.255	10	0	-0
-1.7887	10	0.086282	0.10881
-0.32241	10	0.088442	0.12805
1.1439	10	0.045555	0.14834
2.6102	10	0.0024415	0.14619
4.0765	10	-0.040903	0.14047
5.5428	10	-0.080876	0.15508
7.0091	10	-0.11264	0.19291
8.4754	10	-0.12859	0.22605
9.9417	10	0	-0
11.408	10	0	-0
12.874	10	0	-0
14.341	10	0	-0
15.807	10	0	-0
-14.985	8.534	0	-0
-13.519	8.534	0	-0
-12.053	8.534	0	-0
-10.587	8.534	0	-0
-9.1202	8.534	0	-0
-7.6539	8.534	0	-0
-6.1876	8.534	0	-0
-4.7213	8.534	0	-0
-3.255	8.534	0	-0
-1.7887	8.534	0.08215	0.088148
-0.32241	8.534	0.072676	0.086185
1.1439	8.534	0.038794	0.097528
2.6102	8.534	0.0030764	0.10454
4.0765	8.534	-0.023105	0.10624
5.5428	8.534	-0.037568	0.11466
7.0091	8.534	-0.059132	0.13731
8.4754	8.534	-0.070947	0.17011
9.9417	8.534	0	-0
11.408	8.534	0	-0
12.874	8.534	0	-0
14.341	8.534	0	-0
15.807	8.534	0	-0
-14.985	7.0677	0	-0
-13.519	7.0677	0	-0
-12.053	7.0677	0	-0
-10.587	7.0677	0	-0
-9.1202	7.0677	0	-0
-7.6539	7.0677	0	-0
-6.1876	7.0677	0	-0
-4.7213	7.0677	0	-0
-3.255	7.0677	0	-0
-1.7887	7.0677	0.057152	0.062255
-0.32241	7.0677	0.04823	0.058772
1.1439	7.0677	0.026539	0.064591
2.6102	7.0677	0.0038883	0.076598
4.0765	7.0677	-0.012462	0.086359
5.5428	7.0677	-0.021933	0.097552
7.0091	7.0677	-0.034251	0.10669
8.4754	7.0677	-0.035172	0.12391
9.9417	7.0677	0	-0
11.408	7.0677	0	-0
12.874	7.0677	0	-0
14.341	7.0677	0	-0
15.807	7.0677	0	-0
-14.985	5.6014	0	-0
-13.519	5.6014	0	-0
-12.053	5.6014	0	-0
-10.587	5.6014	0	-0
-9.1202	5.6014	0	-0
-7.6539	5.6014	0	-0
-6.1876	5.6014	0	-0
-4.7213	5.6014	0	-0
-3.255	5.6014	0	-0
-1.7887	5.6014	0.033975	0.042439
-0.32241	5.6014	0.034257	0.039789
1.1439	5.6014	0.020216	0.043051
2.6102	5.6014	0.0079697	0.059827
4.0765	5.6014	-0.0049242	0.072628
5.5428	5.6014	-0.015853	0.082557
7.0091	5.6014	-0.032888	0.084764
8.4754	5.6014	-0.042378	0.08773
9.9417	5.6014	0	-0
11.408	5.6014	0	-0
12.874	5.6014	0	-0
14.341	5.6014	0	-0
15.807	5.6014	0	-0
-14.985	4.1351	0	-0
-13.519	4.1351	0	-0
-12.053	4.1351	0	-0
-10.587	4.1351	0	-0
-9.1202	4.1351	0	-0
-7.6539	4.1351	0	-0
-6.1876	4.1351	0	-0
-4.7213	4.1351	0	-0
-3.255	4.1351	0	-0
-1.7887	4.1351	0.036995	0.031442
-0.32241	4.1351	0.03311	0.031425
1.1439	4.1351	0.025693	0.033602
2.6102	4.1351	0.015621	0.045025
4.0765	4.1351	0.001013	0.058057
5.5428	4.1351	-0.015547	0.061116
7.0091	4.1351	-0.030128	0.057979
8.4754	4.1351	-0.039778	0.058849
9.9417	4.1351	0	-0
11.408	4.1351	0	-0
12.874	4.1351	0	-0
14.341	4.1351	0	-0
15.807	4.1351	0	-0
-14.985	2.6688	0	-0
-13.519	2.6688	0	-0
-12.053	2.6688	0	-0
-10.587	2.6688	0	-0
-9.1202	2.6688	0	-0
-7.6539	2.6688	0	-0
-6.1876	2.6688	0	-0
-4.7213	2.6688	0	-0
-3.255	2.6688	0	-0
-1.7887	2.6688	0.041641	0.020259
-0.32241	2.6688	0.041317	0.021235
1.1439	2.6688	0.037374	0.024869
2.6102	2.6688	0.027149	0.030999
4.0765	2.6688	0.010779	0.03653
5.5428	2.6688	-0.011627	0.037104
7.0091	2.6688	-0.024255	0.032887
8.4754	2.6688	-0.031511	0.034881
9.9417	2.6688	0	-0
11.408	2.6688	0	-0
12.874	2.6688	0	-0
14.341	2.6688	0	-0
15.807	2.6688	0	-0
-14.985	1.2025	0	-0
-13.519	1.2025	0	-0
-12.053	1.2025	0	-0
-10.587	1.2025	0	-0
-9.1202	1.2025	0	-0
-7.6539	1.2025	0	-0
-6.1876	1.2025	0	-0
-4.7213	1.2025	0	-0
-3.255	1.2025	0	-0
-1.7887	1.2025	0.044834	0.0086657
-0.32241	1.2025	0.045574	0.010238
1.1439	1.2025	0.041163	0.013836
2.6102	1.2025	0.030661	0.010209
4.0765	1.2025	0.017429	0.0073628
5.5428	1.2025	-0.004851	0.0093684
7.0091	1.2025	-0.017383	0.011297
8.4754	1.2025	-0.028351	0.014145
9.9417	1.2025	0	-0
11.408	1.2025	0	-0
12.874	1.2025	0	-0
14.341	1.2025	0	-0
15.807	1.2025	0	-0
-14.985	-0.2638	0	-0
-13.519	-0.2638	0	-0
-12.053	-0.2638	0	-0
-10.587	-0.2638	0	-0
-9.1202	-0.2638	0	-0
-7.6539	-0.2638	0	-0
-6.1876	-0.2638	0	-0
-4.7213	-0.2638	0	-0
-3.255	-0.2638	0	-0
-1.7887	-0.2638	0.0441	-0.0051144
-0.32241	-0.2638	0.042169	-0.0045948
1.1439	-0.2638	0.03161	-0.0050734
2.6102	-0.2638	0.022231	-0.015362
4.0765	-0.2638	0.012126	-0.021305
5.5428	-0.2638	-0.0028338	-0.019159
7.0091	-0.2638	-0.014823	-0.012238
8.4754	-0.2638	-0.02185	-0.0056501
9.9417	-0.2638	0	-0
11.408	-0.2638	0	-0
12.874	-0.2638	0	-0
14.341	-0.2638	0	-0
15.807	-0.2638	0	-0
-14.985	-1.7301	0	-0
-13.519	-1.7301	0	-0
-12.053	-1.7301	0	-0
-10.587	-1.7301	0	-0
-9.1202	-1.7301	0	-0
-7.6539	-1.7301	0	-0
-6.1876	-1.7301	0	-0
-4.7213	-1.7301	0	-0
-3.255	-1.7301	0	-0
-1.7887	-1.7301	0.046738	-0.049888
-0.32241	-1.7301	0.032476	-0.045712
1.1439	-1.7301	0.018889	-0.035114
2.6102	-1.7301	0.006121	-0.041121
4.0765	-1.7301	0.0023638	-0.044184
5.5428	-1.7301	-0.0029574	-0.040829
7.0091	-1.7301	-0.01405	-0.027931
8.4754	-1.7301	-0.018	-0.018326
9.9417	-1.7301	0	-0
11.408	-1.7301	0	-0
12.874	-1.7301	0	-0
14.341	-1.7301	0	-0
15.807	-1.7301	0	-0
-14.985	-3.1964	0	-0
-13.519	-3.1964	0	-0
-12.053	-3.1964	0	-0
-10.587	-3.1964	0	-0
-9.1202	-3.1964	0	-0
-7.6539	-3.1964	0	-0
-6.1876	-3.1964	0	-0
-4.7213	-3.1964	0	-0
-3.255	-3.1964	0	-0
-1.7887	-3.1964	0.050973	-0.12775
-0.32241	-3.1964	0.034347	-0.10183
1.1439	-3.1964	0.01237	-0.082478
2.6102	-3.1964	0.00088236	-0.071801
4.0765	-3.1964	-0.0013133	-0.063303
5.5428	-3.1964	-0.0037926	-0.054272
7.0091	-3.1964	-0.0081385	-0.040523
8.4754	-3.1964	-0.012552	-0.026029
9.9417	-3.1964	0	-0
11.408	-3.1964	0	-0
12.874	-3.1964	0	-0
14.341	-3.1964	0	-0
15.807	-3.1964	0	-0
-14.985	-4.6627	0	-0
-13.519	-4.6627	0	-0
-12.053	-4.6627	0	-0
-10.587	-4.6627	0	-0
-9.1202	-4.6627	0	-0
-7.6539	-4.6627	0	-0
-6.1876	-4.6627	0	-0
-4.7213	-4.6627	0	-0
-3.255	-4.6627	0	-0
-1.7887	-4.6627	0.058785	-0.20345
-0.32241	-4.6627	0.050793	-0.17114
1.1439	-4.6627	0.034156	-0.14029
2.6102	-4.6627	0.017075	-0.10793
4.0765	-4.6627	0.0088338	-0.085893
5.5428	-4.6627	0.0080026	-0.068125
7.0091	-4.6627	0.0039934	-0.052588
8.4754	-4.6627	-0.003036	-0.033339
9.9417	-4.6627	0	-0
11.408	-4.6627	0	-0
12.874	-4.6627	0	-0
14.341	-4.6627	0	-0
15.807	-4.6627	0	-0
-14.985	-6.129	0	-0
-13.519	-6.129	0	-0
-12.053	-6.129	0	-0
-10.587	-6.129	0	-0
-9.1202	-6.129	0	-0
-7.6539	-6.129	0	-0
-6.1876	-6.129	0	-0
-4.7213	-6.129	0	-0
-3.255	-6.129	0	-0
-1.7887	-6.129	0.078407	-0.25286
-0.32241	-6.129	0.070691	-0.21514
1.1439	-6.129	0.061099	-0.18807
2.6102	-6.129	0.046571	-0.15619
4.0765	-6.129	0.037096	-0.1196
5.5428	-6.129	0.028858	-0.089158
7.0091	-6.129	0.020177	-0.067193
8.4754	-6.129	0.0095183	-0.047349
9.9417	-6.129	0	-0
11.408	-6.129	0	-0
12.874	-6.129	0	-0
14.341	-6.129	0	-0
15.807	-6.129	0	-0
-14.985	-7.5953	0	-0
-13.519	-7.5953	0	-0
-12.053	-7.5953	0	-0
-10.587	-7.5953	0	-0
-9.1202	-7.5953	0	-0
-7.6539	-7.5953	0	-0
-6.1876	-7.5953	0	-0
-4.7213	-7.5953	0	-0
-3.255	-7.5953	0	-0
-1.7887	-7.5953	0.094597	-0.29928
-0.32241	-7.5953	0.089254	-0.25375
1.1439	-7.5953	0.081445	-0.21948
2.6102	-7.5953	0.067992	-0.19148
4.0765	-7.5953	0.059245	-0.15702
5.5428	-7.5953	0.052277	-0.11832
7.0091	-7.5953	0.042227	-0.086414
8.4754	-7.5953	0.027958	-0.061452
9.9417	-7.5953	0	-0
11.408	-7.5953	0	-0
12.874	-7.5953	0	-0
14.341	-7.5953	0	-0
15.807	-7.5953	0	-0
-14.985	-9.0616	0	-0
-13.519	-9.0616	0	-0
-12.053	-9.0616	0	-0
-10.587	-9.0616	0	-0
-9.1202	-9.0616	0	-0
-7.6539	-9.0616	0	-0
-6.1876	-9.0616	0	-0
-4.7213	-9.0616	0	-0
-3.255	-9.0616	0	-0
-1.7887	-9.0616	0.11187	-0.35978
-0.32241	-9.0616	0.10792	-0.2979
1.1439	-9.0616	0.097276	-0.25189
2.6102	-9.0616	0.087912	-0.21807
4.0765	-9.0616	0.080143	-0.18655
5.5428	-9.0616	0.072481	-0.15264
7.0091	-9.0616	0.066198	-0.11752
8.4754	-9.0616	0.054504	-0.085145
9.9417	-9.0616	0	-0
11.408	-9.0616	0	-0
12.874	-9.0616	0	-0
14.341	-9.0616	0	-0
15.807	-9.0616	0	-0
-14.985	-10.528	0	-0
-13.519	-10.528	0	-0
-12.053	-10.528	0	-0
-10.587	-10.528	0	-0
-9.1202	-10.528	0	-0
-7.6539	-10.528	0	-0
-6.1876	-10.528	0	-0
-4.7213	-10.528	0	-0
-3.255	-10.528	0	-0
-1.7887	-10.528	0.12722	-0.42191
-0.32241	-10.528	0.12301	-0.36139
1.1439	-10.528	0.11579	-0.30319
2.6102	-10.528	0.10637	-0.25517
4.0765	-10.528	0.10066	-0.21921
5.5428	-10.528	0.095426	-0.18709
7.0091	-10.528	0.09461	-0.15811
8.4754	-10.528	0.084114	-0.12685
9.9417	-10.528	0	-0
11.408	-10.528	0	-0
12.874	-10.528	0	-0
14.341	-10.528	0	-0
15.807	-10.528	0	-0
-14.985	-11.994	0	-0
-13.519	-11.994	0	-0
-12.053	-11.994	0	-0
-10.587	-11.994	0	-0
-9.1202	-11.994	0	-0
-7.6539	-11.994	0	-0
-6.1876	-11.994	0	-0
-4.7213	-11.994	0	-0
-3.255	-11.994	0	-0
-1.7887	-11.994	0	-0
-0.32241	-11.994	0	-0
1.1439	-11.994	0	-0
2.6102	-11.994	0	-0
4.0765	-11.994	0	-0
5.5428	-11.994	0	-0
7.0091	-11.994	0	-0
8.4754	-11.994	0	-0
9.9417	-11.994	0	-0
11.408	-11.994	0	-0
12.874	-11.994	0	-0
14.341	-11.994	0	-0
15.807	-11.994	0	-0
