#DaVis 7.4.0 2D-vector 96 22 22 "" "[mm]" "" "[mm]" "displacement" "[mm]"
-14.985	18.798	0	-0
-13.519	18.798	0	-0
-12.053	18.798	0	-0
-10.587	18.798	0	-0
-9.1202	18.798	0	-0
-7.6539	18.798	0	-0
-6.1876	18.798	0	-0
-4.7213	18.798	0	-0
-3.255	18.798	0	-0
-1.7887	18.798	-0.091789	0.10801
-0.32241	18.798	-0.49121	0.041514
1.1439	18.798	0.38541	0.75044
2.6102	18.798	-0.13217	0.82273
4.0765	18.798	-0.46295	0.74735
5.5428	18.798	-0.28198	-0.53316
7.0091	18.798	-0.064787	0.85661
8.4754	18.798	-0.036089	-0.21075
9.9417	18.798	0	-0
11.408	18.798	0	-0
12.874	18.798	0	-0
14.341	18.798	0	-0
15.807	18.798	0	-0
-14.985	17.332	0	-0
-13.519	17.332	0	-0
-12.053	17.332	0	-0
-10.587	17.332	0	-0
-9.1202	17.332	0	-0
-7.6539	17.332	0	-0
-6.1876	17.332	0	-0
-4.7213	17.332	0	-0
-3.255	17.332	0	-0
-1.7887	17.332	-0.090362	0.59352
-0.32241	17.332	-0.73093	0.66121
1.1439	17.332	-0.10818	0.29865
2.6102	17.332	-0.11717	0.33554
4.0765	17.332	-0.13855	0.3823
5.5428	17.332	-0.16772	0.41849
7.0091	17.332	-0.68446	-0.37284
8.4754	17.332	0.004016	-0.46706
9.9417	17.332	0	-0
11.408	17.332	0	-0
12.874	17.332	0	-0
14.341	17.332	0	-0
15.807	17.332	0	-0
-14.985	15.866	0	-0
-13.519	15.866	0	-0
-12.053	15.866	0	-0
-10.587	15.866	0	-0
-9.1202	15.866	0	-0
-7.6539	15.866	0	-0
-6.1876	15.866	0	-0
-4.7213	15.866	0	-0
-3.255	15.866	0	-0
-1.7887	15.866	-0.037368	0.16579
-0.32241	15.866	-0.053661	0.22096
1.1439	15.866	-0.067154	0.25701
2.6102	15.866	-0.081006	0.29456
4.0765	15.866	-0.10788	0.33235
5.5428	15.866	-0.14208	0.3528
7.0091	15.866	-0.1765	0.35961
8.4754	15.866	-0.19724	0.33776
9.9417	15.866	0	-0
11.408	15.866	0	-0
12.874	15.866	0	-0
14.341	15.866	0	-0
15.807	15.866	0	-0
-14.985	14.399	0	-0
-13.519	14.399	0	-0
-12.053	14.399	0	-0
-10.587	14.399	0	-0
-9.1202	14.399	0	-0
-7.6539	14.399	0	-0
-6.1876	14.399	0	-0
-4.7213	14.399	0	-0
-3.255	14.399	0	-0
-1.7887	14.399	0.0040324	0.13826
-0.32241	14.399	-0.0056681	0.18767
1.1439	14.399	-0.024529	0.22016
2.6102	14.399	-0.044173	0.251
4.0765	14.399	-0.085289	0.26903
5.5428	14.399	-0.12543	0.2795
7.0091	14.399	-0.17896	0.27863
8.4754	14.399	-0.19867	0.27821
9.9417	14.399	0	-0
11.408	14.399	0	-0
12.874	14.399	0	-0
14.341	14.399	0	-0
15.807	14.399	0	-0
-14.985	12.933	0	-0
-13.519	12.933	0	-0
-12.053	12.933	0	-0
-10.587	12.933	0	-0
-9.1202	12.933	0	-0
-7.6539	12.933	0	-0
-6.1876	12.933	0	-0
-4.7213	12.933	0	-0
-3.255	12.933	0	-0
-1.7887	12.933	0.02334	0.11388
-0.32241	12.933	0.026573	0.14841
1.1439	12.933	0.012409	0.171
2.6102	12.933	-0.018723	0.19228
4.0765	12.933	-0.066048	0.20487
5.5428	12.933	-0.1181	0.20462
7.0091	12.933	-0.14663	0.21419
8.4754	12.933	-0.16201	0.2238
9.9417	12.933	0	-0
11.408	12.933	0	-0
12.874	12.933	0	-0
14.341	12.933	0	-0
15.807	12.933	0	-0
-14.985	11.467	0	-0
-13.519	11.467	0	-0
-12.053	11.467	0	-0
-10.587	11.467	0	-0
-9.1202	11.467	0	-0
-7.6539	11.467	0	-0
-6.1876	11.467	0	-0
-4.7213	11.467	0	-0
-3.255	11.467	0	-0
-1.7887	11.467	0.036591	0.081264
-0.32241	11.467	0.033923	0.10585
1.1439	11.467	0.020963	0.12512
2.6102	11.467	-0.011489	0.12793
4.0765	11.467	-0.055041	0.13541
5.5428	11.467	-0.091058	0.14494
7.0091	11.467	-0.11575	0.16392
8.4754	11.467	-0.1229	0.18452
9.9417	11.467	0	-0
11.408	11.467	0	-0
12.874	11.467	0	-0
14.341	11.467	0	-0
15.807	11.467	0	-0
-14.985	10	0	-0
-13.519	10	0	-0
-12.053	10	0	-0
-10.587	10	0	-0
-9.1202	10	0	-0
-7.6539	10	0	-0
-6.1876	10	0	-0
-4.7213	10	0	-0
-3.255	10	0	-0
-1.7887	10	0.026969	0.059994
-0.32241	10	0.042954	0.072399
1.1439	10	0.021639	0.084904
2.6102	10	-0.0076979	0.083563
4.0765	10	-0.032898	0.083756
5.5428	10	-0.058238	0.099681
7.0091	10	-0.081607	0.12555
8.4754	10	-0.087062	0.15212
9.9417	10	0	-0
11.408	10	0	-0
12.874	10	0	-0
14.341	10	0	-0
15.807	10	0	-0
-14.985	8.534	0	-0
-13.519	8.534	0	-0
-12.053	8.534	0	-0
-10.587	8.534	0	-0
-9.1202	8.534	0	-0
-7.6539	8.534	0	-0
-6.1876	8.534	0	-0
-4.7213	8.534	0	-0
-3.255	8.534	0	-0
-1.7887	8.534	0.030628	0.048793
-0.32241	8.534	0.034978	0.048699
1.1439	8.534	0.015747	0.055972
2.6102	8.534	-0.0053972	0.059671
4.0765	8.534	-0.019265	0.063256
5.5428	8.534	-0.028839	0.072014
7.0091	8.534	-0.044803	0.087727
8.4754	8.534	-0.048823	0.11302
9.9417	8.534	0	-0
11.408	8.534	0	-0
12.874	8.534	0	-0
14.341	8.534	0	-0
15.807	8.534	0	-0
-14.985	7.0677	0	-0
-13.519	7.0677	0	-0
-12.053	7.0677	0	-0
-10.587	7.0677	0	-0
-9.1202	7.0677	0	-0
-7.6539	7.0677	0	-0
-6.1876	7.0677	0	-0
-4.7213	7.0677	0	-0
-3.255	7.0677	0	-0
-1.7887	7.0677	0.01943	0.034223
-0.32241	7.0677	0.020667	0.032705
1.1439	7.0677	0.009596	0.037401
2.6102	7.0677	-0.0021537	0.04581
4.0765	7.0677	-0.010573	0.051668
5.5428	7.0677	-0.017111	0.05933
7.0091	7.0677	-0.025899	0.067763
8.4754	7.0677	-0.024749	0.079555
9.9417	7.0677	0	-0
11.408	7.0677	0	-0
12.874	7.0677	0	-0
14.341	7.0677	0	-0
15.807	7.0677	0	-0
-14.985	5.6014	0	-0
-13.519	5.6014	0	-0
-12.053	5.6014	0	-0
-10.587	5.6014	0	-0
-9.1202	5.6014	0	-0
-7.6539	5.6014	0	-0
-6.1876	5.6014	0	-0
-4.7213	5.6014	0	-0
-3.255	5.6014	0	-0
-1.7887	5.6014	0.011463	0.020923
-0.32241	5.6014	0.015409	0.021631
1.1439	5.6014	0.0090291	0.024492
2.6102	5.6014	0.0019123	0.034444
4.0765	5.6014	-0.0055511	0.042895
5.5428	5.6014	-0.01132	0.049359
7.0091	5.6014	-0.021818	0.051643
8.4754	5.6014	-0.026786	0.05427
9.9417	5.6014	0	-0
11.408	5.6014	0	-0
12.874	5.6014	0	-0
14.341	5.6014	0	-0
15.807	5.6014	0	-0
-14.985	4.1351	0	-0
-13.519	4.1351	0	-0
-12.053	4.1351	0	-0
-10.587	4.1351	0	-0
-9.1202	4.1351	0	-0
-7.6539	4.1351	0	-0
-6.1876	4.1351	0	-0
-4.7213	4.1351	0	-0
-3.255	4.1351	0	-0
-1.7887	4.1351	0.01673	0.014207
-0.32241	4.1351	0.017019	0.016218
1.1439	4.1351	0.01249	0.018515
2.6102	4.1351	0.0069143	0.025627
4.0765	4.1351	-0.00080762	0.032655
5.5428	4.1351	-0.010627	0.034802
7.0091	4.1351	-0.019522	0.032835
8.4754	4.1351	-0.024978	0.032334
9.9417	4.1351	0	-0
11.408	4.1351	0	-0
12.874	4.1351	0	-0
14.341	4.1351	0	-0
15.807	4.1351	0	-0
-14.985	2.6688	0	-0
-13.519	2.6688	0	-0
-12.053	2.6688	0	-0
-10.587	2.6688	0	-0
-9.1202	2.6688	0	-0
-7.6539	2.6688	0	-0
-6.1876	2.6688	0	-0
-4.7213	2.6688	0	-0
-3.255	2.6688	0	-0
-1.7887	2.6688	0.021193	0.0060777
-0.32241	2.6688	0.022788	0.0079627
1.1439	2.6688	0.020429	0.011936
2.6102	2.6688	0.014112	0.016432
4.0765	2.6688	0.0046448	0.01984
5.5428	2.6688	-0.0085355	0.019263
7.0091	2.6688	-0.016334	0.01549
8.4754	2.6688	-0.020174	0.014115
9.9417	2.6688	0	-0
11.408	2.6688	0	-0
12.874	2.6688	0	-0
14.341	2.6688	0	-0
15.807	2.6688	0	-0
-14.985	1.2025	0	-0
-13.519	1.2025	0	-0
-12.053	1.2025	0	-0
-10.587	1.2025	0	-0
-9.1202	1.2025	0	-0
-7.6539	1.2025	0	-0
-6.1876	1.2025	0	-0
-4.7213	1.2025	0	-0
-3.255	1.2025	0	-0
-1.7887	1.2025	0.024241	-0.0034021
-0.32241	1.2025	0.026377	-0.00012531
1.1439	1.2025	0.022803	0.0035084
2.6102	1.2025	0.015172	0.0014953
4.0765	1.2025	0.0077245	-0.00027939
5.5428	1.2025	-0.0057605	0.00051424
7.0091	1.2025	-0.013015	-0.00028214
8.4754	1.2025	-0.01983	-0.0011101
9.9417	1.2025	0	-0
11.408	1.2025	0	-0
12.874	1.2025	0	-0
14.341	1.2025	0	-0
15.807	1.2025	0	-0
-14.985	-0.2638	0	-0
-13.519	-0.2638	0	-0
-12.053	-0.2638	0	-0
-10.587	-0.2638	0	-0
-9.1202	-0.2638	0	-0
-7.6539	-0.2638	0	-0
-6.1876	-0.2638	0	-0
-4.7213	-0.2638	0	-0
-3.255	-0.2638	0	-0
-1.7887	-0.2638	0.024269	-0.015753
-0.32241	-0.2638	0.025634	-0.012929
1.1439	-0.2638	0.017503	-0.012105
2.6102	-0.2638	0.010043	-0.017541
4.0765	-0.2638	0.0036663	-0.019344
5.5428	-0.2638	-0.0058215	-0.019475
7.0091	-0.2638	-0.01284	-0.016815
8.4754	-0.2638	-0.016827	-0.014877
9.9417	-0.2638	0	-0
11.408	-0.2638	0	-0
12.874	-0.2638	0	-0
14.341	-0.2638	0	-0
15.807	-0.2638	0	-0
-14.985	-1.7301	0	-0
-13.519	-1.7301	0	-0
-12.053	-1.7301	0	-0
-10.587	-1.7301	0	-0
-9.1202	-1.7301	0	-0
-7.6539	-1.7301	0	-0
-6.1876	-1.7301	0	-0
-4.7213	-1.7301	0	-0
-3.255	-1.7301	0	-0
-1.7887	-1.7301	0.026759	-0.044579
-0.32241	-1.7301	0.018069	-0.041732
1.1439	-1.7301	0.0096455	-0.033416
2.6102	-1.7301	0.0014337	-0.036724
4.0765	-1.7301	-0.0024876	-0.03713
5.5428	-1.7301	-0.0065626	-0.035761
7.0091	-1.7301	-0.013829	-0.029352
8.4754	-1.7301	-0.015071	-0.024674
9.9417	-1.7301	0	-0
11.408	-1.7301	0	-0
12.874	-1.7301	0	-0
14.341	-1.7301	0	-0
15.807	-1.7301	0	-0
-14.985	-3.1964	0	-0
-13.519	-3.1964	0	-0
-12.053	-3.1964	0	-0
-10.587	-3.1964	0	-0
-9.1202	-3.1964	0	-0
-7.6539	-3.1964	0	-0
-6.1876	-3.1964	0	-0
-4.7213	-3.1964	0	-0
-3.255	-3.1964	0	-0
-1.7887	-3.1964	0.028365	-0.097183
-0.32241	-3.1964	0.020003	-0.079058
1.1439	-3.1964	0.0051821	-0.064379
2.6102	-3.1964	-0.0031141	-0.057998
4.0765	-3.1964	-0.0050474	-0.052927
5.5428	-3.1964	-0.0078877	-0.047634
7.0091	-3.1964	-0.010719	-0.039506
8.4754	-3.1964	-0.012396	-0.031642
9.9417	-3.1964	0	-0
11.408	-3.1964	0	-0
12.874	-3.1964	0	-0
14.341	-3.1964	0	-0
15.807	-3.1964	0	-0
-14.985	-4.6627	0	-0
-13.519	-4.6627	0	-0
-12.053	-4.6627	0	-0
-10.587	-4.6627	0	-0
-9.1202	-4.6627	0	-0
-7.6539	-4.6627	0	-0
-6.1876	-4.6627	0	-0
-4.7213	-4.6627	0	-0
-3.255	-4.6627	0	-0
-1.7887	-4.6627	0.029668	-0.14641
-0.32241	-4.6627	0.028793	-0.12615
1.1439	-4.6627	0.018141	-0.1056
2.6102	-4.6627	0.0059325	-0.08474
4.0765	-4.6627	0.00017945	-0.070437
5.5428	-4.6627	-0.00099331	-0.059498
7.0091	-4.6627	-0.0036699	-0.049761
8.4754	-4.6627	-0.0070321	-0.03882
9.9417	-4.6627	0	-0
11.408	-4.6627	0	-0
12.874	-4.6627	0	-0
14.341	-4.6627	0	-0
15.807	-4.6627	0	-0
-14.985	-6.129	0	-0
-13.519	-6.129	0	-0
-12.053	-6.129	0	-0
-10.587	-6.129	0	-0
-9.1202	-6.129	0	-0
-7.6539	-6.129	0	-0
-6.1876	-6.129	0	-0
-4.7213	-6.129	0	-0
-3.255	-6.129	0	-0
-1.7887	-6.129	0.042676	-0.18081
-0.32241	-6.129	0.039552	-0.15649
1.1439	-6.129	0.03369	-0.13813
2.6102	-6.129	0.023424	-0.11832
4.0765	-6.129	0.016632	-0.094129
5.5428	-6.129	0.010826	-0.074026
7.0091	-6.129	0.0051945	-0.060629
8.4754	-6.129	-0.00078721	-0.049509
9.9417	-6.129	0	-0
11.408	-6.129	0	-0
12.874	-6.129	0	-0
14.341	-6.129	0	-0
15.807	-6.129	0	-0
-14.985	-7.5953	0	-0
-13.519	-7.5953	0	-0
-12.053	-7.5953	0	-0
-10.587	-7.5953	0	-0
-9.1202	-7.5953	0	-0
-7.6539	-7.5953	0	-0
-6.1876	-7.5953	0	-0
-4.7213	-7.5953	0	-0
-3.255	-7.5953	0	-0
-1.7887	-7.5953	0.05164	-0.21518
-0.32241	-7.5953	0.049257	-0.18357
1.1439	-7.5953	0.0437	-0.16125
2.6102	-7.5953	0.034851	-0.14332
4.0765	-7.5953	0.028573	-0.12023
5.5428	-7.5953	0.024159	-0.094406
7.0091	-7.5953	0.016554	-0.075302
8.4754	-7.5953	0.0077922	-0.060855
9.9417	-7.5953	0	-0
11.408	-7.5953	0	-0
12.874	-7.5953	0	-0
14.341	-7.5953	0	-0
15.807	-7.5953	0	-0
-14.985	-9.0616	0	-0
-13.519	-9.0616	0	-0
-12.053	-9.0616	0	-0
-10.587	-9.0616	0	-0
-9.1202	-9.0616	0	-0
-7.6539	-9.0616	0	-0
-6.1876	-9.0616	0	-0
-4.7213	-9.0616	0	-0
-3.255	-9.0616	0	-0
-1.7887	-9.0616	0.061563	-0.25994
-0.32241	-9.0616	0.059092	-0.21689
1.1439	-9.0616	0.052398	-0.18502
2.6102	-9.0616	0.046597	-0.16233
4.0765	-9.0616	0.040943	-0.14164
5.5428	-9.0616	0.035816	-0.11974
7.0091	-9.0616	0.031187	-0.09768
8.4754	-9.0616	0.024006	-0.077711
9.9417	-9.0616	0	-0
11.408	-9.0616	0	-0
12.874	-9.0616	0	-0
14.341	-9.0616	0	-0
15.807	-9.0616	0	-0
-14.985	-10.528	0	-0
-13.519	-10.528	0	-0
-12.053	-10.528	0	-0
-10.587	-10.528	0	-0
-9.1202	-10.528	0	-0
-7.6539	-10.528	0	-0
-6.1876	-10.528	0	-0
-4.7213	-10.528	0	-0
-3.255	-10.528	0	-0
-1.7887	-10.528	0.070043	-0.30711
-0.32241	-10.528	0.068476	-0.2649
1.1439	-10.528	0.063333	-0.22274
2.6102	-10.528	0.057559	-0.18961
4.0765	-10.528	0.053356	-0.16521
5.5428	-10.528	0.050222	-0.14486
7.0091	-10.528	0.049301	-0.12589
8.4754	-10.528	0.044145	-0.10593
9.9417	-10.528	0	-0
11.408	-10.528	0	-0
12.874	-10.528	0	-0
14.341	-10.528	0	-0
15.807	-10.528	0	-0
-14.985	-11.994	0	-0
-13.519	-11.994	0	-0
-12.053	-11.994	0	-0
-10.587	-11.994	0	-0
-9.1202	-11.994	0	-0
-7.6539	-11.994	0	-0
-6.1876	-11.994	0	-0
-4.7213	-11.994	0	-0
-3.255	-11.994	0	-0
-1.7887	-11.994	0	-0
-0.32241	-11.994	0	-0
1.1439	-11.994	0	-0
2.6102	-11.994	0	-0
4.0765	-11.994	0	-0
5.5428	-11.994	0	-0
7.0091	-11.994	0	-0
8.4754	-11.994	0	-0
9.9417	-11.994	0	-0
11.408	-11.994	0	-0
12.874	-11.994	0	-0
14.341	-11.994	0	-0
15.807	-11.994	0	-0
