#DaVis 7.4.0 2D-vector 96 22 22 "" "[mm]" "" "[mm]" "displacement" "[mm]"
-14.985	18.798	0	-0
-13.519	18.798	0	-0
-12.053	18.798	0	-0
-10.587	18.798	0	-0
-9.1202	18.798	0	-0
-7.6539	18.798	0	-0
-6.1876	18.798	0	-0
-4.7213	18.798	0	-0
-3.255	18.798	-0.0073833	0.013699
-1.7887	18.798	-0.010246	0.016832
-0.32241	18.798	-0.010361	0.017615
1.1439	18.798	-0.011172	0.01949
2.6102	18.798	-0.011334	0.021165
4.0765	18.798	-0.012307	0.022068
5.5428	18.798	-0.01249	0.023857
7.0091	18.798	-0.013207	0.025224
8.4754	18.798	0	-0
9.9417	18.798	0	-0
11.408	18.798	0	-0
12.874	18.798	0	-0
14.341	18.798	0	-0
15.807	18.798	0	-0
-14.985	17.332	0	-0
-13.519	17.332	0	-0
-12.053	17.332	0	-0
-10.587	17.332	0	-0
-9.1202	17.332	0	-0
-7.6539	17.332	0	-0
-6.1876	17.332	0	-0
-4.7213	17.332	0	-0
-3.255	17.332	-0.0072057	0.015126
-1.7887	17.332	-0.0094023	0.016249
-0.32241	17.332	-0.0096268	0.01718
1.1439	17.332	-0.0097737	0.018116
2.6102	17.332	-0.010031	0.01933
4.0765	17.332	-0.010947	0.021221
5.5428	17.332	-0.011496	0.022566
7.0091	17.332	-0.012315	0.023802
8.4754	17.332	-0.0075869	0.025143
9.9417	17.332	0	-0
11.408	17.332	0	-0
12.874	17.332	0	-0
14.341	17.332	0	-0
15.807	17.332	0	-0
-14.985	15.866	0	-0
-13.519	15.866	0	-0
-12.053	15.866	0	-0
-10.587	15.866	0	-0
-9.1202	15.866	0	-0
-7.6539	15.866	0	-0
-6.1876	15.866	0	-0
-4.7213	15.866	0	-0
-3.255	15.866	-0.0069687	0.013293
-1.7887	15.866	-0.0085886	0.014657
-0.32241	15.866	-0.0089406	0.015912
1.1439	15.866	-0.0087326	0.016629
2.6102	15.866	-0.0089733	0.017388
4.0765	15.866	-0.009558	0.018916
5.5428	15.866	-0.010191	0.020773
7.0091	15.866	-0.011086	0.022197
8.4754	15.866	-0.007741	0.02314
9.9417	15.866	0	-0
11.408	15.866	0	-0
12.874	15.866	0	-0
14.341	15.866	0	-0
15.807	15.866	0	-0
-14.985	14.399	0	-0
-13.519	14.399	0	-0
-12.053	14.399	0	-0
-10.587	14.399	0	-0
-9.1202	14.399	0	-0
-7.6539	14.399	0	-0
-6.1876	14.399	0	-0
-4.7213	14.399	0	-0
-3.255	14.399	-0.0058564	0.011846
-1.7887	14.399	-0.0074251	0.013214
-0.32241	14.399	-0.0079269	0.014507
1.1439	14.399	-0.007662	0.014649
2.6102	14.399	-0.0081704	0.016191
4.0765	14.399	-0.0084793	0.017364
5.5428	14.399	-0.0095003	0.018999
7.0091	14.399	-0.009633	0.020218
8.4754	14.399	-0.006019	0.021016
9.9417	14.399	0	-0
11.408	14.399	0	-0
12.874	14.399	0	-0
14.341	14.399	0	-0
15.807	14.399	0	-0
-14.985	12.933	0	-0
-13.519	12.933	0	-0
-12.053	12.933	0	-0
-10.587	12.933	0	-0
-9.1202	12.933	0	-0
-7.6539	12.933	0	-0
-6.1876	12.933	0	-0
-4.7213	12.933	0	-0
-3.255	12.933	-0.0052838	0.010235
-1.7887	12.933	-0.0063744	0.011491
-0.32241	12.933	-0.0067298	0.012683
1.1439	12.933	-0.006762	0.01349
2.6102	12.933	-0.0069684	0.014343
4.0765	12.933	-0.0073042	0.015578
5.5428	12.933	-0.0080053	0.01667
7.0091	12.933	-0.0083191	0.018284
8.4754	12.933	-0.0059936	0.018862
9.9417	12.933	0	-0
11.408	12.933	0	-0
12.874	12.933	0	-0
14.341	12.933	0	-0
15.807	12.933	0	-0
-14.985	11.467	0	-0
-13.519	11.467	0	-0
-12.053	11.467	0	-0
-10.587	11.467	0	-0
-9.1202	11.467	0	-0
-7.6539	11.467	0	-0
-6.1876	11.467	0	-0
-4.7213	11.467	0	-0
-3.255	11.467	-0.0048056	0.0086704
-1.7887	11.467	-0.0053229	0.0099801
-0.32241	11.467	-0.0055652	0.011002
1.1439	11.467	-0.005945	0.01197
2.6102	11.467	-0.0060245	0.012757
4.0765	11.467	-0.0065609	0.014014
5.5428	11.467	-0.0073944	0.0149
7.0091	11.467	-0.0076332	0.016234
8.4754	11.467	-0.0059147	0.017202
9.9417	11.467	0	-0
11.408	11.467	0	-0
12.874	11.467	0	-0
14.341	11.467	0	-0
15.807	11.467	0	-0
-14.985	10	0	-0
-13.519	10	0	-0
-12.053	10	0	-0
-10.587	10	0	-0
-9.1202	10	0	-0
-7.6539	10	0	-0
-6.1876	10	0	-0
-4.7213	10	0	-0
-3.255	10	-0.0045215	0.0073453
-1.7887	10	-0.0048608	0.0084228
-0.32241	10	-0.0051613	0.0094661
1.1439	10	-0.0054999	0.010574
2.6102	10	-0.0055211	0.011358
4.0765	10	-0.0059225	0.012487
5.5428	10	-0.0067518	0.013547
7.0091	10	-0.0072135	0.014687
8.4754	10	-0.0058449	0.015528
9.9417	10	0	-0
11.408	10	0	-0
12.874	10	0	-0
14.341	10	0	-0
15.807	10	0	-0
-14.985	8.534	0	-0
-13.519	8.534	0	-0
-12.053	8.534	0	-0
-10.587	8.534	0	-0
-9.1202	8.534	0	-0
-7.6539	8.534	0	-0
-6.1876	8.534	0	-0
-4.7213	8.534	0	-0
-3.255	8.534	-0.0040254	0.0054435
-1.7887	8.534	-0.0044412	0.0067629
-0.32241	8.534	-0.0048667	0.0079425
1.1439	8.534	-0.0047927	0.009087
2.6102	8.534	-0.0047961	0.010004
4.0765	8.534	-0.0049955	0.010894
5.5428	8.534	-0.005406	0.012212
7.0091	8.534	-0.0062561	0.013077
8.4754	8.534	-0.0057094	0.013837
9.9417	8.534	0	-0
11.408	8.534	0	-0
12.874	8.534	0	-0
14.341	8.534	0	-0
15.807	8.534	0	-0
-14.985	7.0677	0	-0
-13.519	7.0677	0	-0
-12.053	7.0677	0	-0
-10.587	7.0677	0	-0
-9.1202	7.0677	0	-0
-7.6539	7.0677	0	-0
-6.1876	7.0677	0	-0
-4.7213	7.0677	0	-0
-3.255	7.0677	-0.0031945	0.003715
-1.7887	7.0677	-0.0034286	0.005196
-0.32241	7.0677	-0.0035699	0.0063983
1.1439	7.0677	-0.0035031	0.0075779
2.6102	7.0677	-0.0035122	0.0084734
4.0765	7.0677	-0.0038042	0.0092591
5.5428	7.0677	-0.0042264	0.010541
7.0091	7.0677	-0.0049409	0.011436
8.4754	7.0677	-0.0052246	0.011708
9.9417	7.0677	0	-0
11.408	7.0677	0	-0
12.874	7.0677	0	-0
14.341	7.0677	0	-0
15.807	7.0677	0	-0
-14.985	5.6014	0	-0
-13.519	5.6014	0	-0
-12.053	5.6014	0	-0
-10.587	5.6014	0	-0
-9.1202	5.6014	0	-0
-7.6539	5.6014	0	-0
-6.1876	5.6014	0	-0
-4.7213	5.6014	0	-0
-3.255	5.6014	-0.0017845	0.0018847
-1.7887	5.6014	-0.0019173	0.0036408
-0.32241	5.6014	-0.0020214	0.004822
1.1439	5.6014	-0.0021767	0.0059803
2.6102	5.6014	-0.0022969	0.0067918
4.0765	5.6014	-0.0028252	0.0072568
5.5428	5.6014	-0.0033171	0.0086252
7.0091	5.6014	-0.0039126	0.0092473
8.4754	5.6014	-0.0043468	0.0097806
9.9417	5.6014	0	-0
11.408	5.6014	0	-0
12.874	5.6014	0	-0
14.341	5.6014	0	-0
15.807	5.6014	0	-0
-14.985	4.1351	0	-0
-13.519	4.1351	0	-0
-12.053	4.1351	0	-0
-10.587	4.1351	0	-0
-9.1202	4.1351	0	-0
-7.6539	4.1351	0	-0
-6.1876	4.1351	0	-0
-4.7213	4.1351	0	-0
-3.255	4.1351	-3.4478e-005	0.00026088
-1.7887	4.1351	-0.00036521	0.0020482
-0.32241	4.1351	-0.00073861	0.0033964
1.1439	4.1351	-0.001006	0.0041671
2.6102	4.1351	-0.0012952	0.0049826
4.0765	4.1351	-0.0020333	0.0055088
5.5428	4.1351	-0.0026181	0.0066411
7.0091	4.1351	-0.0029775	0.0073752
8.4754	4.1351	-0.0033549	0.0076125
9.9417	4.1351	0	-0
11.408	4.1351	0	-0
12.874	4.1351	0	-0
14.341	4.1351	0	-0
15.807	4.1351	0	-0
-14.985	2.6688	0	-0
-13.519	2.6688	0	-0
-12.053	2.6688	0	-0
-10.587	2.6688	0	-0
-9.1202	2.6688	0	-0
-7.6539	2.6688	0	-0
-6.1876	2.6688	0	-0
-4.7213	2.6688	0	-0
-3.255	2.6688	0.0016193	-0.0012251
-1.7887	2.6688	0.0012651	0.00027569
-0.32241	2.6688	0.00066124	0.0015659
1.1439	2.6688	-4.4372e-005	0.0023053
2.6102	2.6688	-0.00075193	0.0030582
4.0765	2.6688	-0.0012398	0.0034545
5.5428	2.6688	-0.0019805	0.0042349
7.0091	2.6688	-0.0024856	0.0052356
8.4754	2.6688	-0.0028144	0.0054916
9.9417	2.6688	0	-0
11.408	2.6688	0	-0
12.874	2.6688	0	-0
14.341	2.6688	0	-0
15.807	2.6688	0	-0
-14.985	1.2025	0	-0
-13.519	1.2025	0	-0
-12.053	1.2025	0	-0
-10.587	1.2025	0	-0
-9.1202	1.2025	0	-0
-7.6539	1.2025	0	-0
-6.1876	1.2025	0	-0
-4.7213	1.2025	0	-0
-3.255	1.2025	0.0029093	-0.0028204
-1.7887	1.2025	0.0025385	-0.0016052
-0.32241	1.2025	0.0019218	-0.00060333
1.1439	1.2025	0.0010269	0.00013204
2.6102	1.2025	0.00032895	0.00069649
4.0765	1.2025	-0.0004774	0.0012728
5.5428	1.2025	-0.0011814	0.0020697
7.0091	1.2025	-0.0020487	0.0028852
8.4754	1.2025	-0.0024213	0.0030268
9.9417	1.2025	0	-0
11.408	1.2025	0	-0
12.874	1.2025	0	-0
14.341	1.2025	0	-0
15.807	1.2025	0	-0
-14.985	-0.2638	0	-0
-13.519	-0.2638	0	-0
-12.053	-0.2638	0	-0
-10.587	-0.2638	0	-0
-9.1202	-0.2638	0	-0
-7.6539	-0.2638	0	-0
-6.1876	-0.2638	0	-0
-4.7213	-0.2638	0	-0
-3.255	-0.2638	0.0037953	-0.0045167
-1.7887	-0.2638	0.0033161	-0.0035735
-0.32241	-0.2638	0.0029976	-0.0030762
1.1439	-0.2638	0.0022689	-0.0025731
2.6102	-0.2638	0.0014367	-0.0019522
4.0765	-0.2638	0.00050531	-0.0011011
5.5428	-0.2638	-0.00049335	-0.0003816
7.0091	-0.2638	-0.0015443	0.00026262
8.4754	-0.2638	-0.001828	0.00060701
9.9417	-0.2638	0	-0
11.408	-0.2638	0	-0
12.874	-0.2638	0	-0
14.341	-0.2638	0	-0
15.807	-0.2638	0	-0
-14.985	-1.7301	0	-0
-13.519	-1.7301	0	-0
-12.053	-1.7301	0	-0
-10.587	-1.7301	0	-0
-9.1202	-1.7301	0	-0
-7.6539	-1.7301	0	-0
-6.1876	-1.7301	0	-0
-4.7213	-1.7301	0	-0
-3.255	-1.7301	0.0042561	-0.005817
-1.7887	-1.7301	0.0039484	-0.0053862
-0.32241	-1.7301	0.0036037	-0.0051867
1.1439	-1.7301	0.0032466	-0.0051803
2.6102	-1.7301	0.0022647	-0.0044541
4.0765	-1.7301	0.0011203	-0.0034474
5.5428	-1.7301	-4.4104e-005	-0.0025574
7.0091	-1.7301	-0.00089116	-0.0021668
8.4754	-1.7301	-0.0013861	-0.0019635
9.9417	-1.7301	0	-0
11.408	-1.7301	0	-0
12.874	-1.7301	0	-0
14.341	-1.7301	0	-0
15.807	-1.7301	0	-0
-14.985	-3.1964	0	-0
-13.519	-3.1964	0	-0
-12.053	-3.1964	0	-0
-10.587	-3.1964	0	-0
-9.1202	-3.1964	0	-0
-7.6539	-3.1964	0	-0
-6.1876	-3.1964	0	-0
-4.7213	-3.1964	0	-0
-3.255	-3.1964	0.0043883	-0.007445
-1.7887	-3.1964	0.0039643	-0.0071741
-0.32241	-3.1964	0.0035156	-0.0069858
1.1439	-3.1964	0.0032397	-0.0071816
2.6102	-3.1964	0.0025722	-0.0068268
4.0765	-3.1964	0.0016595	-0.0062127
5.5428	-3.1964	0.00045046	-0.0052959
7.0091	-3.1964	-0.00053738	-0.0048706
8.4754	-3.1964	-0.001098	-0.0047557
9.9417	-3.1964	0	-0
11.408	-3.1964	0	-0
12.874	-3.1964	0	-0
14.341	-3.1964	0	-0
15.807	-3.1964	0	-0
-14.985	-4.6627	0	-0
-13.519	-4.6627	0	-0
-12.053	-4.6627	0	-0
-10.587	-4.6627	0	-0
-9.1202	-4.6627	0	-0
-7.6539	-4.6627	0	-0
-6.1876	-4.6627	0	-0
-4.7213	-4.6627	0	-0
-3.255	-4.6627	0.004398	-0.0090846
-1.7887	-4.6627	0.0039449	-0.0089284
-0.32241	-4.6627	0.0034035	-0.0087117
1.1439	-4.6627	0.0029856	-0.0090363
2.6102	-4.6627	0.0025158	-0.0091256
4.0765	-4.6627	0.001618	-0.0085215
5.5428	-4.6627	0.00076628	-0.0077384
7.0091	-4.6627	4.4143e-005	-0.0073124
8.4754	-4.6627	-0.00063627	-0.0073389
9.9417	-4.6627	0	-0
11.408	-4.6627	0	-0
12.874	-4.6627	0	-0
14.341	-4.6627	0	-0
15.807	-4.6627	0	-0
-14.985	-6.129	0	-0
-13.519	-6.129	0	-0
-12.053	-6.129	0	-0
-10.587	-6.129	0	-0
-9.1202	-6.129	0	-0
-7.6539	-6.129	0	-0
-6.1876	-6.129	0	-0
-4.7213	-6.129	0	-0
-3.255	-6.129	0.0045173	-0.010881
-1.7887	-6.129	0.0041081	-0.010895
-0.32241	-6.129	0.0034263	-0.010914
1.1439	-6.129	0.0027102	-0.010773
2.6102	-6.129	0.0021982	-0.010886
4.0765	-6.129	0.0015931	-0.010595
5.5428	-6.129	0.00098635	-0.010011
7.0091	-6.129	0.00024867	-0.0095271
8.4754	-6.129	-0.00036342	-0.0092416
9.9417	-6.129	0	-0
11.408	-6.129	0	-0
12.874	-6.129	0	-0
14.341	-6.129	0	-0
15.807	-6.129	0	-0
-14.985	-7.5953	0	-0
-13.519	-7.5953	0	-0
-12.053	-7.5953	0	-0
-10.587	-7.5953	0	-0
-9.1202	-7.5953	0	-0
-7.6539	-7.5953	0	-0
-6.1876	-7.5953	0	-0
-4.7213	-7.5953	0	-0
-3.255	-7.5953	0.0049417	-0.012307
-1.7887	-7.5953	0.0043018	-0.012345
-0.32241	-7.5953	0.0037501	-0.012332
1.1439	-7.5953	0.002826	-0.012721
2.6102	-7.5953	0.0021338	-0.013011
4.0765	-7.5953	0.0015809	-0.012567
5.5428	-7.5953	0.0012247	-0.011893
7.0091	-7.5953	0.00076814	-0.011352
8.4754	-7.5953	0.00015371	-0.010955
9.9417	-7.5953	0	-0
11.408	-7.5953	0	-0
12.874	-7.5953	0	-0
14.341	-7.5953	0	-0
15.807	-7.5953	0	-0
-14.985	-9.0616	0	-0
-13.519	-9.0616	0	-0
-12.053	-9.0616	0	-0
-10.587	-9.0616	0	-0
-9.1202	-9.0616	0	-0
-7.6539	-9.0616	0	-0
-6.1876	-9.0616	0	-0
-4.7213	-9.0616	0	-0
-3.255	-9.0616	0.0051839	-0.013524
-1.7887	-9.0616	0.0045452	-0.013795
-0.32241	-9.0616	0.0037956	-0.014078
1.1439	-9.0616	0.003057	-0.01463
2.6102	-9.0616	0.0023959	-0.014883
4.0765	-9.0616	0.0017597	-0.014523
5.5428	-9.0616	0.0017074	-0.01386
7.0091	-9.0616	0.0011337	-0.013222
8.4754	-9.0616	0.00053954	-0.01298
9.9417	-9.0616	0	-0
11.408	-9.0616	0	-0
12.874	-9.0616	0	-0
14.341	-9.0616	0	-0
15.807	-9.0616	0	-0
-14.985	-10.528	0	-0
-13.519	-10.528	0	-0
-12.053	-10.528	0	-0
-10.587	-10.528	0	-0
-9.1202	-10.528	0	-0
-7.6539	-10.528	0	-0
-6.1876	-10.528	0	-0
-4.7213	-10.528	0	-0
-3.255	-10.528	0.0051575	-0.014984
-1.7887	-10.528	0.0045091	-0.015573
-0.32241	-10.528	0.0039034	-0.016057
1.1439	-10.528	0.0030719	-0.016409
2.6102	-10.528	0.0025051	-0.016594
4.0765	-10.528	0.0020092	-0.016463
5.5428	-10.528	0.0017244	-0.015868
7.0091	-10.528	0.0012064	-0.015378
8.4754	-10.528	0.0008061	-0.014579
9.9417	-10.528	0	-0
11.408	-10.528	0	-0
12.874	-10.528	0	-0
14.341	-10.528	0	-0
15.807	-10.528	0	-0
-14.985	-11.994	0	-0
-13.519	-11.994	0	-0
-12.053	-11.994	0	-0
-10.587	-11.994	0	-0
-9.1202	-11.994	0	-0
-7.6539	-11.994	0	-0
-6.1876	-11.994	0	-0
-4.7213	-11.994	0	-0
-3.255	-11.994	0	-0
-1.7887	-11.994	0	-0
-0.32241	-11.994	0	-0
1.1439	-11.994	0	-0
2.6102	-11.994	0	-0
4.0765	-11.994	0	-0
5.5428	-11.994	0	-0
7.0091	-11.994	0	-0
8.4754	-11.994	0	-0
9.9417	-11.994	0	-0
11.408	-11.994	0	-0
12.874	-11.994	0	-0
14.341	-11.994	0	-0
15.807	-11.994	0	-0
