#DaVis 7.4.0 2D-vector 96 22 22 "" "[mm]" "" "[mm]" "displacement" "[mm]"
-14.985	18.798	0	-0
-13.519	18.798	0	-0
-12.053	18.798	0	-0
-10.587	18.798	0	-0
-9.1202	18.798	0	-0
-7.6539	18.798	0	-0
-6.1876	18.798	0	-0
-4.7213	18.798	0	-0
-3.255	18.798	-0.0063939	0.00047229
-1.7887	18.798	-0.0065155	0.0010507
-0.32241	18.798	-0.006537	0.0016051
1.1439	18.798	-0.0066809	0.0022755
2.6102	18.798	-0.0067317	0.0028477
4.0765	18.798	-0.0068502	0.0036372
5.5428	18.798	-0.0068552	0.0042882
7.0091	18.798	-0.0069513	0.0048177
8.4754	18.798	0	-0
9.9417	18.798	0	-0
11.408	18.798	0	-0
12.874	18.798	0	-0
14.341	18.798	0	-0
15.807	18.798	0	-0
-14.985	17.332	0	-0
-13.519	17.332	0	-0
-12.053	17.332	0	-0
-10.587	17.332	0	-0
-9.1202	17.332	0	-0
-7.6539	17.332	0	-0
-6.1876	17.332	0	-0
-4.7213	17.332	0	-0
-3.255	17.332	-0.0059221	0.00032801
-1.7887	17.332	-0.0059868	0.00082245
-0.32241	17.332	-0.0059695	0.0014007
1.1439	17.332	-0.0059722	0.0019694
2.6102	17.332	-0.0061102	0.0024575
4.0765	17.332	-0.0061653	0.0032552
5.5428	17.332	-0.006359	0.0037204
7.0091	17.332	-0.0064381	0.0044346
8.4754	17.332	-0.0063733	0.005059
9.9417	17.332	0	-0
11.408	17.332	0	-0
12.874	17.332	0	-0
14.341	17.332	0	-0
15.807	17.332	0	-0
-14.985	15.866	0	-0
-13.519	15.866	0	-0
-12.053	15.866	0	-0
-10.587	15.866	0	-0
-9.1202	15.866	0	-0
-7.6539	15.866	0	-0
-6.1876	15.866	0	-0
-4.7213	15.866	0	-0
-3.255	15.866	-0.0054533	1.9219e-005
-1.7887	15.866	-0.0054262	0.00064498
-0.32241	15.866	-0.0054298	0.0012377
1.1439	15.866	-0.0054939	0.001823
2.6102	15.866	-0.00551	0.0022976
4.0765	15.866	-0.0057047	0.002985
5.5428	15.866	-0.0058175	0.0037176
7.0091	15.866	-0.0058442	0.0043773
8.4754	15.866	-0.0058491	0.0048532
9.9417	15.866	0	-0
11.408	15.866	0	-0
12.874	15.866	0	-0
14.341	15.866	0	-0
15.807	15.866	0	-0
-14.985	14.399	0	-0
-13.519	14.399	0	-0
-12.053	14.399	0	-0
-10.587	14.399	0	-0
-9.1202	14.399	0	-0
-7.6539	14.399	0	-0
-6.1876	14.399	0	-0
-4.7213	14.399	0	-0
-3.255	14.399	-0.0048728	-0.00011901
-1.7887	14.399	-0.0048738	0.00047178
-0.32241	14.399	-0.00487	0.0010879
1.1439	14.399	-0.00496	0.001599
2.6102	14.399	-0.0050999	0.0022841
4.0765	14.399	-0.0051584	0.0028928
5.5428	14.399	-0.0052823	0.003608
7.0091	14.399	-0.0052565	0.0041504
8.4754	14.399	-0.0053057	0.0045525
9.9417	14.399	0	-0
11.408	14.399	0	-0
12.874	14.399	0	-0
14.341	14.399	0	-0
15.807	14.399	0	-0
-14.985	12.933	0	-0
-13.519	12.933	0	-0
-12.053	12.933	0	-0
-10.587	12.933	0	-0
-9.1202	12.933	0	-0
-7.6539	12.933	0	-0
-6.1876	12.933	0	-0
-4.7213	12.933	0	-0
-3.255	12.933	-0.0043633	-0.0003293
-1.7887	12.933	-0.0043492	0.00025645
-0.32241	12.933	-0.0044156	0.00085827
1.1439	12.933	-0.0044827	0.0014813
2.6102	12.933	-0.0045371	0.0020235
4.0765	12.933	-0.0046472	0.0026378
5.5428	12.933	-0.00472	0.0032521
7.0091	12.933	-0.0047689	0.0038916
8.4754	12.933	-0.0048687	0.004366
9.9417	12.933	0	-0
11.408	12.933	0	-0
12.874	12.933	0	-0
14.341	12.933	0	-0
15.807	12.933	0	-0
-14.985	11.467	0	-0
-13.519	11.467	0	-0
-12.053	11.467	0	-0
-10.587	11.467	0	-0
-9.1202	11.467	0	-0
-7.6539	11.467	0	-0
-6.1876	11.467	0	-0
-4.7213	11.467	0	-0
-3.255	11.467	-0.0038764	-0.00058274
-1.7887	11.467	-0.0038199	4.3803e-005
-0.32241	11.467	-0.0038902	0.00065918
1.1439	11.467	-0.0040334	0.0012904
2.6102	11.467	-0.0040769	0.001848
4.0765	11.467	-0.0041474	0.0024993
5.5428	11.467	-0.0041838	0.0030655
7.0091	11.467	-0.0042234	0.0036722
8.4754	11.467	-0.0044248	0.0042749
9.9417	11.467	0	-0
11.408	11.467	0	-0
12.874	11.467	0	-0
14.341	11.467	0	-0
15.807	11.467	0	-0
-14.985	10	0	-0
-13.519	10	0	-0
-12.053	10	0	-0
-10.587	10	0	-0
-9.1202	10	0	-0
-7.6539	10	0	-0
-6.1876	10	0	-0
-4.7213	10	0	-0
-3.255	10	-0.0033656	-0.00074954
-1.7887	10	-0.0033516	-0.00016879
-0.32241	10	-0.0034371	0.00047665
1.1439	10	-0.0035343	0.0011288
2.6102	10	-0.0035547	0.0017114
4.0765	10	-0.0035894	0.0022818
5.5428	10	-0.003626	0.00286
7.0091	10	-0.0037981	0.0034897
8.4754	10	-0.0038882	0.0040052
9.9417	10	0	-0
11.408	10	0	-0
12.874	10	0	-0
14.341	10	0	-0
15.807	10	0	-0
-14.985	8.534	0	-0
-13.519	8.534	0	-0
-12.053	8.534	0	-0
-10.587	8.534	0	-0
-9.1202	8.534	0	-0
-7.6539	8.534	0	-0
-6.1876	8.534	0	-0
-4.7213	8.534	0	-0
-3.255	8.534	-0.0028356	-0.00097941
-1.7887	8.534	-0.0028288	-0.00036309
-0.32241	8.534	-0.0029297	0.00025253
1.1439	8.534	-0.0029403	0.00087958
2.6102	8.534	-0.0029785	0.001499
4.0765	8.534	-0.002956	0.0020248
5.5428	8.534	-0.0029645	0.0026151
7.0091	8.534	-0.0031538	0.0032861
8.4754	8.534	-0.003274	0.0038731
9.9417	8.534	0	-0
11.408	8.534	0	-0
12.874	8.534	0	-0
14.341	8.534	0	-0
15.807	8.534	0	-0
-14.985	7.0677	0	-0
-13.519	7.0677	0	-0
-12.053	7.0677	0	-0
-10.587	7.0677	0	-0
-9.1202	7.0677	0	-0
-7.6539	7.0677	0	-0
-6.1876	7.0677	0	-0
-4.7213	7.0677	0	-0
-3.255	7.0677	-0.0022187	-0.0012261
-1.7887	7.0677	-0.002202	-0.00058764
-0.32241	7.0677	-0.0022351	4.9915e-005
1.1439	7.0677	-0.0022645	0.00068954
2.6102	7.0677	-0.002272	0.0013211
4.0765	7.0677	-0.002314	0.0018618
5.5428	7.0677	-0.0023737	0.0024603
7.0091	7.0677	-0.0024876	0.003088
8.4754	7.0677	-0.0026855	0.0036662
9.9417	7.0677	0	-0
11.408	7.0677	0	-0
12.874	7.0677	0	-0
14.341	7.0677	0	-0
15.807	7.0677	0	-0
-14.985	5.6014	0	-0
-13.519	5.6014	0	-0
-12.053	5.6014	0	-0
-10.587	5.6014	0	-0
-9.1202	5.6014	0	-0
-7.6539	5.6014	0	-0
-6.1876	5.6014	0	-0
-4.7213	5.6014	0	-0
-3.255	5.6014	-0.0014819	-0.0015464
-1.7887	5.6014	-0.0014957	-0.00083168
-0.32241	5.6014	-0.0015594	-0.00015732
1.1439	5.6014	-0.0016183	0.00048724
2.6102	5.6014	-0.0016336	0.0010643
4.0765	5.6014	-0.0017099	0.0016067
5.5428	5.6014	-0.001794	0.0023407
7.0091	5.6014	-0.0019188	0.0028966
8.4754	5.6014	-0.0020159	0.0034515
9.9417	5.6014	0	-0
11.408	5.6014	0	-0
12.874	5.6014	0	-0
14.341	5.6014	0	-0
15.807	5.6014	0	-0
-14.985	4.1351	0	-0
-13.519	4.1351	0	-0
-12.053	4.1351	0	-0
-10.587	4.1351	0	-0
-9.1202	4.1351	0	-0
-7.6539	4.1351	0	-0
-6.1876	4.1351	0	-0
-4.7213	4.1351	0	-0
-3.255	4.1351	-0.00074617	-0.0017394
-1.7887	4.1351	-0.00079573	-0.0010282
-0.32241	4.1351	-0.00089088	-0.00034805
1.1439	4.1351	-0.00096923	0.00026264
2.6102	4.1351	-0.0010182	0.0008177
4.0765	4.1351	-0.00112	0.0014125
5.5428	4.1351	-0.0012338	0.0021001
7.0091	4.1351	-0.0013239	0.002669
8.4754	4.1351	-0.001408	0.0031648
9.9417	4.1351	0	-0
11.408	4.1351	0	-0
12.874	4.1351	0	-0
14.341	4.1351	0	-0
15.807	4.1351	0	-0
-14.985	2.6688	0	-0
-13.519	2.6688	0	-0
-12.053	2.6688	0	-0
-10.587	2.6688	0	-0
-9.1202	2.6688	0	-0
-7.6539	2.6688	0	-0
-6.1876	2.6688	0	-0
-4.7213	2.6688	0	-0
-3.255	2.6688	-5.5596e-005	-0.0019802
-1.7887	2.6688	-9.6619e-005	-0.0013142
-0.32241	2.6688	-0.0002081	-0.00057483
1.1439	2.6688	-0.00031845	1.8926e-005
2.6102	2.6688	-0.0004344	0.00057593
4.0765	2.6688	-0.00052808	0.0011025
5.5428	2.6688	-0.00066943	0.001702
7.0091	2.6688	-0.00079513	0.0023481
8.4754	2.6688	-0.00085376	0.0028774
9.9417	2.6688	0	-0
11.408	2.6688	0	-0
12.874	2.6688	0	-0
14.341	2.6688	0	-0
15.807	2.6688	0	-0
-14.985	1.2025	0	-0
-13.519	1.2025	0	-0
-12.053	1.2025	0	-0
-10.587	1.2025	0	-0
-9.1202	1.2025	0	-0
-7.6539	1.2025	0	-0
-6.1876	1.2025	0	-0
-4.7213	1.2025	0	-0
-3.255	1.2025	0.00063335	-0.002211
-1.7887	1.2025	0.00057244	-0.0015862
-0.32241	1.2025	0.00046796	-0.00094688
1.1439	1.2025	0.00030546	-0.00034597
2.6102	1.2025	0.00019854	0.00022951
4.0765	1.2025	5.3341e-005	0.00080298
5.5428	1.2025	-8.7444e-005	0.0014139
7.0091	1.2025	-0.00023671	0.0020005
8.4754	1.2025	-0.00029911	0.0025181
9.9417	1.2025	0	-0
11.408	1.2025	0	-0
12.874	1.2025	0	-0
14.341	1.2025	0	-0
15.807	1.2025	0	-0
-14.985	-0.2638	0	-0
-13.519	-0.2638	0	-0
-12.053	-0.2638	0	-0
-10.587	-0.2638	0	-0
-9.1202	-0.2638	0	-0
-7.6539	-0.2638	0	-0
-6.1876	-0.2638	0	-0
-4.7213	-0.2638	0	-0
-3.255	-0.2638	0.0012194	-0.0025112
-1.7887	-0.2638	0.0011424	-0.0018453
-0.32241	-0.2638	0.0011114	-0.0013018
1.1439	-0.2638	0.00098704	-0.00072732
2.6102	-0.2638	0.00085641	-0.00017397
4.0765	-0.2638	0.00067177	0.00042841
5.5428	-0.2638	0.00050862	0.0010338
7.0091	-0.2638	0.00032877	0.0016098
8.4754	-0.2638	0.00028674	0.0021849
9.9417	-0.2638	0	-0
11.408	-0.2638	0	-0
12.874	-0.2638	0	-0
14.341	-0.2638	0	-0
15.807	-0.2638	0	-0
-14.985	-1.7301	0	-0
-13.519	-1.7301	0	-0
-12.053	-1.7301	0	-0
-10.587	-1.7301	0	-0
-9.1202	-1.7301	0	-0
-7.6539	-1.7301	0	-0
-6.1876	-1.7301	0	-0
-4.7213	-1.7301	0	-0
-3.255	-1.7301	0.001756	-0.0026378
-1.7887	-1.7301	0.0016892	-0.0020839
-0.32241	-1.7301	0.0016792	-0.0015887
1.1439	-1.7301	0.0016429	-0.0011902
2.6102	-1.7301	0.0014619	-0.00059759
4.0765	-1.7301	0.0012404	0.00010593
5.5428	-1.7301	0.0010386	0.00071234
7.0091	-1.7301	0.00087917	0.0012992
8.4754	-1.7301	0.00084019	0.0018574
9.9417	-1.7301	0	-0
11.408	-1.7301	0	-0
12.874	-1.7301	0	-0
14.341	-1.7301	0	-0
15.807	-1.7301	0	-0
-14.985	-3.1964	0	-0
-13.519	-3.1964	0	-0
-12.053	-3.1964	0	-0
-10.587	-3.1964	0	-0
-9.1202	-3.1964	0	-0
-7.6539	-3.1964	0	-0
-6.1876	-3.1964	0	-0
-4.7213	-3.1964	0	-0
-3.255	-3.1964	0.0022781	-0.0027884
-1.7887	-3.1964	0.0022266	-0.0023233
-0.32241	-3.1964	0.0021393	-0.0018332
1.1439	-3.1964	0.0021074	-0.0013857
2.6102	-3.1964	0.0019828	-0.00084056
4.0765	-3.1964	0.0018207	-0.00032408
5.5428	-3.1964	0.001615	0.00031538
7.0091	-3.1964	0.0014429	0.00085325
8.4754	-3.1964	0.0013944	0.0014511
9.9417	-3.1964	0	-0
11.408	-3.1964	0	-0
12.874	-3.1964	0	-0
14.341	-3.1964	0	-0
15.807	-3.1964	0	-0
-14.985	-4.6627	0	-0
-13.519	-4.6627	0	-0
-12.053	-4.6627	0	-0
-10.587	-4.6627	0	-0
-9.1202	-4.6627	0	-0
-7.6539	-4.6627	0	-0
-6.1876	-4.6627	0	-0
-4.7213	-4.6627	0	-0
-3.255	-4.6627	0.0027837	-0.0030504
-1.7887	-4.6627	0.0027434	-0.0025707
-0.32241	-4.6627	0.0026775	-0.0020655
1.1439	-4.6627	0.0026016	-0.0016865
2.6102	-4.6627	0.0024975	-0.0012025
4.0765	-4.6627	0.0023515	-0.00059532
5.5428	-4.6627	0.0021939	-1.0706e-005
7.0091	-4.6627	0.0020633	0.00050524
8.4754	-4.6627	0.0019927	0.0009865
9.9417	-4.6627	0	-0
11.408	-4.6627	0	-0
12.874	-4.6627	0	-0
14.341	-4.6627	0	-0
15.807	-4.6627	0	-0
-14.985	-6.129	0	-0
-13.519	-6.129	0	-0
-12.053	-6.129	0	-0
-10.587	-6.129	0	-0
-9.1202	-6.129	0	-0
-7.6539	-6.129	0	-0
-6.1876	-6.129	0	-0
-4.7213	-6.129	0	-0
-3.255	-6.129	0.0032877	-0.003305
-1.7887	-6.129	0.0032853	-0.0028294
-0.32241	-6.129	0.0031862	-0.0024068
1.1439	-6.129	0.0031	-0.0018569
2.6102	-6.129	0.0029364	-0.0014036
4.0765	-6.129	0.002861	-0.00088053
5.5428	-6.129	0.0027137	-0.00032557
7.0091	-6.129	0.0025937	0.00018603
8.4754	-6.129	0.0025631	0.00076459
9.9417	-6.129	0	-0
11.408	-6.129	0	-0
12.874	-6.129	0	-0
14.341	-6.129	0	-0
15.807	-6.129	0	-0
-14.985	-7.5953	0	-0
-13.519	-7.5953	0	-0
-12.053	-7.5953	0	-0
-10.587	-7.5953	0	-0
-9.1202	-7.5953	0	-0
-7.6539	-7.5953	0	-0
-6.1876	-7.5953	0	-0
-4.7213	-7.5953	0	-0
-3.255	-7.5953	0.0038056	-0.00346
-1.7887	-7.5953	0.003747	-0.0030487
-0.32241	-7.5953	0.0037037	-0.0025853
1.1439	-7.5953	0.0035902	-0.0021544
2.6102	-7.5953	0.0033902	-0.0017077
4.0765	-7.5953	0.003272	-0.001177
5.5428	-7.5953	0.0032265	-0.00065146
7.0091	-7.5953	0.0031467	-0.00010629
8.4754	-7.5953	0.0030204	0.00046658
9.9417	-7.5953	0	-0
11.408	-7.5953	0	-0
12.874	-7.5953	0	-0
14.341	-7.5953	0	-0
15.807	-7.5953	0	-0
-14.985	-9.0616	0	-0
-13.519	-9.0616	0	-0
-12.053	-9.0616	0	-0
-10.587	-9.0616	0	-0
-9.1202	-9.0616	0	-0
-7.6539	-9.0616	0	-0
-6.1876	-9.0616	0	-0
-4.7213	-9.0616	0	-0
-3.255	-9.0616	0.0042421	-0.0036312
-1.7887	-9.0616	0.0041424	-0.0032322
-0.32241	-9.0616	0.0041538	-0.0027766
1.1439	-9.0616	0.004087	-0.0024207
2.6102	-9.0616	0.0038907	-0.0019822
4.0765	-9.0616	0.003783	-0.0015207
5.5428	-9.0616	0.003703	-0.00096462
7.0091	-9.0616	0.0036202	-0.00040899
8.4754	-9.0616	0.0035091	0.00016388
9.9417	-9.0616	0	-0
11.408	-9.0616	0	-0
12.874	-9.0616	0	-0
14.341	-9.0616	0	-0
15.807	-9.0616	0	-0
-14.985	-10.528	0	-0
-13.519	-10.528	0	-0
-12.053	-10.528	0	-0
-10.587	-10.528	0	-0
-9.1202	-10.528	0	-0
-7.6539	-10.528	0	-0
-6.1876	-10.528	0	-0
-4.7213	-10.528	0	-0
-3.255	-10.528	0.004582	-0.003806
-1.7887	-10.528	0.0046014	-0.0034938
-0.32241	-10.528	0.004528	-0.0030438
1.1439	-10.528	0.0045241	-0.0026695
2.6102	-10.528	0.0043891	-0.0022799
4.0765	-10.528	0.0042825	-0.001774
5.5428	-10.528	0.004166	-0.0012492
7.0091	-10.528	0.0040465	-0.00068893
8.4754	-10.528	0.0039662	-9.302e-005
9.9417	-10.528	0	-0
11.408	-10.528	0	-0
12.874	-10.528	0	-0
14.341	-10.528	0	-0
15.807	-10.528	0	-0
-14.985	-11.994	0	-0
-13.519	-11.994	0	-0
-12.053	-11.994	0	-0
-10.587	-11.994	0	-0
-9.1202	-11.994	0	-0
-7.6539	-11.994	0	-0
-6.1876	-11.994	0	-0
-4.7213	-11.994	0	-0
-3.255	-11.994	0	-0
-1.7887	-11.994	0	-0
-0.32241	-11.994	0	-0
1.1439	-11.994	0	-0
2.6102	-11.994	0	-0
4.0765	-11.994	0	-0
5.5428	-11.994	0	-0
7.0091	-11.994	0	-0
8.4754	-11.994	0	-0
9.9417	-11.994	0	-0
11.408	-11.994	0	-0
12.874	-11.994	0	-0
14.341	-11.994	0	-0
15.807	-11.994	0	-0
