#DaVis 7.4.0 2D-vector 96 22 22 "" "[mm]" "" "[mm]" "displacement" "[mm]"
-14.985	18.798	0	-0
-13.519	18.798	0	-0
-12.053	18.798	0	-0
-10.587	18.798	0	-0
-9.1202	18.798	0	-0
-7.6539	18.798	0	-0
-6.1876	18.798	0	-0
-4.7213	18.798	0	-0
-3.255	18.798	-0.00093611	-0.00015312
-1.7887	18.798	-0.0010583	-9.1924e-005
-0.32241	18.798	-0.0010407	-3.5764e-005
1.1439	18.798	-0.001056	0.00015163
2.6102	18.798	-0.0010798	0.00020863
4.0765	18.798	-0.0010777	0.00036825
5.5428	18.798	-0.0010651	0.00045825
7.0091	18.798	-0.001139	0.00054377
8.4754	18.798	0	-0
9.9417	18.798	0	-0
11.408	18.798	0	-0
12.874	18.798	0	-0
14.341	18.798	0	-0
15.807	18.798	0	-0
-14.985	17.332	0	-0
-13.519	17.332	0	-0
-12.053	17.332	0	-0
-10.587	17.332	0	-0
-9.1202	17.332	0	-0
-7.6539	17.332	0	-0
-6.1876	17.332	0	-0
-4.7213	17.332	0	-0
-3.255	17.332	-0.00090204	-0.00013143
-1.7887	17.332	-0.00098756	-6.1278e-005
-0.32241	17.332	-0.00096266	-3.8719e-006
1.1439	17.332	-0.00097687	0.0001066
2.6102	17.332	-0.00099543	9.6647e-005
4.0765	17.332	-0.00099577	0.00024592
5.5428	17.332	-0.0010037	0.00026664
7.0091	17.332	-0.0010532	0.00042267
8.4754	17.332	-0.0010497	0.00054576
9.9417	17.332	0	-0
11.408	17.332	0	-0
12.874	17.332	0	-0
14.341	17.332	0	-0
15.807	17.332	0	-0
-14.985	15.866	0	-0
-13.519	15.866	0	-0
-12.053	15.866	0	-0
-10.587	15.866	0	-0
-9.1202	15.866	0	-0
-7.6539	15.866	0	-0
-6.1876	15.866	0	-0
-4.7213	15.866	0	-0
-3.255	15.866	-0.00086437	-0.00014384
-1.7887	15.866	-0.00087864	-4.4318e-005
-0.32241	15.866	-0.00086831	3.0612e-005
1.1439	15.866	-0.00085813	0.00014126
2.6102	15.866	-0.00088867	0.00020959
4.0765	15.866	-0.0009116	0.00027536
5.5428	15.866	-0.0009251	0.00039527
7.0091	15.866	-0.00095019	0.00051659
8.4754	15.866	-0.00095536	0.00059306
9.9417	15.866	0	-0
11.408	15.866	0	-0
12.874	15.866	0	-0
14.341	15.866	0	-0
15.807	15.866	0	-0
-14.985	14.399	0	-0
-13.519	14.399	0	-0
-12.053	14.399	0	-0
-10.587	14.399	0	-0
-9.1202	14.399	0	-0
-7.6539	14.399	0	-0
-6.1876	14.399	0	-0
-4.7213	14.399	0	-0
-3.255	14.399	-0.00077122	-7.2445e-005
-1.7887	14.399	-0.00077486	-9.688e-006
-0.32241	14.399	-0.00077694	0.00012584
1.1439	14.399	-0.00077592	0.00020841
2.6102	14.399	-0.00079881	0.00031909
4.0765	14.399	-0.00078977	0.00042851
5.5428	14.399	-0.00082693	0.00053125
7.0091	14.399	-0.00083235	0.0006006
8.4754	14.399	-0.00083637	0.00067353
9.9417	14.399	0	-0
11.408	14.399	0	-0
12.874	14.399	0	-0
14.341	14.399	0	-0
15.807	14.399	0	-0
-14.985	12.933	0	-0
-13.519	12.933	0	-0
-12.053	12.933	0	-0
-10.587	12.933	0	-0
-9.1202	12.933	0	-0
-7.6539	12.933	0	-0
-6.1876	12.933	0	-0
-4.7213	12.933	0	-0
-3.255	12.933	-0.00069058	-7.8364e-005
-1.7887	12.933	-0.00069448	2.1114e-006
-0.32241	12.933	-0.00069548	8.0924e-005
1.1439	12.933	-0.0006947	0.00019472
2.6102	12.933	-0.00070673	0.00028908
4.0765	12.933	-0.00070549	0.00037192
5.5428	12.933	-0.00073305	0.00045513
7.0091	12.933	-0.00074871	0.00056936
8.4754	12.933	-0.00074994	0.00067794
9.9417	12.933	0	-0
11.408	12.933	0	-0
12.874	12.933	0	-0
14.341	12.933	0	-0
15.807	12.933	0	-0
-14.985	11.467	0	-0
-13.519	11.467	0	-0
-12.053	11.467	0	-0
-10.587	11.467	0	-0
-9.1202	11.467	0	-0
-7.6539	11.467	0	-0
-6.1876	11.467	0	-0
-4.7213	11.467	0	-0
-3.255	11.467	-0.00061402	-0.00011395
-1.7887	11.467	-0.00059686	-2.7776e-005
-0.32241	11.467	-0.00058599	5.7374e-005
1.1439	11.467	-0.00061476	0.00016012
2.6102	11.467	-0.00060249	0.00023952
4.0765	11.467	-0.000609	0.00034628
5.5428	11.467	-0.00062305	0.00043701
7.0091	11.467	-0.0006399	0.00056034
8.4754	11.467	-0.00063642	0.0006745
9.9417	11.467	0	-0
11.408	11.467	0	-0
12.874	11.467	0	-0
14.341	11.467	0	-0
15.807	11.467	0	-0
-14.985	10	0	-0
-13.519	10	0	-0
-12.053	10	0	-0
-10.587	10	0	-0
-9.1202	10	0	-0
-7.6539	10	0	-0
-6.1876	10	0	-0
-4.7213	10	0	-0
-3.255	10	-0.00051965	-0.00011735
-1.7887	10	-0.00049299	-3.6263e-005
-0.32241	10	-0.0005174	4.8436e-005
1.1439	10	-0.00051527	0.00014493
2.6102	10	-0.00052642	0.00024934
4.0765	10	-0.00050047	0.00033874
5.5428	10	-0.00049772	0.00041192
7.0091	10	-0.00059998	0.0005405
8.4754	10	-0.0005773	0.00060041
9.9417	10	0	-0
11.408	10	0	-0
12.874	10	0	-0
14.341	10	0	-0
15.807	10	0	-0
-14.985	8.534	0	-0
-13.519	8.534	0	-0
-12.053	8.534	0	-0
-10.587	8.534	0	-0
-9.1202	8.534	0	-0
-7.6539	8.534	0	-0
-6.1876	8.534	0	-0
-4.7213	8.534	0	-0
-3.255	8.534	-0.00044071	-0.00011582
-1.7887	8.534	-0.00042632	-4.5338e-005
-0.32241	8.534	-0.00045121	3.3774e-005
1.1439	8.534	-0.00043355	0.00012041
2.6102	8.534	-0.00045638	0.00021847
4.0765	8.534	-0.00042955	0.00031946
5.5428	8.534	-0.00040816	0.00041762
7.0091	8.534	-0.00048249	0.00052868
8.4754	8.534	-0.00047219	0.00063568
9.9417	8.534	0	-0
11.408	8.534	0	-0
12.874	8.534	0	-0
14.341	8.534	0	-0
15.807	8.534	0	-0
-14.985	7.0677	0	-0
-13.519	7.0677	0	-0
-12.053	7.0677	0	-0
-10.587	7.0677	0	-0
-9.1202	7.0677	0	-0
-7.6539	7.0677	0	-0
-6.1876	7.0677	0	-0
-4.7213	7.0677	0	-0
-3.255	7.0677	-0.00034504	-0.00013179
-1.7887	7.0677	-0.00031813	-6.1269e-005
-0.32241	7.0677	-0.00032301	-1.1557e-005
1.1439	7.0677	-0.00032635	0.00012486
2.6102	7.0677	-0.00031731	0.00025153
4.0765	7.0677	-0.00031719	0.0003516
5.5428	7.0677	-0.00034414	0.00043541
7.0091	7.0677	-0.00037278	0.00052425
8.4754	7.0677	-0.00038433	0.0005912
9.9417	7.0677	0	-0
11.408	7.0677	0	-0
12.874	7.0677	0	-0
14.341	7.0677	0	-0
15.807	7.0677	0	-0
-14.985	5.6014	0	-0
-13.519	5.6014	0	-0
-12.053	5.6014	0	-0
-10.587	5.6014	0	-0
-9.1202	5.6014	0	-0
-7.6539	5.6014	0	-0
-6.1876	5.6014	0	-0
-4.7213	5.6014	0	-0
-3.255	5.6014	-0.00022378	-0.0001735
-1.7887	5.6014	-0.00023572	-0.00010865
-0.32241	5.6014	-0.00024886	-1.029e-005
1.1439	5.6014	-0.0002501	0.00010969
2.6102	5.6014	-0.00026112	0.00020681
4.0765	5.6014	-0.0002661	0.00027862
5.5428	5.6014	-0.00026849	0.00043744
7.0091	5.6014	-0.00026335	0.00046732
8.4754	5.6014	-0.00026363	0.00057313
9.9417	5.6014	0	-0
11.408	5.6014	0	-0
12.874	5.6014	0	-0
14.341	5.6014	0	-0
15.807	5.6014	0	-0
-14.985	4.1351	0	-0
-13.519	4.1351	0	-0
-12.053	4.1351	0	-0
-10.587	4.1351	0	-0
-9.1202	4.1351	0	-0
-7.6539	4.1351	0	-0
-6.1876	4.1351	0	-0
-4.7213	4.1351	0	-0
-3.255	4.1351	-0.00013174	-0.00025545
-1.7887	4.1351	-0.00012274	-0.00021524
-0.32241	4.1351	-0.00015267	-0.00013603
1.1439	4.1351	-0.00015882	-6.521e-005
2.6102	4.1351	-0.00016931	2.5948e-005
4.0765	4.1351	-0.00016496	7.6238e-005
5.5428	4.1351	-0.00018976	0.00015829
7.0091	4.1351	-0.00018739	0.00031623
8.4754	4.1351	-0.0001712	0.00036956
9.9417	4.1351	0	-0
11.408	4.1351	0	-0
12.874	4.1351	0	-0
14.341	4.1351	0	-0
15.807	4.1351	0	-0
-14.985	2.6688	0	-0
-13.519	2.6688	0	-0
-12.053	2.6688	0	-0
-10.587	2.6688	0	-0
-9.1202	2.6688	0	-0
-7.6539	2.6688	0	-0
-6.1876	2.6688	0	-0
-4.7213	2.6688	0	-0
-3.255	2.6688	-6.2973e-005	-0.00043717
-1.7887	2.6688	-3.4317e-005	-0.00040152
-0.32241	2.6688	-4.7348e-005	-0.00030476
1.1439	2.6688	-6.4634e-005	-0.00023931
2.6102	2.6688	-5.4198e-005	-0.00019296
4.0765	2.6688	-7.8298e-005	-0.00013909
5.5428	2.6688	-0.00010021	-7.6786e-005
7.0091	2.6688	-0.00010887	2.0687e-005
8.4754	2.6688	-9.1409e-005	5.0326e-005
9.9417	2.6688	0	-0
11.408	2.6688	0	-0
12.874	2.6688	0	-0
14.341	2.6688	0	-0
15.807	2.6688	0	-0
-14.985	1.2025	0	-0
-13.519	1.2025	0	-0
-12.053	1.2025	0	-0
-10.587	1.2025	0	-0
-9.1202	1.2025	0	-0
-7.6539	1.2025	0	-0
-6.1876	1.2025	0	-0
-4.7213	1.2025	0	-0
-3.255	1.2025	3.465e-005	-0.00049532
-1.7887	1.2025	6.4472e-005	-0.00044525
-0.32241	1.2025	3.9886e-005	-0.00037219
1.1439	1.2025	1.4776e-005	-0.00030342
2.6102	1.2025	2.4627e-005	-0.00024197
4.0765	1.2025	6.3987e-006	-0.00019291
5.5428	1.2025	5.8929e-006	-0.00011483
7.0091	1.2025	7.8717e-007	-5.0312e-005
8.4754	1.2025	-2.6312e-006	3.9252e-006
9.9417	1.2025	0	-0
11.408	1.2025	0	-0
12.874	1.2025	0	-0
14.341	1.2025	0	-0
15.807	1.2025	0	-0
-14.985	-0.2638	0	-0
-13.519	-0.2638	0	-0
-12.053	-0.2638	0	-0
-10.587	-0.2638	0	-0
-9.1202	-0.2638	0	-0
-7.6539	-0.2638	0	-0
-6.1876	-0.2638	0	-0
-4.7213	-0.2638	0	-0
-3.255	-0.2638	0.00010305	-0.00053202
-1.7887	-0.2638	0.00012811	-0.00046154
-0.32241	-0.2638	0.00013387	-0.00039589
1.1439	-0.2638	0.00011999	-0.00032388
2.6102	-0.2638	0.00011753	-0.00027158
4.0765	-0.2638	8.3883e-005	-0.0001976
5.5428	-0.2638	9.4929e-005	-0.00012149
7.0091	-0.2638	7.9752e-005	-7.1103e-005
8.4754	-0.2638	7.5164e-005	4.2486e-005
9.9417	-0.2638	0	-0
11.408	-0.2638	0	-0
12.874	-0.2638	0	-0
14.341	-0.2638	0	-0
15.807	-0.2638	0	-0
-14.985	-1.7301	0	-0
-13.519	-1.7301	0	-0
-12.053	-1.7301	0	-0
-10.587	-1.7301	0	-0
-9.1202	-1.7301	0	-0
-7.6539	-1.7301	0	-0
-6.1876	-1.7301	0	-0
-4.7213	-1.7301	0	-0
-3.255	-1.7301	0.00017408	-0.00055513
-1.7887	-1.7301	0.00018548	-0.00046229
-0.32241	-1.7301	0.00021615	-0.00040852
1.1439	-1.7301	0.00019273	-0.00035642
2.6102	-1.7301	0.00017667	-0.00029587
4.0765	-1.7301	0.00016869	-0.00020689
5.5428	-1.7301	0.00015128	-0.0001414
7.0091	-1.7301	0.00013465	-6.6659e-005
8.4754	-1.7301	0.00014526	-1.7817e-005
9.9417	-1.7301	0	-0
11.408	-1.7301	0	-0
12.874	-1.7301	0	-0
14.341	-1.7301	0	-0
15.807	-1.7301	0	-0
-14.985	-3.1964	0	-0
-13.519	-3.1964	0	-0
-12.053	-3.1964	0	-0
-10.587	-3.1964	0	-0
-9.1202	-3.1964	0	-0
-7.6539	-3.1964	0	-0
-6.1876	-3.1964	0	-0
-4.7213	-3.1964	0	-0
-3.255	-3.1964	0.00028108	-0.00054856
-1.7887	-3.1964	0.00029478	-0.00049518
-0.32241	-3.1964	0.00028546	-0.00041813
1.1439	-3.1964	0.00029448	-0.00036573
2.6102	-3.1964	0.00026896	-0.00029564
4.0765	-3.1964	0.00025885	-0.00026531
5.5428	-3.1964	0.00023087	-0.00017744
7.0091	-3.1964	0.00023002	-0.00011731
8.4754	-3.1964	0.00021565	-1.947e-005
9.9417	-3.1964	0	-0
11.408	-3.1964	0	-0
12.874	-3.1964	0	-0
14.341	-3.1964	0	-0
15.807	-3.1964	0	-0
-14.985	-4.6627	0	-0
-13.519	-4.6627	0	-0
-12.053	-4.6627	0	-0
-10.587	-4.6627	0	-0
-9.1202	-4.6627	0	-0
-7.6539	-4.6627	0	-0
-6.1876	-4.6627	0	-0
-4.7213	-4.6627	0	-0
-3.255	-4.6627	0.00037667	-0.00058813
-1.7887	-4.6627	0.00039727	-0.0005066
-0.32241	-4.6627	0.00038088	-0.00041735
1.1439	-4.6627	0.00038729	-0.00042759
2.6102	-4.6627	0.00036964	-0.00033836
4.0765	-4.6627	0.00035147	-0.00025485
5.5428	-4.6627	0.00034144	-0.00018946
7.0091	-4.6627	0.0003401	-0.00012721
8.4754	-4.6627	0.00030677	-7.5129e-005
9.9417	-4.6627	0	-0
11.408	-4.6627	0	-0
12.874	-4.6627	0	-0
14.341	-4.6627	0	-0
15.807	-4.6627	0	-0
-14.985	-6.129	0	-0
-13.519	-6.129	0	-0
-12.053	-6.129	0	-0
-10.587	-6.129	0	-0
-9.1202	-6.129	0	-0
-7.6539	-6.129	0	-0
-6.1876	-6.129	0	-0
-4.7213	-6.129	0	-0
-3.255	-6.129	0.00045297	-0.00063816
-1.7887	-6.129	0.00047645	-0.00053375
-0.32241	-6.129	0.00045099	-0.00048101
1.1439	-6.129	0.00045364	-0.00039891
2.6102	-6.129	0.00046276	-0.00034396
4.0765	-6.129	0.00044386	-0.00027963
5.5428	-6.129	0.00039962	-0.00020197
7.0091	-6.129	0.00041591	-0.00017904
8.4754	-6.129	0.00040349	-9.758e-005
9.9417	-6.129	0	-0
11.408	-6.129	0	-0
12.874	-6.129	0	-0
14.341	-6.129	0	-0
15.807	-6.129	0	-0
-14.985	-7.5953	0	-0
-13.519	-7.5953	0	-0
-12.053	-7.5953	0	-0
-10.587	-7.5953	0	-0
-9.1202	-7.5953	0	-0
-7.6539	-7.5953	0	-0
-6.1876	-7.5953	0	-0
-4.7213	-7.5953	0	-0
-3.255	-7.5953	0.00056197	-0.00064563
-1.7887	-7.5953	0.00053509	-0.00057617
-0.32241	-7.5953	0.00050359	-0.00049112
1.1439	-7.5953	0.00049232	-0.0004462
2.6102	-7.5953	0.0005132	-0.00038716
4.0765	-7.5953	0.00049983	-0.00032159
5.5428	-7.5953	0.0004652	-0.00028929
7.0091	-7.5953	0.00046385	-0.00022035
8.4754	-7.5953	0.00045591	-0.00015479
9.9417	-7.5953	0	-0
11.408	-7.5953	0	-0
12.874	-7.5953	0	-0
14.341	-7.5953	0	-0
15.807	-7.5953	0	-0
-14.985	-9.0616	0	-0
-13.519	-9.0616	0	-0
-12.053	-9.0616	0	-0
-10.587	-9.0616	0	-0
-9.1202	-9.0616	0	-0
-7.6539	-9.0616	0	-0
-6.1876	-9.0616	0	-0
-4.7213	-9.0616	0	-0
-3.255	-9.0616	0.0006265	-0.00063319
-1.7887	-9.0616	0.00059406	-0.00059204
-0.32241	-9.0616	0.00060394	-0.00052994
1.1439	-9.0616	0.00059532	-0.00047981
2.6102	-9.0616	0.00057294	-0.00039853
4.0765	-9.0616	0.00056421	-0.00036795
5.5428	-9.0616	0.00057495	-0.00029906
7.0091	-9.0616	0.00054521	-0.00026337
8.4754	-9.0616	0.00055047	-0.00018858
9.9417	-9.0616	0	-0
11.408	-9.0616	0	-0
12.874	-9.0616	0	-0
14.341	-9.0616	0	-0
15.807	-9.0616	0	-0
-14.985	-10.528	0	-0
-13.519	-10.528	0	-0
-12.053	-10.528	0	-0
-10.587	-10.528	0	-0
-9.1202	-10.528	0	-0
-7.6539	-10.528	0	-0
-6.1876	-10.528	0	-0
-4.7213	-10.528	0	-0
-3.255	-10.528	0.00068772	-0.00068575
-1.7887	-10.528	0.00070371	-0.0006181
-0.32241	-10.528	0.00069586	-0.00054221
1.1439	-10.528	0.00067047	-0.00049921
2.6102	-10.528	0.00068566	-0.00043021
4.0765	-10.528	0.00068607	-0.00036125
5.5428	-10.528	0.00067762	-0.00033357
7.0091	-10.528	0.00067876	-0.00027156
8.4754	-10.528	0.00065806	-0.00021009
9.9417	-10.528	0	-0
11.408	-10.528	0	-0
12.874	-10.528	0	-0
14.341	-10.528	0	-0
15.807	-10.528	0	-0
-14.985	-11.994	0	-0
-13.519	-11.994	0	-0
-12.053	-11.994	0	-0
-10.587	-11.994	0	-0
-9.1202	-11.994	0	-0
-7.6539	-11.994	0	-0
-6.1876	-11.994	0	-0
-4.7213	-11.994	0	-0
-3.255	-11.994	0	-0
-1.7887	-11.994	0	-0
-0.32241	-11.994	0	-0
1.1439	-11.994	0	-0
2.6102	-11.994	0	-0
4.0765	-11.994	0	-0
5.5428	-11.994	0	-0
7.0091	-11.994	0	-0
8.4754	-11.994	0	-0
9.9417	-11.994	0	-0
11.408	-11.994	0	-0
12.874	-11.994	0	-0
14.341	-11.994	0	-0
15.807	-11.994	0	-0
