#DaVis 7.4.0 2D-vector 96 22 22 "" "[mm]" "" "[mm]" "displacement" "[mm]"
-14.985	18.798	0	-0
-13.519	18.798	0	-0
-12.053	18.798	0	-0
-10.587	18.798	0	-0
-9.1202	18.798	0	-0
-7.6539	18.798	0	-0
-6.1876	18.798	0	-0
-4.7213	18.798	0	-0
-3.255	18.798	-0.0032234	0.0078788
-1.7887	18.798	-0.0036101	0.010161
-0.32241	18.798	-0.0036811	0.010351
1.1439	18.798	-0.0040008	0.011651
2.6102	18.798	-0.0042669	0.012209
4.0765	18.798	-0.0047719	0.012373
5.5428	18.798	-0.0048206	0.013402
7.0091	18.798	-0.0054918	0.01407
8.4754	18.798	0	-0
9.9417	18.798	0	-0
11.408	18.798	0	-0
12.874	18.798	0	-0
14.341	18.798	0	-0
15.807	18.798	0	-0
-14.985	17.332	0	-0
-13.519	17.332	0	-0
-12.053	17.332	0	-0
-10.587	17.332	0	-0
-9.1202	17.332	0	-0
-7.6539	17.332	0	-0
-6.1876	17.332	0	-0
-4.7213	17.332	0	-0
-3.255	17.332	-0.0030019	0.0097657
-1.7887	17.332	-0.0032883	0.01039
-0.32241	17.332	-0.003308	0.010681
1.1439	17.332	-0.003421	0.011076
2.6102	17.332	-0.0036561	0.011492
4.0765	17.332	-0.0040909	0.012381
5.5428	17.332	-0.0044975	0.012896
7.0091	17.332	-0.0049291	0.013468
8.4754	17.332	-0.0051392	0.014055
9.9417	17.332	0	-0
11.408	17.332	0	-0
12.874	17.332	0	-0
14.341	17.332	0	-0
15.807	17.332	0	-0
-14.985	15.866	0	-0
-13.519	15.866	0	-0
-12.053	15.866	0	-0
-10.587	15.866	0	-0
-9.1202	15.866	0	-0
-7.6539	15.866	0	-0
-6.1876	15.866	0	-0
-4.7213	15.866	0	-0
-3.255	15.866	-0.0027421	0.0087176
-1.7887	15.866	-0.0029714	0.0094355
-0.32241	15.866	-0.0030483	0.0099841
1.1439	15.866	-0.003072	0.01024
2.6102	15.866	-0.0031897	0.010268
4.0765	15.866	-0.0036648	0.011124
5.5428	15.866	-0.0040968	0.012062
7.0091	15.866	-0.0045466	0.01273
8.4754	15.866	-0.0047414	0.013089
9.9417	15.866	0	-0
11.408	15.866	0	-0
12.874	15.866	0	-0
14.341	15.866	0	-0
15.807	15.866	0	-0
-14.985	14.399	0	-0
-13.519	14.399	0	-0
-12.053	14.399	0	-0
-10.587	14.399	0	-0
-9.1202	14.399	0	-0
-7.6539	14.399	0	-0
-6.1876	14.399	0	-0
-4.7213	14.399	0	-0
-3.255	14.399	-0.0022494	0.0078288
-1.7887	14.399	-0.0024916	0.008501
-0.32241	14.399	-0.0026479	0.0090885
1.1439	14.399	-0.0026803	0.0089203
2.6102	14.399	-0.0030062	0.0097057
4.0765	14.399	-0.0032485	0.010227
5.5428	14.399	-0.0037754	0.01102
7.0091	14.399	-0.0041089	0.011578
8.4754	14.399	-0.0043149	0.011784
9.9417	14.399	0	-0
11.408	14.399	0	-0
12.874	14.399	0	-0
14.341	14.399	0	-0
15.807	14.399	0	-0
-14.985	12.933	0	-0
-13.519	12.933	0	-0
-12.053	12.933	0	-0
-10.587	12.933	0	-0
-9.1202	12.933	0	-0
-7.6539	12.933	0	-0
-6.1876	12.933	0	-0
-4.7213	12.933	0	-0
-3.255	12.933	-0.0018584	0.0069427
-1.7887	12.933	-0.0021035	0.0074703
-0.32241	12.933	-0.002329	0.0079605
1.1439	12.933	-0.0024276	0.0082938
2.6102	12.933	-0.002432	0.008612
4.0765	12.933	-0.0028076	0.0091467
5.5428	12.933	-0.0032424	0.009635
7.0091	12.933	-0.0037573	0.010368
8.4754	12.933	-0.0040062	0.010597
9.9417	12.933	0	-0
11.408	12.933	0	-0
12.874	12.933	0	-0
14.341	12.933	0	-0
15.807	12.933	0	-0
-14.985	11.467	0	-0
-13.519	11.467	0	-0
-12.053	11.467	0	-0
-10.587	11.467	0	-0
-9.1202	11.467	0	-0
-7.6539	11.467	0	-0
-6.1876	11.467	0	-0
-4.7213	11.467	0	-0
-3.255	11.467	-0.0016213	0.0059698
-1.7887	11.467	-0.0017445	0.0065055
-0.32241	11.467	-0.0019578	0.0068919
1.1439	11.467	-0.0022449	0.0073281
2.6102	11.467	-0.0023385	0.0075659
4.0765	11.467	-0.0026316	0.0081918
5.5428	11.467	-0.0029818	0.0085174
7.0091	11.467	-0.0034943	0.0091563
8.4754	11.467	-0.0038141	0.0095883
9.9417	11.467	0	-0
11.408	11.467	0	-0
12.874	11.467	0	-0
14.341	11.467	0	-0
15.807	11.467	0	-0
-14.985	10	0	-0
-13.519	10	0	-0
-12.053	10	0	-0
-10.587	10	0	-0
-9.1202	10	0	-0
-7.6539	10	0	-0
-6.1876	10	0	-0
-4.7213	10	0	-0
-3.255	10	-0.0015507	0.0052116
-1.7887	10	-0.0017342	0.0055748
-0.32241	10	-0.0019694	0.0059838
1.1439	10	-0.0022031	0.0064322
2.6102	10	-0.0022435	0.0066835
4.0765	10	-0.0023972	0.0070966
5.5428	10	-0.0027969	0.0076108
7.0091	10	-0.0032557	0.0081065
8.4754	10	-0.0035086	0.0083911
9.9417	10	0	-0
11.408	10	0	-0
12.874	10	0	-0
14.341	10	0	-0
15.807	10	0	-0
-14.985	8.534	0	-0
-13.519	8.534	0	-0
-12.053	8.534	0	-0
-10.587	8.534	0	-0
-9.1202	8.534	0	-0
-7.6539	8.534	0	-0
-6.1876	8.534	0	-0
-4.7213	8.534	0	-0
-3.255	8.534	-0.0014671	0.0041014
-1.7887	8.534	-0.0016978	0.004642
-0.32241	8.534	-0.0019903	0.005071
1.1439	8.534	-0.002018	0.0054912
2.6102	8.534	-0.0020371	0.0057944
4.0765	8.534	-0.0020918	0.00597
5.5428	8.534	-0.0023056	0.0066745
7.0091	8.534	-0.00286	0.0071026
8.4754	8.534	-0.0030928	0.0072874
9.9417	8.534	0	-0
11.408	8.534	0	-0
12.874	8.534	0	-0
14.341	8.534	0	-0
15.807	8.534	0	-0
-14.985	7.0677	0	-0
-13.519	7.0677	0	-0
-12.053	7.0677	0	-0
-10.587	7.0677	0	-0
-9.1202	7.0677	0	-0
-7.6539	7.0677	0	-0
-6.1876	7.0677	0	-0
-4.7213	7.0677	0	-0
-3.255	7.0677	-0.001155	0.0031306
-1.7887	7.0677	-0.0012727	0.0037786
-0.32241	7.0677	-0.0013865	0.004223
1.1439	7.0677	-0.0014333	0.0046666
2.6102	7.0677	-0.0014662	0.0049639
4.0765	7.0677	-0.0016248	0.0051387
5.5428	7.0677	-0.0019409	0.0056896
7.0091	7.0677	-0.0024367	0.0060399
8.4754	7.0677	-0.0027308	0.0060537
9.9417	7.0677	0	-0
11.408	7.0677	0	-0
12.874	7.0677	0	-0
14.341	7.0677	0	-0
15.807	7.0677	0	-0
-14.985	5.6014	0	-0
-13.519	5.6014	0	-0
-12.053	5.6014	0	-0
-10.587	5.6014	0	-0
-9.1202	5.6014	0	-0
-7.6539	5.6014	0	-0
-6.1876	5.6014	0	-0
-4.7213	5.6014	0	-0
-3.255	5.6014	-0.0005025	0.0020509
-1.7887	5.6014	-0.00058748	0.0028634
-0.32241	5.6014	-0.00070764	0.0033272
1.1439	5.6014	-0.00085208	0.0037565
2.6102	5.6014	-0.00093526	0.0040308
4.0765	5.6014	-0.0012207	0.004071
5.5428	5.6014	-0.0016139	0.0047603
7.0091	5.6014	-0.0020143	0.0048418
8.4754	5.6014	-0.0023	0.004995
9.9417	5.6014	0	-0
11.408	5.6014	0	-0
12.874	5.6014	0	-0
14.341	5.6014	0	-0
15.807	5.6014	0	-0
-14.985	4.1351	0	-0
-13.519	4.1351	0	-0
-12.053	4.1351	0	-0
-10.587	4.1351	0	-0
-9.1202	4.1351	0	-0
-7.6539	4.1351	0	-0
-6.1876	4.1351	0	-0
-4.7213	4.1351	0	-0
-3.255	4.1351	0.00033933	0.0012264
-1.7887	4.1351	0.00012584	0.0020581
-0.32241	4.1351	-0.00012232	0.0026856
1.1439	4.1351	-0.00037666	0.0029238
2.6102	4.1351	-0.00052514	0.0031224
4.0765	4.1351	-0.00095449	0.0033178
5.5428	4.1351	-0.0013691	0.0038509
7.0091	4.1351	-0.0016487	0.0039933
8.4754	4.1351	-0.0018861	0.0039644
9.9417	4.1351	0	-0
11.408	4.1351	0	-0
12.874	4.1351	0	-0
14.341	4.1351	0	-0
15.807	4.1351	0	-0
-14.985	2.6688	0	-0
-13.519	2.6688	0	-0
-12.053	2.6688	0	-0
-10.587	2.6688	0	-0
-9.1202	2.6688	0	-0
-7.6539	2.6688	0	-0
-6.1876	2.6688	0	-0
-4.7213	2.6688	0	-0
-3.255	2.6688	0.0010988	0.00055867
-1.7887	2.6688	0.00089354	0.0012194
-0.32241	2.6688	0.00048443	0.0018317
1.1439	2.6688	4.8496e-005	0.0020875
2.6102	2.6688	-0.00033344	0.0022615
4.0765	2.6688	-0.00066762	0.0023388
5.5428	2.6688	-0.0011672	0.0026008
7.0091	2.6688	-0.0015559	0.0030283
8.4754	2.6688	-0.0017673	0.0030717
9.9417	2.6688	0	-0
11.408	2.6688	0	-0
12.874	2.6688	0	-0
14.341	2.6688	0	-0
15.807	2.6688	0	-0
-14.985	1.2025	0	-0
-13.519	1.2025	0	-0
-12.053	1.2025	0	-0
-10.587	1.2025	0	-0
-9.1202	1.2025	0	-0
-7.6539	1.2025	0	-0
-6.1876	1.2025	0	-0
-4.7213	1.2025	0	-0
-3.255	1.2025	0.0016657	-0.0004082
-1.7887	1.2025	0.001421	0.0001552
-0.32241	1.2025	0.0010511	0.00051017
1.1439	1.2025	0.00050936	0.00077087
2.6102	1.2025	8.1634e-005	0.00091504
4.0765	1.2025	-0.00042094	0.0010898
5.5428	1.2025	-0.00088131	0.0014315
7.0091	1.2025	-0.0014607	0.0017315
8.4754	1.2025	-0.001695	0.0016558
9.9417	1.2025	0	-0
11.408	1.2025	0	-0
12.874	1.2025	0	-0
14.341	1.2025	0	-0
15.807	1.2025	0	-0
-14.985	-0.2638	0	-0
-13.519	-0.2638	0	-0
-12.053	-0.2638	0	-0
-10.587	-0.2638	0	-0
-9.1202	-0.2638	0	-0
-7.6539	-0.2638	0	-0
-6.1876	-0.2638	0	-0
-4.7213	-0.2638	0	-0
-3.255	-0.2638	0.0019909	-0.00139
-1.7887	-0.2638	0.0016808	-0.001049
-0.32241	-0.2638	0.0014835	-0.00098195
1.1439	-0.2638	0.0010632	-0.0008483
2.6102	-0.2638	0.00054919	-0.00066525
4.0765	-0.2638	-8.2408e-005	-0.00032271
5.5428	-0.2638	-0.00069033	2.1655e-005
7.0091	-0.2638	-0.0013146	0.00021273
8.4754	-0.2638	-0.0015304	0.00028586
9.9417	-0.2638	0	-0
11.408	-0.2638	0	-0
12.874	-0.2638	0	-0
14.341	-0.2638	0	-0
15.807	-0.2638	0	-0
-14.985	-1.7301	0	-0
-13.519	-1.7301	0	-0
-12.053	-1.7301	0	-0
-10.587	-1.7301	0	-0
-9.1202	-1.7301	0	-0
-7.6539	-1.7301	0	-0
-6.1876	-1.7301	0	-0
-4.7213	-1.7301	0	-0
-3.255	-1.7301	0.0020542	-0.0020898
-1.7887	-1.7301	0.0018544	-0.0019898
-0.32241	-1.7301	0.0016898	-0.0021033
1.1439	-1.7301	0.0015377	-0.0024915
2.6102	-1.7301	0.00084562	-0.0021252
4.0765	-1.7301	0.00014134	-0.0016014
5.5428	-1.7301	-0.00061163	-0.0012797
7.0091	-1.7301	-0.0011283	-0.001221
8.4754	-1.7301	-0.0014621	-0.001284
9.9417	-1.7301	0	-0
11.408	-1.7301	0	-0
12.874	-1.7301	0	-0
14.341	-1.7301	0	-0
15.807	-1.7301	0	-0
-14.985	-3.1964	0	-0
-13.519	-3.1964	0	-0
-12.053	-3.1964	0	-0
-10.587	-3.1964	0	-0
-9.1202	-3.1964	0	-0
-7.6539	-3.1964	0	-0
-6.1876	-3.1964	0	-0
-4.7213	-3.1964	0	-0
-3.255	-3.1964	0.001939	-0.0028487
-1.7887	-3.1964	0.0016804	-0.0029322
-0.32241	-3.1964	0.0014129	-0.0030214
1.1439	-3.1964	0.0012561	-0.0033896
2.6102	-3.1964	0.00082824	-0.0033324
4.0765	-3.1964	0.00025145	-0.0031804
5.5428	-3.1964	-0.00051592	-0.0028073
7.0091	-3.1964	-0.0011241	-0.002752
8.4754	-3.1964	-0.0015114	-0.0027713
9.9417	-3.1964	0	-0
11.408	-3.1964	0	-0
12.874	-3.1964	0	-0
14.341	-3.1964	0	-0
15.807	-3.1964	0	-0
-14.985	-4.6627	0	-0
-13.519	-4.6627	0	-0
-12.053	-4.6627	0	-0
-10.587	-4.6627	0	-0
-9.1202	-4.6627	0	-0
-7.6539	-4.6627	0	-0
-6.1876	-4.6627	0	-0
-4.7213	-4.6627	0	-0
-3.255	-4.6627	0.0017376	-0.0037633
-1.7887	-4.6627	0.0014777	-0.0038553
-0.32241	-4.6627	0.0011632	-0.0039356
1.1439	-4.6627	0.00091523	-0.0043336
2.6102	-4.6627	0.00059599	-0.0045361
4.0765	-4.6627	2.3112e-005	-0.004359
5.5428	-4.6627	-0.000496	-0.0040903
7.0091	-4.6627	-0.00095707	-0.00405
8.4754	-4.6627	-0.0014074	-0.0041764
9.9417	-4.6627	0	-0
11.408	-4.6627	0	-0
12.874	-4.6627	0	-0
14.341	-4.6627	0	-0
15.807	-4.6627	0	-0
-14.985	-6.129	0	-0
-13.519	-6.129	0	-0
-12.053	-6.129	0	-0
-10.587	-6.129	0	-0
-9.1202	-6.129	0	-0
-7.6539	-6.129	0	-0
-6.1876	-6.129	0	-0
-4.7213	-6.129	0	-0
-3.255	-6.129	0.0016088	-0.0047664
-1.7887	-6.129	0.0013846	-0.0049477
-0.32241	-6.129	0.00097609	-0.0051357
1.1439	-6.129	0.00054668	-0.0052326
2.6102	-6.129	0.00025029	-0.0054937
4.0765	-6.129	-0.00015255	-0.005506
5.5428	-6.129	-0.00060149	-0.0053364
7.0091	-6.129	-0.0010296	-0.0052877
8.4754	-6.129	-0.001428	-0.0053058
9.9417	-6.129	0	-0
11.408	-6.129	0	-0
12.874	-6.129	0	-0
14.341	-6.129	0	-0
15.807	-6.129	0	-0
-14.985	-7.5953	0	-0
-13.519	-7.5953	0	-0
-12.053	-7.5953	0	-0
-10.587	-7.5953	0	-0
-9.1202	-7.5953	0	-0
-7.6539	-7.5953	0	-0
-6.1876	-7.5953	0	-0
-4.7213	-7.5953	0	-0
-3.255	-7.5953	0.0016537	-0.0055882
-1.7887	-7.5953	0.001276	-0.005833
-0.32241	-7.5953	0.00090929	-0.0060556
1.1439	-7.5953	0.00036986	-0.0064207
2.6102	-7.5953	-1.1264e-005	-0.0067662
4.0765	-7.5953	-0.00036607	-0.0067216
5.5428	-7.5953	-0.00061131	-0.0065781
7.0091	-7.5953	-0.00090181	-0.0064052
8.4754	-7.5953	-0.0013547	-0.0063262
9.9417	-7.5953	0	-0
11.408	-7.5953	0	-0
12.874	-7.5953	0	-0
14.341	-7.5953	0	-0
15.807	-7.5953	0	-0
-14.985	-9.0616	0	-0
-13.519	-9.0616	0	-0
-12.053	-9.0616	0	-0
-10.587	-9.0616	0	-0
-9.1202	-9.0616	0	-0
-7.6539	-9.0616	0	-0
-6.1876	-9.0616	0	-0
-4.7213	-9.0616	0	-0
-3.255	-9.0616	0.0015834	-0.0063578
-1.7887	-9.0616	0.0011887	-0.0066577
-0.32241	-9.0616	0.00075354	-0.0070237
1.1439	-9.0616	0.00029217	-0.0075277
2.6102	-9.0616	-0.00011909	-0.0079344
4.0765	-9.0616	-0.00049345	-0.0079631
5.5428	-9.0616	-0.00058757	-0.0077736
7.0091	-9.0616	-0.00092526	-0.0075795
8.4754	-9.0616	-0.0012963	-0.0075716
9.9417	-9.0616	0	-0
11.408	-9.0616	0	-0
12.874	-9.0616	0	-0
14.341	-9.0616	0	-0
15.807	-9.0616	0	-0
-14.985	-10.528	0	-0
-13.519	-10.528	0	-0
-12.053	-10.528	0	-0
-10.587	-10.528	0	-0
-9.1202	-10.528	0	-0
-7.6539	-10.528	0	-0
-6.1876	-10.528	0	-0
-4.7213	-10.528	0	-0
-3.255	-10.528	0.0012982	-0.0071825
-1.7887	-10.528	0.00087153	-0.0077763
-0.32241	-10.528	0.0005374	-0.0082231
1.1439	-10.528	4.4513e-005	-0.0085778
2.6102	-10.528	-0.00030877	-0.0089788
4.0765	-10.528	-0.00052492	-0.0090667
5.5428	-10.528	-0.00085267	-0.008979
7.0091	-10.528	-0.0011809	-0.0088763
8.4754	-10.528	-0.0014176	-0.0086239
9.9417	-10.528	0	-0
11.408	-10.528	0	-0
12.874	-10.528	0	-0
14.341	-10.528	0	-0
15.807	-10.528	0	-0
-14.985	-11.994	0	-0
-13.519	-11.994	0	-0
-12.053	-11.994	0	-0
-10.587	-11.994	0	-0
-9.1202	-11.994	0	-0
-7.6539	-11.994	0	-0
-6.1876	-11.994	0	-0
-4.7213	-11.994	0	-0
-3.255	-11.994	0	-0
-1.7887	-11.994	0	-0
-0.32241	-11.994	0	-0
1.1439	-11.994	0	-0
2.6102	-11.994	0	-0
4.0765	-11.994	0	-0
5.5428	-11.994	0	-0
7.0091	-11.994	0	-0
8.4754	-11.994	0	-0
9.9417	-11.994	0	-0
11.408	-11.994	0	-0
12.874	-11.994	0	-0
14.341	-11.994	0	-0
15.807	-11.994	0	-0
