#DaVis 7.4.0 2D-vector 96 22 22 "" "[mm]" "" "[mm]" "displacement" "[mm]"
-14.985	18.798	0	-0
-13.519	18.798	0	-0
-12.053	18.798	0	-0
-10.587	18.798	0	-0
-9.1202	18.798	0	-0
-7.6539	18.798	0	-0
-6.1876	18.798	0	-0
-4.7213	18.798	0	-0
-3.255	18.798	-0.015869	0.022666
-1.7887	18.798	-0.024373	0.028363
-0.32241	18.798	-0.024918	0.031074
1.1439	18.798	-0.025647	0.034331
2.6102	18.798	-0.025617	0.037448
4.0765	18.798	-0.026847	0.038751
5.5428	18.798	-0.027645	0.042636
7.0091	18.798	-0.028786	0.046499
8.4754	18.798	0	-0
9.9417	18.798	0	-0
11.408	18.798	0	-0
12.874	18.798	0	-0
14.341	18.798	0	-0
15.807	18.798	0	-0
-14.985	17.332	0	-0
-13.519	17.332	0	-0
-12.053	17.332	0	-0
-10.587	17.332	0	-0
-9.1202	17.332	0	-0
-7.6539	17.332	0	-0
-6.1876	17.332	0	-0
-4.7213	17.332	0	-0
-3.255	17.332	-0.013882	0.022229
-1.7887	17.332	-0.022941	0.024802
-0.32241	17.332	-0.023144	0.027225
1.1439	17.332	-0.023367	0.029092
2.6102	17.332	-0.023547	0.031776
4.0765	17.332	-0.024704	0.035307
5.5428	17.332	-0.025479	0.03822
7.0091	17.332	-0.026981	0.040926
8.4754	17.332	-0.018891	0.04367
9.9417	17.332	0	-0
11.408	17.332	0	-0
12.874	17.332	0	-0
14.341	17.332	0	-0
15.807	17.332	0	-0
-14.985	15.866	0	-0
-13.519	15.866	0	-0
-12.053	15.866	0	-0
-10.587	15.866	0	-0
-9.1202	15.866	0	-0
-7.6539	15.866	0	-0
-6.1876	15.866	0	-0
-4.7213	15.866	0	-0
-3.255	15.866	-0.012885	0.019387
-1.7887	15.866	-0.020379	0.02246
-0.32241	15.866	-0.021179	0.024728
1.1439	15.866	-0.02068	0.026552
2.6102	15.866	-0.021198	0.028819
4.0765	15.866	-0.0218	0.031534
5.5428	15.866	-0.022858	0.035208
7.0091	15.866	-0.024098	0.038146
8.4754	15.866	-0.014843	0.040046
9.9417	15.866	0	-0
11.408	15.866	0	-0
12.874	15.866	0	-0
14.341	15.866	0	-0
15.807	15.866	0	-0
-14.985	14.399	0	-0
-13.519	14.399	0	-0
-12.053	14.399	0	-0
-10.587	14.399	0	-0
-9.1202	14.399	0	-0
-7.6539	14.399	0	-0
-6.1876	14.399	0	-0
-4.7213	14.399	0	-0
-3.255	14.399	-0.010601	0.016568
-1.7887	14.399	-0.017986	0.019434
-0.32241	14.399	-0.018588	0.022525
1.1439	14.399	-0.017986	0.023966
2.6102	14.399	-0.018784	0.026548
4.0765	14.399	-0.019086	0.02889
5.5428	14.399	-0.020831	0.032178
7.0091	14.399	-0.021259	0.034577
8.4754	14.399	-0.0092884	0.036358
9.9417	14.399	0	-0
11.408	14.399	0	-0
12.874	14.399	0	-0
14.341	14.399	0	-0
15.807	14.399	0	-0
-14.985	12.933	0	-0
-13.519	12.933	0	-0
-12.053	12.933	0	-0
-10.587	12.933	0	-0
-9.1202	12.933	0	-0
-7.6539	12.933	0	-0
-6.1876	12.933	0	-0
-4.7213	12.933	0	-0
-3.255	12.933	-0.0074405	0.013861
-1.7887	12.933	-0.015488	0.016481
-0.32241	12.933	-0.016149	0.019128
1.1439	12.933	-0.015846	0.021271
2.6102	12.933	-0.016338	0.023494
4.0765	12.933	-0.016542	0.025972
5.5428	12.933	-0.01784	0.028478
7.0091	12.933	-0.01803	0.0312
8.4754	12.933	-0.0080934	0.032407
9.9417	12.933	0	-0
11.408	12.933	0	-0
12.874	12.933	0	-0
14.341	12.933	0	-0
15.807	12.933	0	-0
-14.985	11.467	0	-0
-13.519	11.467	0	-0
-12.053	11.467	0	-0
-10.587	11.467	0	-0
-9.1202	11.467	0	-0
-7.6539	11.467	0	-0
-6.1876	11.467	0	-0
-4.7213	11.467	0	-0
-3.255	11.467	-0.0054659	0.01094
-1.7887	11.467	-0.013154	0.013812
-0.32241	11.467	-0.013869	0.016109
1.1439	11.467	-0.013877	0.018283
2.6102	11.467	-0.013934	0.020425
4.0765	11.467	-0.014709	0.02311
5.5428	11.467	-0.015814	0.025265
7.0091	11.467	-0.016119	0.027896
8.4754	11.467	-0.0036539	0.029757
9.9417	11.467	0	-0
11.408	11.467	0	-0
12.874	11.467	0	-0
14.341	11.467	0	-0
15.807	11.467	0	-0
-14.985	10	0	-0
-13.519	10	0	-0
-12.053	10	0	-0
-10.587	10	0	-0
-9.1202	10	0	-0
-7.6539	10	0	-0
-6.1876	10	0	-0
-4.7213	10	0	-0
-3.255	10	-0.0053506	0.008698
-1.7887	10	-0.011856	0.011389
-0.32241	10	-0.012408	0.0137
1.1439	10	-0.012639	0.015906
2.6102	10	-0.0126	0.017849
4.0765	10	-0.012877	0.020355
5.5428	10	-0.014139	0.022816
7.0091	10	-0.015486	0.025123
8.4754	10	-0.0044434	0.026961
9.9417	10	0	-0
11.408	10	0	-0
12.874	10	0	-0
14.341	10	0	-0
15.807	10	0	-0
-14.985	8.534	0	-0
-13.519	8.534	0	-0
-12.053	8.534	0	-0
-10.587	8.534	0	-0
-9.1202	8.534	0	-0
-7.6539	8.534	0	-0
-6.1876	8.534	0	-0
-4.7213	8.534	0	-0
-3.255	8.534	-0.0051295	0.0062663
-1.7887	8.534	-0.010409	0.0091722
-0.32241	8.534	-0.011236	0.011369
1.1439	8.534	-0.010839	0.013637
2.6102	8.534	-0.010724	0.015577
4.0765	8.534	-0.010763	0.017991
5.5428	8.534	-0.012292	0.020347
7.0091	8.534	-0.012649	0.022292
8.4754	8.534	-0.0053042	0.023721
9.9417	8.534	0	-0
11.408	8.534	0	-0
12.874	8.534	0	-0
14.341	8.534	0	-0
15.807	8.534	0	-0
-14.985	7.0677	0	-0
-13.519	7.0677	0	-0
-12.053	7.0677	0	-0
-10.587	7.0677	0	-0
-9.1202	7.0677	0	-0
-7.6539	7.0677	0	-0
-6.1876	7.0677	0	-0
-4.7213	7.0677	0	-0
-3.255	7.0677	-0.0062408	0.003378
-1.7887	7.0677	-0.0080892	0.0064438
-0.32241	7.0677	-0.0085098	0.0090281
1.1439	7.0677	-0.0081298	0.011344
2.6102	7.0677	-0.0081285	0.013213
4.0765	7.0677	-0.008562	0.015256
5.5428	7.0677	-0.0097446	0.017366
7.0091	7.0677	-0.0095859	0.01937
8.4754	7.0677	-0.0068008	0.019874
9.9417	7.0677	0	-0
11.408	7.0677	0	-0
12.874	7.0677	0	-0
14.341	7.0677	0	-0
15.807	7.0677	0	-0
-14.985	5.6014	0	-0
-13.519	5.6014	0	-0
-12.053	5.6014	0	-0
-10.587	5.6014	0	-0
-9.1202	5.6014	0	-0
-7.6539	5.6014	0	-0
-6.1876	5.6014	0	-0
-4.7213	5.6014	0	-0
-3.255	5.6014	-0.0039946	0.00028676
-1.7887	5.6014	-0.0049181	0.0038562
-0.32241	5.6014	-0.0052931	0.0065686
1.1439	5.6014	-0.0052863	0.0088291
2.6102	5.6014	-0.0054077	0.010587
4.0765	5.6014	-0.006205	0.01184
5.5428	5.6014	-0.0073042	0.014394
7.0091	5.6014	-0.0084077	0.015859
8.4754	5.6014	-0.0054388	0.0168
9.9417	5.6014	0	-0
11.408	5.6014	0	-0
12.874	5.6014	0	-0
14.341	5.6014	0	-0
15.807	5.6014	0	-0
-14.985	4.1351	0	-0
-13.519	4.1351	0	-0
-12.053	4.1351	0	-0
-10.587	4.1351	0	-0
-9.1202	4.1351	0	-0
-7.6539	4.1351	0	-0
-6.1876	4.1351	0	-0
-4.7213	4.1351	0	-0
-3.255	4.1351	-0.00076222	-0.0023485
-1.7887	4.1351	-0.0017469	0.0011634
-0.32241	4.1351	-0.0023693	0.0040988
1.1439	4.1351	-0.0026171	0.0060587
2.6102	4.1351	-0.0031578	0.0079263
4.0765	4.1351	-0.0040837	0.0091715
5.5428	4.1351	-0.0054123	0.011688
7.0091	4.1351	-0.0061996	0.013126
8.4754	4.1351	-0.0042133	0.013897
9.9417	4.1351	0	-0
11.408	4.1351	0	-0
12.874	4.1351	0	-0
14.341	4.1351	0	-0
15.807	4.1351	0	-0
-14.985	2.6688	0	-0
-13.519	2.6688	0	-0
-12.053	2.6688	0	-0
-10.587	2.6688	0	-0
-9.1202	2.6688	0	-0
-7.6539	2.6688	0	-0
-6.1876	2.6688	0	-0
-4.7213	2.6688	0	-0
-3.255	2.6688	0.0022117	-0.0046897
-1.7887	2.6688	0.0015522	-0.0016608
-0.32241	2.6688	0.00061223	0.00095646
1.1439	2.6688	-0.00045901	0.0027686
2.6102	2.6688	-0.0015248	0.0044915
4.0765	2.6688	-0.0022727	0.0060075
5.5428	2.6688	-0.0036156	0.0080146
7.0091	2.6688	-0.0045597	0.0099695
8.4754	2.6688	-0.0033818	0.010911
9.9417	2.6688	0	-0
11.408	2.6688	0	-0
12.874	2.6688	0	-0
14.341	2.6688	0	-0
15.807	2.6688	0	-0
-14.985	1.2025	0	-0
-13.519	1.2025	0	-0
-12.053	1.2025	0	-0
-10.587	1.2025	0	-0
-9.1202	1.2025	0	-0
-7.6539	1.2025	0	-0
-6.1876	1.2025	0	-0
-4.7213	1.2025	0	-0
-3.255	1.2025	0.0046511	-0.0073067
-1.7887	1.2025	0.0040542	-0.0047382
-0.32241	1.2025	0.0031346	-0.0025122
1.1439	1.2025	0.0017037	-0.00072042
2.6102	1.2025	0.00063951	0.00071258
4.0765	1.2025	-0.00054921	0.0019912
5.5428	1.2025	-0.0016713	0.0040562
7.0091	1.2025	-0.0029859	0.0059845
8.4754	1.2025	-0.0027904	0.0069167
9.9417	1.2025	0	-0
11.408	1.2025	0	-0
12.874	1.2025	0	-0
14.341	1.2025	0	-0
15.807	1.2025	0	-0
-14.985	-0.2638	0	-0
-13.519	-0.2638	0	-0
-12.053	-0.2638	0	-0
-10.587	-0.2638	0	-0
-9.1202	-0.2638	0	-0
-7.6539	-0.2638	0	-0
-6.1876	-0.2638	0	-0
-4.7213	-0.2638	0	-0
-3.255	-0.2638	0.0066355	-0.010286
-1.7887	-0.2638	0.0058323	-0.0081579
-0.32241	-0.2638	0.0053641	-0.0066803
1.1439	-0.2638	0.0042082	-0.0052976
2.6102	-0.2638	0.0029426	-0.0037314
4.0765	-0.2638	0.0014801	-0.001914
5.5428	-0.2638	0.00013934	4.1089e-005
7.0091	-0.2638	-0.0016211	0.0015158
8.4754	-0.2638	-0.0017314	0.0025346
9.9417	-0.2638	0	-0
11.408	-0.2638	0	-0
12.874	-0.2638	0	-0
14.341	-0.2638	0	-0
15.807	-0.2638	0	-0
-14.985	-1.7301	0	-0
-13.519	-1.7301	0	-0
-12.053	-1.7301	0	-0
-10.587	-1.7301	0	-0
-9.1202	-1.7301	0	-0
-7.6539	-1.7301	0	-0
-6.1876	-1.7301	0	-0
-4.7213	-1.7301	0	-0
-3.255	-1.7301	0.0079134	-0.012551
-1.7887	-1.7301	0.0075687	-0.011255
-0.32241	-1.7301	0.0070654	-0.010381
1.1439	-1.7301	0.0060158	-0.0092754
2.6102	-1.7301	0.0047654	-0.0082331
4.0765	-1.7301	0.0032599	-0.0059813
5.5428	-1.7301	0.0014355	-0.0039458
7.0091	-1.7301	4.3467e-005	-0.0026785
8.4754	-1.7301	-0.00055534	-0.0018638
9.9417	-1.7301	0	-0
11.408	-1.7301	0	-0
12.874	-1.7301	0	-0
14.341	-1.7301	0	-0
15.807	-1.7301	0	-0
-14.985	-3.1964	0	-0
-13.519	-3.1964	0	-0
-12.053	-3.1964	0	-0
-10.587	-3.1964	0	-0
-9.1202	-3.1964	0	-0
-7.6539	-3.1964	0	-0
-6.1876	-3.1964	0	-0
-4.7213	-3.1964	0	-0
-3.255	-3.1964	0.0085754	-0.015303
-1.7887	-3.1964	0.0082431	-0.014338
-0.32241	-3.1964	0.0075884	-0.013492
1.1439	-3.1964	0.0070951	-0.013177
2.6102	-3.1964	0.0059808	-0.012235
4.0765	-3.1964	0.0046279	-0.010532
5.5428	-3.1964	0.0027936	-0.0083968
7.0091	-3.1964	0.001277	-0.0071305
8.4754	-3.1964	0.00051172	-0.0063283
9.9417	-3.1964	0	-0
11.408	-3.1964	0	-0
12.874	-3.1964	0	-0
14.341	-3.1964	0	-0
15.807	-3.1964	0	-0
-14.985	-4.6627	0	-0
-13.519	-4.6627	0	-0
-12.053	-4.6627	0	-0
-10.587	-4.6627	0	-0
-9.1202	-4.6627	0	-0
-7.6539	-4.6627	0	-0
-6.1876	-4.6627	0	-0
-4.7213	-4.6627	0	-0
-3.255	-4.6627	0.0089372	-0.017977
-1.7887	-4.6627	0.0088598	-0.01718
-0.32241	-4.6627	0.0081177	-0.016197
1.1439	-4.6627	0.0073002	-0.015963
2.6102	-4.6627	0.0065776	-0.01563
4.0765	-4.6627	0.0051845	-0.014096
5.5428	-4.6627	0.004037	-0.012373
7.0091	-4.6627	0.0028533	-0.011194
8.4754	-4.6627	0.001874	-0.010573
9.9417	-4.6627	0	-0
11.408	-4.6627	0	-0
12.874	-4.6627	0	-0
14.341	-4.6627	0	-0
15.807	-4.6627	0	-0
-14.985	-6.129	0	-0
-13.519	-6.129	0	-0
-12.053	-6.129	0	-0
-10.587	-6.129	0	-0
-9.1202	-6.129	0	-0
-7.6539	-6.129	0	-0
-6.1876	-6.129	0	-0
-4.7213	-6.129	0	-0
-3.255	-6.129	0.0095908	-0.021046
-1.7887	-6.129	0.0097779	-0.020365
-0.32241	-6.129	0.0088417	-0.019571
1.1439	-6.129	0.0076733	-0.018919
2.6102	-6.129	0.0068887	-0.018524
4.0765	-6.129	0.0059579	-0.017137
5.5428	-6.129	0.0050795	-0.015665
7.0091	-6.129	0.0038163	-0.014511
8.4754	-6.129	0.002914	-0.013485
9.9417	-6.129	0	-0
11.408	-6.129	0	-0
12.874	-6.129	0	-0
14.341	-6.129	0	-0
15.807	-6.129	0	-0
-14.985	-7.5953	0	-0
-13.519	-7.5953	0	-0
-12.053	-7.5953	0	-0
-10.587	-7.5953	0	-0
-9.1202	-7.5953	0	-0
-7.6539	-7.5953	0	-0
-6.1876	-7.5953	0	-0
-4.7213	-7.5953	0	-0
-3.255	-7.5953	0.0099594	-0.023398
-1.7887	-7.5953	0.010707	-0.022758
-0.32241	-7.5953	0.010047	-0.022136
1.1439	-7.5953	0.0085296	-0.02201
2.6102	-7.5953	0.007429	-0.02184
4.0765	-7.5953	0.0065696	-0.020551
5.5428	-7.5953	0.0059501	-0.018936
7.0091	-7.5953	0.0053602	-0.017385
8.4754	-7.5953	0.0045198	-0.016099
9.9417	-7.5953	0	-0
11.408	-7.5953	0	-0
12.874	-7.5953	0	-0
14.341	-7.5953	0	-0
15.807	-7.5953	0	-0
-14.985	-9.0616	0	-0
-13.519	-9.0616	0	-0
-12.053	-9.0616	0	-0
-10.587	-9.0616	0	-0
-9.1202	-9.0616	0	-0
-7.6539	-9.0616	0	-0
-6.1876	-9.0616	0	-0
-4.7213	-9.0616	0	-0
-3.255	-9.0616	0.010018	-0.025233
-1.7887	-9.0616	0.011903	-0.025098
-0.32241	-9.0616	0.010775	-0.025084
1.1439	-9.0616	0.0095601	-0.025265
2.6102	-9.0616	0.0085445	-0.024989
4.0765	-9.0616	0.0076609	-0.023668
5.5428	-9.0616	0.0073825	-0.022105
7.0091	-9.0616	0.0067184	-0.020392
8.4754	-9.0616	0.005902	-0.018932
9.9417	-9.0616	0	-0
11.408	-9.0616	0	-0
12.874	-9.0616	0	-0
14.341	-9.0616	0	-0
15.807	-9.0616	0	-0
-14.985	-10.528	0	-0
-13.519	-10.528	0	-0
-12.053	-10.528	0	-0
-10.587	-10.528	0	-0
-9.1202	-10.528	0	-0
-7.6539	-10.528	0	-0
-6.1876	-10.528	0	-0
-4.7213	-10.528	0	-0
-3.255	-10.528	0.010843	-0.027804
-1.7887	-10.528	0.013038	-0.028372
-0.32241	-10.528	0.011841	-0.028482
1.1439	-10.528	0.010541	-0.028206
2.6102	-10.528	0.0095247	-0.027814
4.0765	-10.528	0.0089346	-0.026941
5.5428	-10.528	0.0084487	-0.025371
7.0091	-10.528	0.007861	-0.023497
8.4754	-10.528	0.0070477	-0.021853
9.9417	-10.528	0	-0
11.408	-10.528	0	-0
12.874	-10.528	0	-0
14.341	-10.528	0	-0
15.807	-10.528	0	-0
-14.985	-11.994	0	-0
-13.519	-11.994	0	-0
-12.053	-11.994	0	-0
-10.587	-11.994	0	-0
-9.1202	-11.994	0	-0
-7.6539	-11.994	0	-0
-6.1876	-11.994	0	-0
-4.7213	-11.994	0	-0
-3.255	-11.994	0	-0
-1.7887	-11.994	0	-0
-0.32241	-11.994	0	-0
1.1439	-11.994	0	-0
2.6102	-11.994	0	-0
4.0765	-11.994	0	-0
5.5428	-11.994	0	-0
7.0091	-11.994	0	-0
8.4754	-11.994	0	-0
9.9417	-11.994	0	-0
11.408	-11.994	0	-0
12.874	-11.994	0	-0
14.341	-11.994	0	-0
15.807	-11.994	0	-0
