#DaVis 7.4.0 2D-vector 96 22 22 "" "[mm]" "" "[mm]" "displacement" "[mm]"
-14.985	18.798	0	-0
-13.519	18.798	0	-0
-12.053	18.798	0	-0
-10.587	18.798	0	-0
-9.1202	18.798	0	-0
-7.6539	18.798	0	-0
-6.1876	18.798	0	-0
-4.7213	18.798	0	-0
-3.255	18.798	-0.010195	0.042307
-1.7887	18.798	-0.013423	0.047385
-0.32241	18.798	-0.013585	0.048904
1.1439	18.798	-0.014519	0.044716
2.6102	18.798	-0.01473	0.052435
4.0765	18.798	-0.016773	0.056428
5.5428	18.798	-0.01697	0.054422
7.0091	18.798	-0.018626	0.057921
8.4754	18.798	0	-0
9.9417	18.798	0	-0
11.408	18.798	0	-0
12.874	18.798	0	-0
14.341	18.798	0	-0
15.807	18.798	0	-0
-14.985	17.332	0	-0
-13.519	17.332	0	-0
-12.053	17.332	0	-0
-10.587	17.332	0	-0
-9.1202	17.332	0	-0
-7.6539	17.332	0	-0
-6.1876	17.332	0	-0
-4.7213	17.332	0	-0
-3.255	17.332	-0.0094636	0.042418
-1.7887	17.332	-0.011747	0.044045
-0.32241	17.332	-0.01189	0.045002
1.1439	17.332	-0.012286	0.046052
2.6102	17.332	-0.012585	0.047957
4.0765	17.332	-0.014054	0.050877
5.5428	17.332	-0.015152	0.05359
7.0091	17.332	-0.016926	0.055591
8.4754	17.332	-0.010722	0.057117
9.9417	17.332	0	-0
11.408	17.332	0	-0
12.874	17.332	0	-0
14.341	17.332	0	-0
15.807	17.332	0	-0
-14.985	15.866	0	-0
-13.519	15.866	0	-0
-12.053	15.866	0	-0
-10.587	15.866	0	-0
-9.1202	15.866	0	-0
-7.6539	15.866	0	-0
-6.1876	15.866	0	-0
-4.7213	15.866	0	-0
-3.255	15.866	-0.0088108	0.037982
-1.7887	15.866	-0.010739	0.040116
-0.32241	15.866	-0.010872	0.041701
1.1439	15.866	-0.010713	0.042057
2.6102	15.866	-0.01119	0.043685
4.0765	15.866	-0.012137	0.046184
5.5428	15.866	-0.013648	0.04908
7.0091	15.866	-0.015302	0.05116
8.4754	15.866	-0.0092771	0.052293
9.9417	15.866	0	-0
11.408	15.866	0	-0
12.874	15.866	0	-0
14.341	15.866	0	-0
15.807	15.866	0	-0
-14.985	14.399	0	-0
-13.519	14.399	0	-0
-12.053	14.399	0	-0
-10.587	14.399	0	-0
-9.1202	14.399	0	-0
-7.6539	14.399	0	-0
-6.1876	14.399	0	-0
-4.7213	14.399	0	-0
-3.255	14.399	-0.0067793	0.033712
-1.7887	14.399	-0.0089545	0.035996
-0.32241	14.399	-0.0096122	0.037935
1.1439	14.399	-0.0089448	0.038386
2.6102	14.399	-0.0097309	0.03994
4.0765	14.399	-0.010341	0.041674
5.5428	14.399	-0.012465	0.04465
7.0091	14.399	-0.013521	0.046378
8.4754	14.399	-0.0092242	0.047847
9.9417	14.399	0	-0
11.408	14.399	0	-0
12.874	14.399	0	-0
14.341	14.399	0	-0
15.807	14.399	0	-0
-14.985	12.933	0	-0
-13.519	12.933	0	-0
-12.053	12.933	0	-0
-10.587	12.933	0	-0
-9.1202	12.933	0	-0
-7.6539	12.933	0	-0
-6.1876	12.933	0	-0
-4.7213	12.933	0	-0
-3.255	12.933	-0.0054902	0.029502
-1.7887	12.933	-0.0071663	0.031189
-0.32241	12.933	-0.0080026	0.033028
1.1439	12.933	-0.0078364	0.03415
2.6102	12.933	-0.0084005	0.035045
4.0765	12.933	-0.0088485	0.03701
5.5428	12.933	-0.01058	0.039
7.0091	12.933	-0.011471	0.041356
8.4754	12.933	-0.0086895	0.042304
9.9417	12.933	0	-0
11.408	12.933	0	-0
12.874	12.933	0	-0
14.341	12.933	0	-0
15.807	12.933	0	-0
-14.985	11.467	0	-0
-13.519	11.467	0	-0
-12.053	11.467	0	-0
-10.587	11.467	0	-0
-9.1202	11.467	0	-0
-7.6539	11.467	0	-0
-6.1876	11.467	0	-0
-4.7213	11.467	0	-0
-3.255	11.467	-0.0049009	0.025461
-1.7887	11.467	-0.0057701	0.027368
-0.32241	11.467	-0.0065604	0.028512
1.1439	11.467	-0.0071287	0.029632
2.6102	11.467	-0.007309	0.030605
4.0765	11.467	-0.0083211	0.032701
5.5428	11.467	-0.0097732	0.033928
7.0091	11.467	-0.01071	0.036127
8.4754	11.467	-0.0084851	0.037692
9.9417	11.467	0	-0
11.408	11.467	0	-0
12.874	11.467	0	-0
14.341	11.467	0	-0
15.807	11.467	0	-0
-14.985	10	0	-0
-13.519	10	0	-0
-12.053	10	0	-0
-10.587	10	0	-0
-9.1202	10	0	-0
-7.6539	10	0	-0
-6.1876	10	0	-0
-4.7213	10	0	-0
-3.255	10	-0.0050771	0.022011
-1.7887	10	-0.0058239	0.023483
-0.32241	10	-0.0065538	0.024987
1.1439	10	-0.0072642	0.026299
2.6102	10	-0.0071375	0.027267
4.0765	10	-0.0078705	0.028772
5.5428	10	-0.009404	0.030252
7.0091	10	-0.010713	0.031753
8.4754	10	-0.0084647	0.032742
9.9417	10	0	-0
11.408	10	0	-0
12.874	10	0	-0
14.341	10	0	-0
15.807	10	0	-0
-14.985	8.534	0	-0
-13.519	8.534	0	-0
-12.053	8.534	0	-0
-10.587	8.534	0	-0
-9.1202	8.534	0	-0
-7.6539	8.534	0	-0
-6.1876	8.534	0	-0
-4.7213	8.534	0	-0
-3.255	8.534	-0.0050521	0.018022
-1.7887	8.534	-0.0059194	0.019847
-0.32241	8.534	-0.0069622	0.021305
1.1439	8.534	-0.0066751	0.022679
2.6102	8.534	-0.0063656	0.023879
4.0765	8.534	-0.0064322	0.025209
5.5428	8.534	-0.0084612	0.026719
7.0091	8.534	-0.0093973	0.027561
8.4754	8.534	-0.0080355	0.028314
9.9417	8.534	0	-0
11.408	8.534	0	-0
12.874	8.534	0	-0
14.341	8.534	0	-0
15.807	8.534	0	-0
-14.985	7.0677	0	-0
-13.519	7.0677	0	-0
-12.053	7.0677	0	-0
-10.587	7.0677	0	-0
-9.1202	7.0677	0	-0
-7.6539	7.0677	0	-0
-6.1876	7.0677	0	-0
-4.7213	7.0677	0	-0
-3.255	7.0677	-0.004141	0.01381
-1.7887	7.0677	-0.0047459	0.015981
-0.32241	7.0677	-0.0051568	0.017588
1.1439	7.0677	-0.0048315	0.019265
2.6102	7.0677	-0.0046745	0.020229
4.0765	7.0677	-0.0051452	0.021068
5.5428	7.0677	-0.0063474	0.022481
7.0091	7.0677	-0.007612	0.023381
8.4754	7.0677	-0.0075854	0.022865
9.9417	7.0677	0	-0
11.408	7.0677	0	-0
12.874	7.0677	0	-0
14.341	7.0677	0	-0
15.807	7.0677	0	-0
-14.985	5.6014	0	-0
-13.519	5.6014	0	-0
-12.053	5.6014	0	-0
-10.587	5.6014	0	-0
-9.1202	5.6014	0	-0
-7.6539	5.6014	0	-0
-6.1876	5.6014	0	-0
-4.7213	5.6014	0	-0
-3.255	5.6014	-0.0019304	0.0088429
-1.7887	5.6014	-0.002257	0.012016
-0.32241	5.6014	-0.0025999	0.014028
1.1439	5.6014	-0.0026985	0.015564
2.6102	5.6014	-0.0025782	0.016248
4.0765	5.6014	-0.0037142	0.016414
5.5428	5.6014	-0.004757	0.018005
7.0091	5.6014	-0.0064063	0.018251
8.4754	5.6014	-0.0068287	0.018025
9.9417	5.6014	0	-0
11.408	5.6014	0	-0
12.874	5.6014	0	-0
14.341	5.6014	0	-0
15.807	5.6014	0	-0
-14.985	4.1351	0	-0
-13.519	4.1351	0	-0
-12.053	4.1351	0	-0
-10.587	4.1351	0	-0
-9.1202	4.1351	0	-0
-7.6539	4.1351	0	-0
-6.1876	4.1351	0	-0
-4.7213	4.1351	0	-0
-3.255	4.1351	0.0011985	0.0045587
-1.7887	4.1351	0.00043212	0.0077279
-0.32241	4.1351	-0.00052299	0.010263
1.1439	4.1351	-0.00075265	0.011017
2.6102	4.1351	-0.0013034	0.011746
4.0765	4.1351	-0.0029453	0.011468
5.5428	4.1351	-0.0040247	0.013015
7.0091	4.1351	-0.004998	0.013891
8.4754	4.1351	-0.0057782	0.013205
9.9417	4.1351	0	-0
11.408	4.1351	0	-0
12.874	4.1351	0	-0
14.341	4.1351	0	-0
15.807	4.1351	0	-0
-14.985	2.6688	0	-0
-13.519	2.6688	0	-0
-12.053	2.6688	0	-0
-10.587	2.6688	0	-0
-9.1202	2.6688	0	-0
-7.6539	2.6688	0	-0
-6.1876	2.6688	0	-0
-4.7213	2.6688	0	-0
-3.255	2.6688	0.0041449	0.00071186
-1.7887	2.6688	0.0032627	0.0031994
-0.32241	2.6688	0.0019376	0.0048748
1.1439	2.6688	0.00042905	0.0054965
2.6102	2.6688	-0.0010784	0.0064328
4.0765	2.6688	-0.0021291	0.006349
5.5428	2.6688	-0.003495	0.0071581
7.0091	2.6688	-0.0045413	0.0083399
8.4754	2.6688	-0.005512	0.007631
9.9417	2.6688	0	-0
11.408	2.6688	0	-0
12.874	2.6688	0	-0
14.341	2.6688	0	-0
15.807	2.6688	0	-0
-14.985	1.2025	0	-0
-13.519	1.2025	0	-0
-12.053	1.2025	0	-0
-10.587	1.2025	0	-0
-9.1202	1.2025	0	-0
-7.6539	1.2025	0	-0
-6.1876	1.2025	0	-0
-4.7213	1.2025	0	-0
-3.255	1.2025	0.0060296	-0.0032629
-1.7887	1.2025	0.0052719	-0.0014133
-0.32241	1.2025	0.0039019	-0.000132
1.1439	1.2025	0.0017226	0.00065427
2.6102	1.2025	0.00025704	0.00090817
4.0765	1.2025	-0.0014363	0.00095027
5.5428	1.2025	-0.0027599	0.0015793
7.0091	1.2025	-0.0046181	0.0022622
8.4754	1.2025	-0.0054623	0.001571
9.9417	1.2025	0	-0
11.408	1.2025	0	-0
12.874	1.2025	0	-0
14.341	1.2025	0	-0
15.807	1.2025	0	-0
-14.985	-0.2638	0	-0
-13.519	-0.2638	0	-0
-12.053	-0.2638	0	-0
-10.587	-0.2638	0	-0
-9.1202	-0.2638	0	-0
-7.6539	-0.2638	0	-0
-6.1876	-0.2638	0	-0
-4.7213	-0.2638	0	-0
-3.255	-0.2638	0.0060646	-0.0078597
-1.7887	-0.2638	0.0060218	-0.0067019
-0.32241	-0.2638	0.0052695	-0.0065247
1.1439	-0.2638	0.0036505	-0.0065246
2.6102	-0.2638	0.0019546	-0.0059094
4.0765	-0.2638	-4.1311e-005	-0.0049966
5.5428	-0.2638	-0.0020927	-0.0041429
7.0091	-0.2638	-0.0045354	-0.0040937
8.4754	-0.2638	-0.0051694	-0.0045065
9.9417	-0.2638	0	-0
11.408	-0.2638	0	-0
12.874	-0.2638	0	-0
14.341	-0.2638	0	-0
15.807	-0.2638	0	-0
-14.985	-1.7301	0	-0
-13.519	-1.7301	0	-0
-12.053	-1.7301	0	-0
-10.587	-1.7301	0	-0
-9.1202	-1.7301	0	-0
-7.6539	-1.7301	0	-0
-6.1876	-1.7301	0	-0
-4.7213	-1.7301	0	-0
-3.255	-1.7301	0.0052854	-0.011221
-1.7887	-1.7301	0.006628	-0.011361
-0.32241	-1.7301	0.0060275	-0.012337
1.1439	-1.7301	0.0048501	-0.01278
2.6102	-1.7301	0.0028566	-0.012837
4.0765	-1.7301	0.00056349	-0.011577
5.5428	-1.7301	-0.002077	-0.010544
7.0091	-1.7301	-0.0040693	-0.010806
8.4754	-1.7301	-0.0049862	-0.011417
9.9417	-1.7301	0	-0
11.408	-1.7301	0	-0
12.874	-1.7301	0	-0
14.341	-1.7301	0	-0
15.807	-1.7301	0	-0
-14.985	-3.1964	0	-0
-13.519	-3.1964	0	-0
-12.053	-3.1964	0	-0
-10.587	-3.1964	0	-0
-9.1202	-3.1964	0	-0
-7.6539	-3.1964	0	-0
-6.1876	-3.1964	0	-0
-4.7213	-3.1964	0	-0
-3.255	-3.1964	0.00475	-0.015405
-1.7887	-3.1964	0.0055561	-0.015848
-0.32241	-3.1964	0.0046427	-0.016577
1.1439	-3.1964	0.0041687	-0.01828
2.6102	-3.1964	0.0026075	-0.018571
4.0765	-3.1964	0.00063905	-0.018181
5.5428	-3.1964	-0.0019488	-0.017352
7.0091	-3.1964	-0.0040909	-0.017668
8.4754	-3.1964	-0.0051663	-0.018325
9.9417	-3.1964	0	-0
11.408	-3.1964	0	-0
12.874	-3.1964	0	-0
14.341	-3.1964	0	-0
15.807	-3.1964	0	-0
-14.985	-4.6627	0	-0
-13.519	-4.6627	0	-0
-12.053	-4.6627	0	-0
-10.587	-4.6627	0	-0
-9.1202	-4.6627	0	-0
-7.6539	-4.6627	0	-0
-6.1876	-4.6627	0	-0
-4.7213	-4.6627	0	-0
-3.255	-4.6627	0.0053598	-0.019541
-1.7887	-4.6627	0.0042577	-0.020427
-0.32241	-4.6627	0.003118	-0.020894
1.1439	-4.6627	0.0023933	-0.022474
2.6102	-4.6627	0.0012794	-0.024053
4.0765	-4.6627	-0.00045504	-0.023889
5.5428	-4.6627	-0.0018967	-0.023434
7.0091	-4.6627	-0.0036906	-0.023724
8.4754	-4.6627	-0.0049757	-0.024763
9.9417	-4.6627	0	-0
11.408	-4.6627	0	-0
12.874	-4.6627	0	-0
14.341	-4.6627	0	-0
15.807	-4.6627	0	-0
-14.985	-6.129	0	-0
-13.519	-6.129	0	-0
-12.053	-6.129	0	-0
-10.587	-6.129	0	-0
-9.1202	-6.129	0	-0
-7.6539	-6.129	0	-0
-6.1876	-6.129	0	-0
-4.7213	-6.129	0	-0
-3.255	-6.129	0.0046649	-0.024375
-1.7887	-6.129	0.0036212	-0.025463
-0.32241	-6.129	0.0022306	-0.026506
1.1439	-6.129	0.00090584	-0.027379
2.6102	-6.129	1.6191e-005	-0.02866
4.0765	-6.129	-0.0014028	-0.028455
5.5428	-6.129	-0.0026385	-0.028305
7.0091	-6.129	-0.0042686	-0.028443
8.4754	-6.129	-0.0052547	-0.028824
9.9417	-6.129	0	-0
11.408	-6.129	0	-0
12.874	-6.129	0	-0
14.341	-6.129	0	-0
15.807	-6.129	0	-0
-14.985	-7.5953	0	-0
-13.519	-7.5953	0	-0
-12.053	-7.5953	0	-0
-10.587	-7.5953	0	-0
-9.1202	-7.5953	0	-0
-7.6539	-7.5953	0	-0
-6.1876	-7.5953	0	-0
-4.7213	-7.5953	0	-0
-3.255	-7.5953	0.0045824	-0.027794
-1.7887	-7.5953	0.0030067	-0.028911
-0.32241	-7.5953	0.0018575	-0.030041
1.1439	-7.5953	-2.3659e-005	-0.032033
2.6102	-7.5953	-0.0012609	-0.033582
4.0765	-7.5953	-0.0025354	-0.033386
5.5428	-7.5953	-0.0034306	-0.032899
7.0091	-7.5953	-0.0041394	-0.032636
8.4754	-7.5953	-0.0049848	-0.032704
9.9417	-7.5953	0	-0
11.408	-7.5953	0	-0
12.874	-7.5953	0	-0
14.341	-7.5953	0	-0
15.807	-7.5953	0	-0
-14.985	-9.0616	0	-0
-13.519	-9.0616	0	-0
-12.053	-9.0616	0	-0
-10.587	-9.0616	0	-0
-9.1202	-9.0616	0	-0
-7.6539	-9.0616	0	-0
-6.1876	-9.0616	0	-0
-4.7213	-9.0616	0	-0
-3.255	-9.0616	0.0042151	-0.03063
-1.7887	-9.0616	0.0025712	-0.032118
-0.32241	-9.0616	0.0011619	-0.034082
1.1439	-9.0616	-0.00052391	-0.036537
2.6102	-9.0616	-0.0017398	-0.038258
4.0765	-9.0616	-0.0031472	-0.038262
5.5428	-9.0616	-0.0035553	-0.037861
7.0091	-9.0616	-0.0043135	-0.037354
8.4754	-9.0616	-0.0050877	-0.037027
9.9417	-9.0616	0	-0
11.408	-9.0616	0	-0
12.874	-9.0616	0	-0
14.341	-9.0616	0	-0
15.807	-9.0616	0	-0
-14.985	-10.528	0	-0
-13.519	-10.528	0	-0
-12.053	-10.528	0	-0
-10.587	-10.528	0	-0
-9.1202	-10.528	0	-0
-7.6539	-10.528	0	-0
-6.1876	-10.528	0	-0
-4.7213	-10.528	0	-0
-3.255	-10.528	0.0032475	-0.034029
-1.7887	-10.528	0.0016131	-0.036859
-0.32241	-10.528	0.00031409	-0.03937
1.1439	-10.528	-0.0013682	-0.041191
2.6102	-10.528	-0.0025139	-0.042758
4.0765	-10.528	-0.0036645	-0.043511
5.5428	-10.528	-0.0042134	-0.042966
7.0091	-10.528	-0.0050636	-0.04251
8.4754	-10.528	-0.0057056	-0.041878
9.9417	-10.528	0	-0
11.408	-10.528	0	-0
12.874	-10.528	0	-0
14.341	-10.528	0	-0
15.807	-10.528	0	-0
-14.985	-11.994	0	-0
-13.519	-11.994	0	-0
-12.053	-11.994	0	-0
-10.587	-11.994	0	-0
-9.1202	-11.994	0	-0
-7.6539	-11.994	0	-0
-6.1876	-11.994	0	-0
-4.7213	-11.994	0	-0
-3.255	-11.994	0	-0
-1.7887	-11.994	0	-0
-0.32241	-11.994	0	-0
1.1439	-11.994	0	-0
2.6102	-11.994	0	-0
4.0765	-11.994	0	-0
5.5428	-11.994	0	-0
7.0091	-11.994	0	-0
8.4754	-11.994	0	-0
9.9417	-11.994	0	-0
11.408	-11.994	0	-0
12.874	-11.994	0	-0
14.341	-11.994	0	-0
15.807	-11.994	0	-0
