#DaVis 7.4.0 2D-vector 96 22 22 "" "[mm]" "" "[mm]" "displacement" "[mm]"
-14.985	18.798	0	-0
-13.519	18.798	0	-0
-12.053	18.798	0	-0
-10.587	18.798	0	-0
-9.1202	18.798	0	-0
-7.6539	18.798	0	-0
-6.1876	18.798	0	-0
-4.7213	18.798	0	-0
-3.255	18.798	-0.014307	0.036906
-1.7887	18.798	-0.020319	0.043197
-0.32241	18.798	-0.020366	0.044868
1.1439	18.798	-0.021339	0.043939
2.6102	18.798	-0.021344	0.051533
4.0765	18.798	-0.02317	0.05595
5.5428	18.798	-0.023616	0.054479
7.0091	18.798	-0.025041	0.05769
8.4754	18.798	0	-0
9.9417	18.798	0	-0
11.408	18.798	0	-0
12.874	18.798	0	-0
14.341	18.798	0	-0
15.807	18.798	0	-0
-14.985	17.332	0	-0
-13.519	17.332	0	-0
-12.053	17.332	0	-0
-10.587	17.332	0	-0
-9.1202	17.332	0	-0
-7.6539	17.332	0	-0
-6.1876	17.332	0	-0
-4.7213	17.332	0	-0
-3.255	17.332	-0.012103	0.035979
-1.7887	17.332	-0.018167	0.038022
-0.32241	17.332	-0.01825	0.039792
1.1439	17.332	-0.018578	0.04157
2.6102	17.332	-0.018898	0.044147
4.0765	17.332	-0.020218	0.04778
5.5428	17.332	-0.021375	0.050745
7.0091	17.332	-0.023052	0.053037
8.4754	17.332	-0.016788	0.055158
9.9417	17.332	0	-0
11.408	17.332	0	-0
12.874	17.332	0	-0
14.341	17.332	0	-0
15.807	17.332	0	-0
-14.985	15.866	0	-0
-13.519	15.866	0	-0
-12.053	15.866	0	-0
-10.587	15.866	0	-0
-9.1202	15.866	0	-0
-7.6539	15.866	0	-0
-6.1876	15.866	0	-0
-4.7213	15.866	0	-0
-3.255	15.866	-0.014053	0.031928
-1.7887	15.866	-0.016539	0.034685
-0.32241	15.866	-0.016726	0.036637
1.1439	15.866	-0.016577	0.037536
2.6102	15.866	-0.016939	0.039757
4.0765	15.866	-0.017916	0.042797
5.5428	15.866	-0.019236	0.046521
7.0091	15.866	-0.020677	0.049146
8.4754	15.866	-0.013708	0.050753
9.9417	15.866	0	-0
11.408	15.866	0	-0
12.874	15.866	0	-0
14.341	15.866	0	-0
15.807	15.866	0	-0
-14.985	14.399	0	-0
-13.519	14.399	0	-0
-12.053	14.399	0	-0
-10.587	14.399	0	-0
-9.1202	14.399	0	-0
-7.6539	14.399	0	-0
-6.1876	14.399	0	-0
-4.7213	14.399	0	-0
-3.255	14.399	-0.011822	0.027943
-1.7887	14.399	-0.014205	0.030754
-0.32241	14.399	-0.01479	0.033671
1.1439	14.399	-0.014257	0.034649
2.6102	14.399	-0.014989	0.036616
4.0765	14.399	-0.015597	0.038744
5.5428	14.399	-0.01761	0.042162
7.0091	14.399	-0.018511	0.044516
8.4754	14.399	-0.013634	0.046295
9.9417	14.399	0	-0
11.408	14.399	0	-0
12.874	14.399	0	-0
14.341	14.399	0	-0
15.807	14.399	0	-0
-14.985	12.933	0	-0
-13.519	12.933	0	-0
-12.053	12.933	0	-0
-10.587	12.933	0	-0
-9.1202	12.933	0	-0
-7.6539	12.933	0	-0
-6.1876	12.933	0	-0
-4.7213	12.933	0	-0
-3.255	12.933	-0.010079	0.024073
-1.7887	12.933	-0.011941	0.026368
-0.32241	12.933	-0.012729	0.028844
1.1439	12.933	-0.012532	0.030748
2.6102	12.933	-0.012994	0.032306
4.0765	12.933	-0.013544	0.03471
5.5428	12.933	-0.01492	0.037112
7.0091	12.933	-0.016065	0.039855
8.4754	12.933	-0.013737	0.041247
9.9417	12.933	0	-0
11.408	12.933	0	-0
12.874	12.933	0	-0
14.341	12.933	0	-0
15.807	12.933	0	-0
-14.985	11.467	0	-0
-13.519	11.467	0	-0
-12.053	11.467	0	-0
-10.587	11.467	0	-0
-9.1202	11.467	0	-0
-7.6539	11.467	0	-0
-6.1876	11.467	0	-0
-4.7213	11.467	0	-0
-3.255	11.467	-0.0088925	0.020465
-1.7887	11.467	-0.0099715	0.022825
-0.32241	11.467	-0.010677	0.024687
1.1439	11.467	-0.011131	0.026406
2.6102	11.467	-0.011266	0.028051
4.0765	11.467	-0.012249	0.030793
5.5428	11.467	-0.013525	0.032742
7.0091	11.467	-0.014611	0.035179
8.4754	11.467	-0.012893	0.037059
9.9417	11.467	0	-0
11.408	11.467	0	-0
12.874	11.467	0	-0
14.341	11.467	0	-0
15.807	11.467	0	-0
-14.985	10	0	-0
-13.519	10	0	-0
-12.053	10	0	-0
-10.587	10	0	-0
-9.1202	10	0	-0
-7.6539	10	0	-0
-6.1876	10	0	-0
-4.7213	10	0	-0
-3.255	10	-0.0084522	0.017476
-1.7887	10	-0.0092819	0.019506
-0.32241	10	-0.0099133	0.021477
1.1439	10	-0.010593	0.023289
2.6102	10	-0.010472	0.024852
4.0765	10	-0.01104	0.026997
5.5428	10	-0.012561	0.029105
7.0091	10	-0.013795	0.031144
8.4754	10	-0.012138	0.032687
9.9417	10	0	-0
11.408	10	0	-0
12.874	10	0	-0
14.341	10	0	-0
15.807	10	0	-0
-14.985	8.534	0	-0
-13.519	8.534	0	-0
-12.053	8.534	0	-0
-10.587	8.534	0	-0
-9.1202	8.534	0	-0
-7.6539	8.534	0	-0
-6.1876	8.534	0	-0
-4.7213	8.534	0	-0
-3.255	8.534	-0.0078976	0.013959
-1.7887	8.534	-0.0086612	0.016325
-0.32241	8.534	-0.0096041	0.018245
1.1439	8.534	-0.0093362	0.020169
2.6102	8.534	-0.0090409	0.021837
4.0765	8.534	-0.009035	0.023623
5.5428	8.534	-0.010946	0.025654
7.0091	8.534	-0.01189	0.027244
8.4754	8.534	-0.011097	0.028592
9.9417	8.534	0	-0
11.408	8.534	0	-0
12.874	8.534	0	-0
14.341	8.534	0	-0
15.807	8.534	0	-0
-14.985	7.0677	0	-0
-13.519	7.0677	0	-0
-12.053	7.0677	0	-0
-10.587	7.0677	0	-0
-9.1202	7.0677	0	-0
-7.6539	7.0677	0	-0
-6.1876	7.0677	0	-0
-4.7213	7.0677	0	-0
-3.255	7.0677	-0.0064918	0.0098356
-1.7887	7.0677	-0.006929	0.012564
-0.32241	7.0677	-0.0072483	0.014764
1.1439	7.0677	-0.0069528	0.017017
2.6102	7.0677	-0.0068075	0.018591
4.0765	7.0677	-0.0072279	0.01999
5.5428	7.0677	-0.0082338	0.022038
7.0091	7.0677	-0.0095801	0.023317
8.4754	7.0677	-0.0098877	0.023492
9.9417	7.0677	0	-0
11.408	7.0677	0	-0
12.874	7.0677	0	-0
14.341	7.0677	0	-0
15.807	7.0677	0	-0
-14.985	5.6014	0	-0
-13.519	5.6014	0	-0
-12.053	5.6014	0	-0
-10.587	5.6014	0	-0
-9.1202	5.6014	0	-0
-7.6539	5.6014	0	-0
-6.1876	5.6014	0	-0
-4.7213	5.6014	0	-0
-3.255	5.6014	-0.0037944	0.005346
-1.7887	5.6014	-0.0038643	0.0088154
-0.32241	5.6014	-0.0041859	0.011225
1.1439	5.6014	-0.0043563	0.013399
2.6102	5.6014	-0.0043095	0.014764
4.0765	5.6014	-0.0052651	0.015733
5.5428	5.6014	-0.0062694	0.017878
7.0091	5.6014	-0.0076517	0.01876
8.4754	5.6014	-0.0083723	0.019196
9.9417	5.6014	0	-0
11.408	5.6014	0	-0
12.874	5.6014	0	-0
14.341	5.6014	0	-0
15.807	5.6014	0	-0
-14.985	4.1351	0	-0
-13.519	4.1351	0	-0
-12.053	4.1351	0	-0
-10.587	4.1351	0	-0
-9.1202	4.1351	0	-0
-7.6539	4.1351	0	-0
-6.1876	4.1351	0	-0
-4.7213	4.1351	0	-0
-3.255	4.1351	-0.00033071	0.0016117
-1.7887	4.1351	-0.00069026	0.0051865
-0.32241	4.1351	-0.0015203	0.0080807
1.1439	4.1351	-0.0018976	0.0094108
2.6102	4.1351	-0.0024808	0.010536
4.0765	4.1351	-0.0040235	0.011157
5.5428	4.1351	-0.004938	0.013138
7.0091	4.1351	-0.0057759	0.014636
8.4754	4.1351	-0.0065177	0.014776
9.9417	4.1351	0	-0
11.408	4.1351	0	-0
12.874	4.1351	0	-0
14.341	4.1351	0	-0
15.807	4.1351	0	-0
-14.985	2.6688	0	-0
-13.519	2.6688	0	-0
-12.053	2.6688	0	-0
-10.587	2.6688	0	-0
-9.1202	2.6688	0	-0
-7.6539	2.6688	0	-0
-6.1876	2.6688	0	-0
-4.7213	2.6688	0	-0
-3.255	2.6688	0.0020934	-0.0019195
-1.7887	2.6688	0.0026661	0.0010483
-0.32241	2.6688	0.0015058	0.0034305
1.1439	2.6688	-7.9061e-005	0.0047324
2.6102	2.6688	-0.0015499	0.0062327
4.0765	2.6688	-0.0025787	0.0066393
5.5428	2.6688	-0.0038564	0.0080057
7.0091	2.6688	-0.0048414	0.0097574
8.4754	2.6688	-0.005723	0.0097877
9.9417	2.6688	0	-0
11.408	2.6688	0	-0
12.874	2.6688	0	-0
14.341	2.6688	0	-0
15.807	2.6688	0	-0
-14.985	1.2025	0	-0
-13.519	1.2025	0	-0
-12.053	1.2025	0	-0
-10.587	1.2025	0	-0
-9.1202	1.2025	0	-0
-7.6539	1.2025	0	-0
-6.1876	1.2025	0	-0
-4.7213	1.2025	0	-0
-3.255	1.2025	0.003224	-0.0059497
-1.7887	1.2025	0.0050031	-0.0034986
-0.32241	1.2025	0.0039214	-0.0015923
1.1439	1.2025	0.0018185	-6.7062e-005
2.6102	1.2025	0.00044778	0.00090346
4.0765	1.2025	-0.0011847	0.0017657
5.5428	1.2025	-0.0025837	0.0029892
7.0091	1.2025	-0.0043243	0.0042444
8.4754	1.2025	-0.0051144	0.0043652
9.9417	1.2025	0	-0
11.408	1.2025	0	-0
12.874	1.2025	0	-0
14.341	1.2025	0	-0
15.807	1.2025	0	-0
-14.985	-0.2638	0	-0
-13.519	-0.2638	0	-0
-12.053	-0.2638	0	-0
-10.587	-0.2638	0	-0
-9.1202	-0.2638	0	-0
-7.6539	-0.2638	0	-0
-6.1876	-0.2638	0	-0
-4.7213	-0.2638	0	-0
-3.255	-0.2638	0.0052944	-0.0099007
-1.7887	-0.2638	0.0061933	-0.0083746
-0.32241	-0.2638	0.0058544	-0.0076236
1.1439	-0.2638	0.0042729	-0.0067222
2.6102	-0.2638	0.0026184	-0.0056197
4.0765	-0.2638	0.00074387	-0.0040703
5.5428	-0.2638	-0.0012185	-0.0024725
7.0091	-0.2638	-0.0035386	-0.0016914
8.4754	-0.2638	-0.0042236	-0.0014011
9.9417	-0.2638	0	-0
11.408	-0.2638	0	-0
12.874	-0.2638	0	-0
14.341	-0.2638	0	-0
15.807	-0.2638	0	-0
-14.985	-1.7301	0	-0
-13.519	-1.7301	0	-0
-12.053	-1.7301	0	-0
-10.587	-1.7301	0	-0
-9.1202	-1.7301	0	-0
-7.6539	-1.7301	0	-0
-6.1876	-1.7301	0	-0
-4.7213	-1.7301	0	-0
-3.255	-1.7301	0.0055452	-0.012836
-1.7887	-1.7301	0.0077197	-0.012446
-0.32241	-1.7301	0.0073079	-0.012522
1.1439	-1.7301	0.0059997	-0.012212
2.6102	-1.7301	0.0041814	-0.011867
4.0765	-1.7301	0.002035	-0.0098967
5.5428	-1.7301	-0.00057167	-0.0083661
7.0091	-1.7301	-0.0024733	-0.0078425
8.4754	-1.7301	-0.0033801	-0.0076752
9.9417	-1.7301	0	-0
11.408	-1.7301	0	-0
12.874	-1.7301	0	-0
14.341	-1.7301	0	-0
15.807	-1.7301	0	-0
-14.985	-3.1964	0	-0
-13.519	-3.1964	0	-0
-12.053	-3.1964	0	-0
-10.587	-3.1964	0	-0
-9.1202	-3.1964	0	-0
-7.6539	-3.1964	0	-0
-6.1876	-3.1964	0	-0
-4.7213	-3.1964	0	-0
-3.255	-3.1964	0.0047306	-0.017264
-1.7887	-3.1964	0.0075167	-0.016882
-0.32241	-3.1964	0.0067681	-0.016661
1.1439	-3.1964	0.0062225	-0.017383
2.6102	-3.1964	0.0046559	-0.017223
4.0765	-3.1964	0.0027883	-0.016126
5.5428	-3.1964	0.00025018	-0.014584
7.0091	-3.1964	-0.0018635	-0.014169
8.4754	-3.1964	-0.0029358	-0.014095
9.9417	-3.1964	0	-0
11.408	-3.1964	0	-0
12.874	-3.1964	0	-0
14.341	-3.1964	0	-0
15.807	-3.1964	0	-0
-14.985	-4.6627	0	-0
-13.519	-4.6627	0	-0
-12.053	-4.6627	0	-0
-10.587	-4.6627	0	-0
-9.1202	-4.6627	0	-0
-7.6539	-4.6627	0	-0
-6.1876	-4.6627	0	-0
-4.7213	-4.6627	0	-0
-3.255	-4.6627	0.0042559	-0.021132
-1.7887	-4.6627	0.0070017	-0.020994
-0.32241	-4.6627	0.0061169	-0.020738
1.1439	-4.6627	0.0051593	-0.021451
2.6102	-4.6627	0.004136	-0.022167
4.0765	-4.6627	0.0024223	-0.02139
5.5428	-4.6627	0.00096831	-0.020264
7.0091	-4.6627	-0.00078842	-0.019768
8.4754	-4.6627	-0.002085	-0.020075
9.9417	-4.6627	0	-0
11.408	-4.6627	0	-0
12.874	-4.6627	0	-0
14.341	-4.6627	0	-0
15.807	-4.6627	0	-0
-14.985	-6.129	0	-0
-13.519	-6.129	0	-0
-12.053	-6.129	0	-0
-10.587	-6.129	0	-0
-9.1202	-6.129	0	-0
-7.6539	-6.129	0	-0
-6.1876	-6.129	0	-0
-4.7213	-6.129	0	-0
-3.255	-6.129	0.0044131	-0.02552
-1.7887	-6.129	0.0070333	-0.025429
-0.32241	-6.129	0.0060146	-0.025572
1.1439	-6.129	0.0044652	-0.02576
2.6102	-6.129	0.0036031	-0.02635
4.0765	-6.129	0.002188	-0.025528
5.5428	-6.129	0.00097009	-0.024702
7.0091	-6.129	-0.00060071	-0.024167
8.4754	-6.129	-0.0016296	-0.023814
9.9417	-6.129	0	-0
11.408	-6.129	0	-0
12.874	-6.129	0	-0
14.341	-6.129	0	-0
15.807	-6.129	0	-0
-14.985	-7.5953	0	-0
-13.519	-7.5953	0	-0
-12.053	-7.5953	0	-0
-10.587	-7.5953	0	-0
-9.1202	-7.5953	0	-0
-7.6539	-7.5953	0	-0
-6.1876	-7.5953	0	-0
-4.7213	-7.5953	0	-0
-3.255	-7.5953	0.0053595	-0.028555
-1.7887	-7.5953	0.0071022	-0.028656
-0.32241	-7.5953	0.0062783	-0.028942
1.1439	-7.5953	0.0041929	-0.030093
2.6102	-7.5953	0.0030245	-0.030874
4.0765	-7.5953	0.0018409	-0.030092
5.5428	-7.5953	0.00098655	-0.028922
7.0091	-7.5953	0.0002293	-0.027993
8.4754	-7.5953	-0.00063526	-0.027399
9.9417	-7.5953	0	-0
11.408	-7.5953	0	-0
12.874	-7.5953	0	-0
14.341	-7.5953	0	-0
15.807	-7.5953	0	-0
-14.985	-9.0616	0	-0
-13.519	-9.0616	0	-0
-12.053	-9.0616	0	-0
-10.587	-9.0616	0	-0
-9.1202	-9.0616	0	-0
-7.6539	-9.0616	0	-0
-6.1876	-9.0616	0	-0
-4.7213	-9.0616	0	-0
-3.255	-9.0616	0.0058319	-0.031041
-1.7887	-9.0616	0.0074342	-0.031761
-0.32241	-9.0616	0.0060933	-0.032988
1.1439	-9.0616	0.0045898	-0.034503
2.6102	-9.0616	0.0032638	-0.035265
4.0765	-9.0616	0.0019543	-0.034652
5.5428	-9.0616	0.0016066	-0.033492
7.0091	-9.0616	0.00080308	-0.032294
8.4754	-9.0616	-2.717e-005	-0.031328
9.9417	-9.0616	0	-0
11.408	-9.0616	0	-0
12.874	-9.0616	0	-0
14.341	-9.0616	0	-0
15.807	-9.0616	0	-0
-14.985	-10.528	0	-0
-13.519	-10.528	0	-0
-12.053	-10.528	0	-0
-10.587	-10.528	0	-0
-9.1202	-10.528	0	-0
-7.6539	-10.528	0	-0
-6.1876	-10.528	0	-0
-4.7213	-10.528	0	-0
-3.255	-10.528	0.0056543	-0.034319
-1.7887	-10.528	0.0073671	-0.03625
-0.32241	-10.528	0.0060082	-0.037745
1.1439	-10.528	0.0044241	-0.038708
2.6102	-10.528	0.0032354	-0.039473
4.0765	-10.528	0.0021897	-0.039485
5.5428	-10.528	0.0016926	-0.038261
7.0091	-10.528	0.00085721	-0.037127
8.4754	-10.528	0.00010058	-0.035779
9.9417	-10.528	0	-0
11.408	-10.528	0	-0
12.874	-10.528	0	-0
14.341	-10.528	0	-0
15.807	-10.528	0	-0
-14.985	-11.994	0	-0
-13.519	-11.994	0	-0
-12.053	-11.994	0	-0
-10.587	-11.994	0	-0
-9.1202	-11.994	0	-0
-7.6539	-11.994	0	-0
-6.1876	-11.994	0	-0
-4.7213	-11.994	0	-0
-3.255	-11.994	0	-0
-1.7887	-11.994	0	-0
-0.32241	-11.994	0	-0
1.1439	-11.994	0	-0
2.6102	-11.994	0	-0
4.0765	-11.994	0	-0
5.5428	-11.994	0	-0
7.0091	-11.994	0	-0
8.4754	-11.994	0	-0
9.9417	-11.994	0	-0
11.408	-11.994	0	-0
12.874	-11.994	0	-0
14.341	-11.994	0	-0
15.807	-11.994	0	-0
