#DaVis 7.4.0 2D-vector 96 22 22 "" "[mm]" "" "[mm]" "displacement" "[mm]"
-14.985	18.798	0	-0
-13.519	18.798	0	-0
-12.053	18.798	0	-0
-10.587	18.798	0	-0
-9.1202	18.798	0	-0
-7.6539	18.798	0	-0
-6.1876	18.798	0	-0
-4.7213	18.798	0	-0
-3.255	18.798	-0.016327	0.035968
-1.7887	18.798	-0.023092	0.042007
-0.32241	18.798	-0.023305	0.043162
1.1439	18.798	-0.024295	0.043227
2.6102	18.798	-0.024425	0.050467
4.0765	18.798	-0.026338	0.055132
5.5428	18.798	-0.026726	0.053517
7.0091	18.798	-0.028229	0.058374
8.4754	18.798	0	-0
9.9417	18.798	0	-0
11.408	18.798	0	-0
12.874	18.798	0	-0
14.341	18.798	0	-0
15.807	18.798	0	-0
-14.985	17.332	0	-0
-13.519	17.332	0	-0
-12.053	17.332	0	-0
-10.587	17.332	0	-0
-9.1202	17.332	0	-0
-7.6539	17.332	0	-0
-6.1876	17.332	0	-0
-4.7213	17.332	0	-0
-3.255	17.332	-0.012696	0.033516
-1.7887	17.332	-0.02083	0.035638
-0.32241	17.332	-0.020987	0.037747
1.1439	17.332	-0.021398	0.039797
2.6102	17.332	-0.021566	0.042529
4.0765	17.332	-0.022978	0.046339
5.5428	17.332	-0.024079	0.049531
7.0091	17.332	-0.025658	0.052315
8.4754	17.332	-0.019304	0.054668
9.9417	17.332	0	-0
11.408	17.332	0	-0
12.874	17.332	0	-0
14.341	17.332	0	-0
15.807	17.332	0	-0
-14.985	15.866	0	-0
-13.519	15.866	0	-0
-12.053	15.866	0	-0
-10.587	15.866	0	-0
-9.1202	15.866	0	-0
-7.6539	15.866	0	-0
-6.1876	15.866	0	-0
-4.7213	15.866	0	-0
-3.255	15.866	-0.011577	0.029584
-1.7887	15.866	-0.018906	0.032458
-0.32241	15.866	-0.019291	0.034553
1.1439	15.866	-0.018889	0.035824
2.6102	15.866	-0.019303	0.038445
4.0765	15.866	-0.020187	0.041591
5.5428	15.866	-0.021537	0.045464
7.0091	15.866	-0.022968	0.048184
8.4754	15.866	-0.015117	0.050202
9.9417	15.866	0	-0
11.408	15.866	0	-0
12.874	15.866	0	-0
14.341	15.866	0	-0
15.807	15.866	0	-0
-14.985	14.399	0	-0
-13.519	14.399	0	-0
-12.053	14.399	0	-0
-10.587	14.399	0	-0
-9.1202	14.399	0	-0
-7.6539	14.399	0	-0
-6.1876	14.399	0	-0
-4.7213	14.399	0	-0
-3.255	14.399	-0.0092915	0.025933
-1.7887	14.399	-0.016374	0.02876
-0.32241	14.399	-0.017212	0.031823
1.1439	14.399	-0.01645	0.033056
2.6102	14.399	-0.017176	0.035281
4.0765	14.399	-0.017714	0.037746
5.5428	14.399	-0.019624	0.041534
7.0091	14.399	-0.020569	0.043852
8.4754	14.399	-0.010255	0.046067
9.9417	14.399	0	-0
11.408	14.399	0	-0
12.874	14.399	0	-0
14.341	14.399	0	-0
15.807	14.399	0	-0
-14.985	12.933	0	-0
-13.519	12.933	0	-0
-12.053	12.933	0	-0
-10.587	12.933	0	-0
-9.1202	12.933	0	-0
-7.6539	12.933	0	-0
-6.1876	12.933	0	-0
-4.7213	12.933	0	-0
-3.255	12.933	-0.0076678	0.022168
-1.7887	12.933	-0.014006	0.024744
-0.32241	12.933	-0.014806	0.027366
1.1439	12.933	-0.014619	0.029428
2.6102	12.933	-0.015055	0.031134
4.0765	12.933	-0.015452	0.033716
5.5428	12.933	-0.017076	0.036458
7.0091	12.933	-0.01773	0.03964
8.4754	12.933	-0.0093202	0.041246
9.9417	12.933	0	-0
11.408	12.933	0	-0
12.874	12.933	0	-0
14.341	12.933	0	-0
15.807	12.933	0	-0
-14.985	11.467	0	-0
-13.519	11.467	0	-0
-12.053	11.467	0	-0
-10.587	11.467	0	-0
-9.1202	11.467	0	-0
-7.6539	11.467	0	-0
-6.1876	11.467	0	-0
-4.7213	11.467	0	-0
-3.255	11.467	-0.0089079	0.018115
-1.7887	11.467	-0.011894	0.020989
-0.32241	11.467	-0.012627	0.02326
1.1439	11.467	-0.012941	0.025264
2.6102	11.467	-0.013056	0.027141
4.0765	11.467	-0.013975	0.029962
5.5428	11.467	-0.015472	0.032005
7.0091	11.467	-0.016096	0.034808
8.4754	11.467	-0.0058402	0.037021
9.9417	11.467	0	-0
11.408	11.467	0	-0
12.874	11.467	0	-0
14.341	11.467	0	-0
15.807	11.467	0	-0
-14.985	10	0	-0
-13.519	10	0	-0
-12.053	10	0	-0
-10.587	10	0	-0
-9.1202	10	0	-0
-7.6539	10	0	-0
-6.1876	10	0	-0
-4.7213	10	0	-0
-3.255	10	-0.0086664	0.01531
-1.7887	10	-0.010926	0.017771
-0.32241	10	-0.011689	0.020041
1.1439	10	-0.012162	0.022178
2.6102	10	-0.012037	0.024006
4.0765	10	-0.012589	0.026395
5.5428	10	-0.01409	0.028705
7.0091	10	-0.015461	0.030996
8.4754	10	-0.0103	0.032751
9.9417	10	0	-0
11.408	10	0	-0
12.874	10	0	-0
14.341	10	0	-0
15.807	10	0	-0
-14.985	8.534	0	-0
-13.519	8.534	0	-0
-12.053	8.534	0	-0
-10.587	8.534	0	-0
-9.1202	8.534	0	-0
-7.6539	8.534	0	-0
-6.1876	8.534	0	-0
-4.7213	8.534	0	-0
-3.255	8.534	-0.0079	0.011955
-1.7887	8.534	-0.0099799	0.014762
-0.32241	8.534	-0.011048	0.016913
1.1439	8.534	-0.010529	0.019086
2.6102	8.534	-0.010306	0.020975
4.0765	8.534	-0.010337	0.023024
5.5428	8.534	-0.012155	0.025497
7.0091	8.534	-0.012878	0.027263
8.4754	8.534	-0.0091813	0.028735
9.9417	8.534	0	-0
11.408	8.534	0	-0
12.874	8.534	0	-0
14.341	8.534	0	-0
15.807	8.534	0	-0
-14.985	7.0677	0	-0
-13.519	7.0677	0	-0
-12.053	7.0677	0	-0
-10.587	7.0677	0	-0
-9.1202	7.0677	0	-0
-7.6539	7.0677	0	-0
-6.1876	7.0677	0	-0
-4.7213	7.0677	0	-0
-3.255	7.0677	-0.0066668	0.0081424
-1.7887	7.0677	-0.0078202	0.01122
-0.32241	7.0677	-0.0081971	0.013646
1.1439	7.0677	-0.0078244	0.016051
2.6102	7.0677	-0.0077171	0.01779
4.0765	7.0677	-0.0081996	0.019368
5.5428	7.0677	-0.0093193	0.021846
7.0091	7.0677	-0.0099161	0.023499
8.4754	7.0677	-0.0080035	0.023763
9.9417	7.0677	0	-0
11.408	7.0677	0	-0
12.874	7.0677	0	-0
14.341	7.0677	0	-0
15.807	7.0677	0	-0
-14.985	5.6014	0	-0
-13.519	5.6014	0	-0
-12.053	5.6014	0	-0
-10.587	5.6014	0	-0
-9.1202	5.6014	0	-0
-7.6539	5.6014	0	-0
-6.1876	5.6014	0	-0
-4.7213	5.6014	0	-0
-3.255	5.6014	-0.004069	0.0038086
-1.7887	5.6014	-0.0045035	0.0076136
-0.32241	5.6014	-0.0047172	0.010384
1.1439	5.6014	-0.0048527	0.012718
2.6102	5.6014	-0.0048682	0.014229
4.0765	5.6014	-0.005869	0.015318
5.5428	5.6014	-0.0071925	0.017696
7.0091	5.6014	-0.0084969	0.018786
8.4754	5.6014	-0.0066463	0.019376
9.9417	5.6014	0	-0
11.408	5.6014	0	-0
12.874	5.6014	0	-0
14.341	5.6014	0	-0
15.807	5.6014	0	-0
-14.985	4.1351	0	-0
-13.519	4.1351	0	-0
-12.053	4.1351	0	-0
-10.587	4.1351	0	-0
-9.1202	4.1351	0	-0
-7.6539	4.1351	0	-0
-6.1876	4.1351	0	-0
-4.7213	4.1351	0	-0
-3.255	4.1351	-0.0003826	0.00015099
-1.7887	4.1351	-0.0011109	0.0038921
-0.32241	4.1351	-0.0019506	0.0070869
1.1439	4.1351	-0.0021928	0.0087302
2.6102	4.1351	-0.0027726	0.010275
4.0765	4.1351	-0.0041297	0.011172
5.5428	4.1351	-0.0055573	0.013572
7.0091	4.1351	-0.0063886	0.015011
8.4754	4.1351	-0.0054441	0.015335
9.9417	4.1351	0	-0
11.408	4.1351	0	-0
12.874	4.1351	0	-0
14.341	4.1351	0	-0
15.807	4.1351	0	-0
-14.985	2.6688	0	-0
-13.519	2.6688	0	-0
-12.053	2.6688	0	-0
-10.587	2.6688	0	-0
-9.1202	2.6688	0	-0
-7.6539	2.6688	0	-0
-6.1876	2.6688	0	-0
-4.7213	2.6688	0	-0
-3.255	2.6688	0.0031385	-0.0031088
-1.7887	2.6688	0.0023571	3.3008e-005
-0.32241	2.6688	0.0011386	0.0025641
1.1439	2.6688	-0.00024078	0.0040659
2.6102	2.6688	-0.0016054	0.0057284
4.0765	2.6688	-0.0025486	0.0066393
5.5428	2.6688	-0.003885	0.0083548
7.0091	2.6688	-0.0050077	0.010274
8.4754	2.6688	-0.0049599	0.010712
9.9417	2.6688	0	-0
11.408	2.6688	0	-0
12.874	2.6688	0	-0
14.341	2.6688	0	-0
15.807	2.6688	0	-0
-14.985	1.2025	0	-0
-13.519	1.2025	0	-0
-12.053	1.2025	0	-0
-10.587	1.2025	0	-0
-9.1202	1.2025	0	-0
-7.6539	1.2025	0	-0
-6.1876	1.2025	0	-0
-4.7213	1.2025	0	-0
-3.255	1.2025	0.0055539	-0.0066958
-1.7887	1.2025	0.0049931	-0.0040831
-0.32241	1.2025	0.0037303	-0.0019579
1.1439	1.2025	0.0017996	-0.00032748
2.6102	1.2025	0.00053646	0.00081697
4.0765	1.2025	-0.0010164	0.0016913
5.5428	1.2025	-0.0022837	0.0032488
7.0091	1.2025	-0.0039848	0.0049112
8.4754	1.2025	-0.0045681	0.0052832
9.9417	1.2025	0	-0
11.408	1.2025	0	-0
12.874	1.2025	0	-0
14.341	1.2025	0	-0
15.807	1.2025	0	-0
-14.985	-0.2638	0	-0
-13.519	-0.2638	0	-0
-12.053	-0.2638	0	-0
-10.587	-0.2638	0	-0
-9.1202	-0.2638	0	-0
-7.6539	-0.2638	0	-0
-6.1876	-0.2638	0	-0
-4.7213	-0.2638	0	-0
-3.255	-0.2638	0.0072007	-0.010856
-1.7887	-0.2638	0.0065593	-0.0088413
-0.32241	-0.2638	0.0059535	-0.0077128
1.1439	-0.2638	0.0044301	-0.0066551
2.6102	-0.2638	0.0029129	-0.0051846
4.0765	-0.2638	0.0010974	-0.003493
5.5428	-0.2638	-0.00071708	-0.0017361
7.0091	-0.2638	-0.0029242	-0.00077468
8.4754	-0.2638	-0.0034673	-0.00024993
9.9417	-0.2638	0	-0
11.408	-0.2638	0	-0
12.874	-0.2638	0	-0
14.341	-0.2638	0	-0
15.807	-0.2638	0	-0
-14.985	-1.7301	0	-0
-13.519	-1.7301	0	-0
-12.053	-1.7301	0	-0
-10.587	-1.7301	0	-0
-9.1202	-1.7301	0	-0
-7.6539	-1.7301	0	-0
-6.1876	-1.7301	0	-0
-4.7213	-1.7301	0	-0
-3.255	-1.7301	0.0067444	-0.013696
-1.7887	-1.7301	0.0081508	-0.012931
-0.32241	-1.7301	0.0076312	-0.012849
1.1439	-1.7301	0.006309	-0.012073
2.6102	-1.7301	0.0046223	-0.011413
4.0765	-1.7301	0.0025542	-0.0093843
5.5428	-1.7301	0.0001303	-0.0076053
7.0091	-1.7301	-0.0016443	-0.0066665
8.4754	-1.7301	-0.0024011	-0.0061351
9.9417	-1.7301	0	-0
11.408	-1.7301	0	-0
12.874	-1.7301	0	-0
14.341	-1.7301	0	-0
15.807	-1.7301	0	-0
-14.985	-3.1964	0	-0
-13.519	-3.1964	0	-0
-12.053	-3.1964	0	-0
-10.587	-3.1964	0	-0
-9.1202	-3.1964	0	-0
-7.6539	-3.1964	0	-0
-6.1876	-3.1964	0	-0
-4.7213	-3.1964	0	-0
-3.255	-3.1964	0.0058263	-0.017551
-1.7887	-3.1964	0.0082445	-0.0169
-0.32241	-3.1964	0.0074108	-0.016605
1.1439	-3.1964	0.0068977	-0.01701
2.6102	-3.1964	0.0053597	-0.016619
4.0765	-3.1964	0.0035709	-0.015303
5.5428	-3.1964	0.0011851	-0.013642
7.0091	-3.1964	-0.00078237	-0.012985
8.4754	-3.1964	-0.0017117	-0.012695
9.9417	-3.1964	0	-0
11.408	-3.1964	0	-0
12.874	-3.1964	0	-0
14.341	-3.1964	0	-0
15.807	-3.1964	0	-0
-14.985	-4.6627	0	-0
-13.519	-4.6627	0	-0
-12.053	-4.6627	0	-0
-10.587	-4.6627	0	-0
-9.1202	-4.6627	0	-0
-7.6539	-4.6627	0	-0
-6.1876	-4.6627	0	-0
-4.7213	-4.6627	0	-0
-3.255	-4.6627	0.0056681	-0.021352
-1.7887	-4.6627	0.0080187	-0.021067
-0.32241	-4.6627	0.0070525	-0.02049
1.1439	-4.6627	0.0061788	-0.020846
2.6102	-4.6627	0.0051719	-0.021217
4.0765	-4.6627	0.0034881	-0.020115
5.5428	-4.6627	0.0022016	-0.018803
7.0091	-4.6627	0.00059979	-0.018109
8.4754	-4.6627	-0.00059647	-0.017944
9.9417	-4.6627	0	-0
11.408	-4.6627	0	-0
12.874	-4.6627	0	-0
14.341	-4.6627	0	-0
15.807	-4.6627	0	-0
-14.985	-6.129	0	-0
-13.519	-6.129	0	-0
-12.053	-6.129	0	-0
-10.587	-6.129	0	-0
-9.1202	-6.129	0	-0
-7.6539	-6.129	0	-0
-6.1876	-6.129	0	-0
-4.7213	-6.129	0	-0
-3.255	-6.129	0.0060789	-0.025876
-1.7887	-6.129	0.0083955	-0.025587
-0.32241	-6.129	0.0073357	-0.025413
1.1439	-6.129	0.0058768	-0.025299
2.6102	-6.129	0.0048736	-0.025579
4.0765	-6.129	0.0035962	-0.024467
5.5428	-6.129	0.0024589	-0.023271
7.0091	-6.129	0.0010135	-0.022452
8.4754	-6.129	7.8487e-005	-0.02171
9.9417	-6.129	0	-0
11.408	-6.129	0	-0
12.874	-6.129	0	-0
14.341	-6.129	0	-0
15.807	-6.129	0	-0
-14.985	-7.5953	0	-0
-13.519	-7.5953	0	-0
-12.053	-7.5953	0	-0
-10.587	-7.5953	0	-0
-9.1202	-7.5953	0	-0
-7.6539	-7.5953	0	-0
-6.1876	-7.5953	0	-0
-4.7213	-7.5953	0	-0
-3.255	-7.5953	0.0071243	-0.028901
-1.7887	-7.5953	0.0087583	-0.028676
-0.32241	-7.5953	0.008051	-0.028617
1.1439	-7.5953	0.0060069	-0.029393
2.6102	-7.5953	0.0046671	-0.029912
4.0765	-7.5953	0.0035492	-0.028898
5.5428	-7.5953	0.0028111	-0.027476
7.0091	-7.5953	0.0020851	-0.026253
8.4754	-7.5953	0.0012884	-0.025432
9.9417	-7.5953	0	-0
11.408	-7.5953	0	-0
12.874	-7.5953	0	-0
14.341	-7.5953	0	-0
15.807	-7.5953	0	-0
-14.985	-9.0616	0	-0
-13.519	-9.0616	0	-0
-12.053	-9.0616	0	-0
-10.587	-9.0616	0	-0
-9.1202	-9.0616	0	-0
-7.6539	-9.0616	0	-0
-6.1876	-9.0616	0	-0
-4.7213	-9.0616	0	-0
-3.255	-9.0616	0.0077385	-0.031159
-1.7887	-9.0616	0.0094617	-0.031574
-0.32241	-9.0616	0.0081696	-0.032164
1.1439	-9.0616	0.0066202	-0.033291
2.6102	-9.0616	0.0052983	-0.033703
4.0765	-9.0616	0.004041	-0.032927
5.5428	-9.0616	0.0037031	-0.031696
7.0091	-9.0616	0.0029808	-0.030357
8.4754	-9.0616	0.0022044	-0.029067
9.9417	-9.0616	0	-0
11.408	-9.0616	0	-0
12.874	-9.0616	0	-0
14.341	-9.0616	0	-0
15.807	-9.0616	0	-0
-14.985	-10.528	0	-0
-13.519	-10.528	0	-0
-12.053	-10.528	0	-0
-10.587	-10.528	0	-0
-9.1202	-10.528	0	-0
-7.6539	-10.528	0	-0
-6.1876	-10.528	0	-0
-4.7213	-10.528	0	-0
-3.255	-10.528	0.0080071	-0.034067
-1.7887	-10.528	0.0097854	-0.035674
-0.32241	-10.528	0.0084061	-0.036725
1.1439	-10.528	0.006843	-0.037261
2.6102	-10.528	0.0056246	-0.03773
4.0765	-10.528	0.0046476	-0.037489
5.5428	-10.528	0.0041883	-0.036062
7.0091	-10.528	0.0034383	-0.034682
8.4754	-10.528	0.0027165	-0.033149
9.9417	-10.528	0	-0
11.408	-10.528	0	-0
12.874	-10.528	0	-0
14.341	-10.528	0	-0
15.807	-10.528	0	-0
-14.985	-11.994	0	-0
-13.519	-11.994	0	-0
-12.053	-11.994	0	-0
-10.587	-11.994	0	-0
-9.1202	-11.994	0	-0
-7.6539	-11.994	0	-0
-6.1876	-11.994	0	-0
-4.7213	-11.994	0	-0
-3.255	-11.994	0	-0
-1.7887	-11.994	0	-0
-0.32241	-11.994	0	-0
1.1439	-11.994	0	-0
2.6102	-11.994	0	-0
4.0765	-11.994	0	-0
5.5428	-11.994	0	-0
7.0091	-11.994	0	-0
8.4754	-11.994	0	-0
9.9417	-11.994	0	-0
11.408	-11.994	0	-0
12.874	-11.994	0	-0
14.341	-11.994	0	-0
15.807	-11.994	0	-0
