#DaVis 7.4.0 2D-vector 96 22 22 "" "[mm]" "" "[mm]" "displacement" "[mm]"
-14.985	18.798	0	-0
-13.519	18.798	0	-0
-12.053	18.798	0	-0
-10.587	18.798	0	-0
-9.1202	18.798	0	-0
-7.6539	18.798	0	-0
-6.1876	18.798	0	-0
-4.7213	18.798	0	-0
-3.255	18.798	-0.014729	0.022185
-1.7887	18.798	-0.023064	0.027556
-0.32241	18.798	-0.023536	0.030322
1.1439	18.798	-0.024339	0.033552
2.6102	18.798	-0.024173	0.036621
4.0765	18.798	-0.025419	0.037723
5.5428	18.798	-0.026292	0.041578
7.0091	18.798	-0.027385	0.045163
8.4754	18.798	0	-0
9.9417	18.798	0	-0
11.408	18.798	0	-0
12.874	18.798	0	-0
14.341	18.798	0	-0
15.807	18.798	0	-0
-14.985	17.332	0	-0
-13.519	17.332	0	-0
-12.053	17.332	0	-0
-10.587	17.332	0	-0
-9.1202	17.332	0	-0
-7.6539	17.332	0	-0
-6.1876	17.332	0	-0
-4.7213	17.332	0	-0
-3.255	17.332	-0.013014	0.022187
-1.7887	17.332	-0.021857	0.024587
-0.32241	17.332	-0.022031	0.026848
1.1439	17.332	-0.022196	0.028676
2.6102	17.332	-0.022345	0.031305
4.0765	17.332	-0.023499	0.034789
5.5428	17.332	-0.024313	0.037525
7.0091	17.332	-0.025813	0.040014
8.4754	17.332	-0.017361	0.042625
9.9417	17.332	0	-0
11.408	17.332	0	-0
12.874	17.332	0	-0
14.341	17.332	0	-0
15.807	17.332	0	-0
-14.985	15.866	0	-0
-13.519	15.866	0	-0
-12.053	15.866	0	-0
-10.587	15.866	0	-0
-9.1202	15.866	0	-0
-7.6539	15.866	0	-0
-6.1876	15.866	0	-0
-4.7213	15.866	0	-0
-3.255	15.866	-0.011992	0.019411
-1.7887	15.866	-0.019427	0.022352
-0.32241	15.866	-0.020252	0.024488
1.1439	15.866	-0.019752	0.026161
2.6102	15.866	-0.020199	0.02834
4.0765	15.866	-0.020846	0.031029
5.5428	15.866	-0.021851	0.034572
7.0091	15.866	-0.023162	0.037364
8.4754	15.866	-0.013721	0.03909
9.9417	15.866	0	-0
11.408	15.866	0	-0
12.874	15.866	0	-0
14.341	15.866	0	-0
15.807	15.866	0	-0
-14.985	14.399	0	-0
-13.519	14.399	0	-0
-12.053	14.399	0	-0
-10.587	14.399	0	-0
-9.1202	14.399	0	-0
-7.6539	14.399	0	-0
-6.1876	14.399	0	-0
-4.7213	14.399	0	-0
-3.255	14.399	-0.0099708	0.016657
-1.7887	14.399	-0.017135	0.01941
-0.32241	14.399	-0.017763	0.022383
1.1439	14.399	-0.017164	0.023645
2.6102	14.399	-0.017971	0.026097
4.0765	14.399	-0.018296	0.028358
5.5428	14.399	-0.019995	0.031621
7.0091	14.399	-0.020345	0.034005
8.4754	14.399	-0.0082243	0.035669
9.9417	14.399	0	-0
11.408	14.399	0	-0
12.874	14.399	0	-0
14.341	14.399	0	-0
15.807	14.399	0	-0
-14.985	12.933	0	-0
-13.519	12.933	0	-0
-12.053	12.933	0	-0
-10.587	12.933	0	-0
-9.1202	12.933	0	-0
-7.6539	12.933	0	-0
-6.1876	12.933	0	-0
-4.7213	12.933	0	-0
-3.255	12.933	-0.0070117	0.013913
-1.7887	12.933	-0.014743	0.016471
-0.32241	12.933	-0.015334	0.019055
1.1439	12.933	-0.015055	0.021131
2.6102	12.933	-0.015584	0.023146
4.0765	12.933	-0.015799	0.025448
5.5428	12.933	-0.017137	0.027854
7.0091	12.933	-0.017201	0.030526
8.4754	12.933	-0.0073196	0.031642
9.9417	12.933	0	-0
11.408	12.933	0	-0
12.874	12.933	0	-0
14.341	12.933	0	-0
15.807	12.933	0	-0
-14.985	11.467	0	-0
-13.519	11.467	0	-0
-12.053	11.467	0	-0
-10.587	11.467	0	-0
-9.1202	11.467	0	-0
-7.6539	11.467	0	-0
-6.1876	11.467	0	-0
-4.7213	11.467	0	-0
-3.255	11.467	-0.0050081	0.01098
-1.7887	11.467	-0.012517	0.013791
-0.32241	11.467	-0.013156	0.016089
1.1439	11.467	-0.013174	0.018257
2.6102	11.467	-0.013223	0.020239
4.0765	11.467	-0.014015	0.0227
5.5428	11.467	-0.015291	0.024674
7.0091	11.467	-0.015349	0.02724
8.4754	11.467	-0.0030101	0.029037
9.9417	11.467	0	-0
11.408	11.467	0	-0
12.874	11.467	0	-0
14.341	11.467	0	-0
15.807	11.467	0	-0
-14.985	10	0	-0
-13.519	10	0	-0
-12.053	10	0	-0
-10.587	10	0	-0
-9.1202	10	0	-0
-7.6539	10	0	-0
-6.1876	10	0	-0
-4.7213	10	0	-0
-3.255	10	-0.00481	0.0087626
-1.7887	10	-0.011334	0.011435
-0.32241	10	-0.011938	0.013655
1.1439	10	-0.012008	0.015836
2.6102	10	-0.011952	0.017745
4.0765	10	-0.012268	0.020099
5.5428	10	-0.013542	0.022348
7.0091	10	-0.014874	0.024542
8.4754	10	-0.00386	0.026276
9.9417	10	0	-0
11.408	10	0	-0
12.874	10	0	-0
14.341	10	0	-0
15.807	10	0	-0
-14.985	8.534	0	-0
-13.519	8.534	0	-0
-12.053	8.534	0	-0
-10.587	8.534	0	-0
-9.1202	8.534	0	-0
-7.6539	8.534	0	-0
-6.1876	8.534	0	-0
-4.7213	8.534	0	-0
-3.255	8.534	-0.0036487	0.0064015
-1.7887	8.534	-0.0099896	0.0092573
-0.32241	8.534	-0.010834	0.011335
1.1439	8.534	-0.010324	0.013494
2.6102	8.534	-0.010234	0.015411
4.0765	8.534	-0.010263	0.017775
5.5428	8.534	-0.01168	0.020105
7.0091	8.534	-0.012199	0.021846
8.4754	8.534	-0.0014458	0.023245
9.9417	8.534	0	-0
11.408	8.534	0	-0
12.874	8.534	0	-0
14.341	8.534	0	-0
15.807	8.534	0	-0
-14.985	7.0677	0	-0
-13.519	7.0677	0	-0
-12.053	7.0677	0	-0
-10.587	7.0677	0	-0
-9.1202	7.0677	0	-0
-7.6539	7.0677	0	-0
-6.1876	7.0677	0	-0
-4.7213	7.0677	0	-0
-3.255	7.0677	-0.0033144	0.0036793
-1.7887	7.0677	-0.0077673	0.0066218
-0.32241	7.0677	-0.0081608	0.0090842
1.1439	7.0677	-0.0078468	0.011255
2.6102	7.0677	-0.007805	0.013046
4.0765	7.0677	-0.0081991	0.015004
5.5428	7.0677	-0.0094045	0.017115
7.0091	7.0677	-0.0092851	0.019047
8.4754	7.0677	-0.0014089	0.019567
9.9417	7.0677	0	-0
11.408	7.0677	0	-0
12.874	7.0677	0	-0
14.341	7.0677	0	-0
15.807	7.0677	0	-0
-14.985	5.6014	0	-0
-13.519	5.6014	0	-0
-12.053	5.6014	0	-0
-10.587	5.6014	0	-0
-9.1202	5.6014	0	-0
-7.6539	5.6014	0	-0
-6.1876	5.6014	0	-0
-4.7213	5.6014	0	-0
-3.255	5.6014	-0.0032209	0.00067113
-1.7887	5.6014	-0.0048158	0.0041487
-0.32241	5.6014	-0.0051881	0.0067971
1.1439	5.6014	-0.0052057	0.0088275
2.6102	5.6014	-0.0053014	0.010486
4.0765	5.6014	-0.0060223	0.011631
5.5428	5.6014	-0.007311	0.014061
7.0091	5.6014	-0.0084821	0.015462
8.4754	5.6014	-0.0041741	0.016289
9.9417	5.6014	0	-0
11.408	5.6014	0	-0
12.874	5.6014	0	-0
14.341	5.6014	0	-0
15.807	5.6014	0	-0
-14.985	4.1351	0	-0
-13.519	4.1351	0	-0
-12.053	4.1351	0	-0
-10.587	4.1351	0	-0
-9.1202	4.1351	0	-0
-7.6539	4.1351	0	-0
-6.1876	4.1351	0	-0
-4.7213	4.1351	0	-0
-3.255	4.1351	-0.00039398	-0.001989
-1.7887	4.1351	-0.0017103	0.0014326
-0.32241	4.1351	-0.0024799	0.0043035
1.1439	4.1351	-0.0025785	0.0062021
2.6102	4.1351	-0.0031708	0.0079156
4.0765	4.1351	-0.0040531	0.0090359
5.5428	4.1351	-0.0053193	0.011386
7.0091	4.1351	-0.0064258	0.012714
8.4754	4.1351	-0.0033344	0.013395
9.9417	4.1351	0	-0
11.408	4.1351	0	-0
12.874	4.1351	0	-0
14.341	4.1351	0	-0
15.807	4.1351	0	-0
-14.985	2.6688	0	-0
-13.519	2.6688	0	-0
-12.053	2.6688	0	-0
-10.587	2.6688	0	-0
-9.1202	2.6688	0	-0
-7.6539	2.6688	0	-0
-6.1876	2.6688	0	-0
-4.7213	2.6688	0	-0
-3.255	2.6688	0.0024461	-0.0044043
-1.7887	2.6688	0.0015283	-0.0014502
-0.32241	2.6688	0.00054942	0.001106
1.1439	2.6688	-0.0004432	0.0029485
2.6102	2.6688	-0.0015689	0.0046639
4.0765	2.6688	-0.0023298	0.0059795
5.5428	2.6688	-0.00351	0.007781
7.0091	2.6688	-0.0046716	0.0095853
8.4754	2.6688	-0.0023422	0.010453
9.9417	2.6688	0	-0
11.408	2.6688	0	-0
12.874	2.6688	0	-0
14.341	2.6688	0	-0
15.807	2.6688	0	-0
-14.985	1.2025	0	-0
-13.519	1.2025	0	-0
-12.053	1.2025	0	-0
-10.587	1.2025	0	-0
-9.1202	1.2025	0	-0
-7.6539	1.2025	0	-0
-6.1876	1.2025	0	-0
-4.7213	1.2025	0	-0
-3.255	1.2025	0.0046388	-0.007027
-1.7887	1.2025	0.003957	-0.0045432
-0.32241	1.2025	0.003064	-0.0024523
1.1439	1.2025	0.0016445	-0.00068072
2.6102	1.2025	0.00056351	0.00072917
4.0765	1.2025	-0.00063457	0.0020952
5.5428	1.2025	-0.0018977	0.0040429
7.0091	1.2025	-0.0030255	0.0058038
8.4754	1.2025	-0.0017608	0.0067135
9.9417	1.2025	0	-0
11.408	1.2025	0	-0
12.874	1.2025	0	-0
14.341	1.2025	0	-0
15.807	1.2025	0	-0
-14.985	-0.2638	0	-0
-13.519	-0.2638	0	-0
-12.053	-0.2638	0	-0
-10.587	-0.2638	0	-0
-9.1202	-0.2638	0	-0
-7.6539	-0.2638	0	-0
-6.1876	-0.2638	0	-0
-4.7213	-0.2638	0	-0
-3.255	-0.2638	0.0064133	-0.0097859
-1.7887	-0.2638	0.0056782	-0.0078727
-0.32241	-0.2638	0.0051765	-0.0065475
1.1439	-0.2638	0.0040444	-0.005222
2.6102	-0.2638	0.0027756	-0.0037872
4.0765	-0.2638	0.0013311	-0.0020267
5.5428	-0.2638	-0.00025696	-6.3073e-005
7.0091	-0.2638	-0.0018166	0.001351
8.4754	-0.2638	-0.00089027	0.0023305
9.9417	-0.2638	0	-0
11.408	-0.2638	0	-0
12.874	-0.2638	0	-0
14.341	-0.2638	0	-0
15.807	-0.2638	0	-0
-14.985	-1.7301	0	-0
-13.519	-1.7301	0	-0
-12.053	-1.7301	0	-0
-10.587	-1.7301	0	-0
-9.1202	-1.7301	0	-0
-7.6539	-1.7301	0	-0
-6.1876	-1.7301	0	-0
-4.7213	-1.7301	0	-0
-3.255	-1.7301	0.0076365	-0.011992
-1.7887	-1.7301	0.0072259	-0.010765
-0.32241	-1.7301	0.0067636	-0.0099527
1.1439	-1.7301	0.0057737	-0.0090588
2.6102	-1.7301	0.0045283	-0.0081041
4.0765	-1.7301	0.0030703	-0.0059718
5.5428	-1.7301	0.0011985	-0.0041234
7.0091	-1.7301	-0.00023939	-0.0029234
8.4754	-1.7301	-0.0001995	-0.0021871
9.9417	-1.7301	0	-0
11.408	-1.7301	0	-0
12.874	-1.7301	0	-0
14.341	-1.7301	0	-0
15.807	-1.7301	0	-0
-14.985	-3.1964	0	-0
-13.519	-3.1964	0	-0
-12.053	-3.1964	0	-0
-10.587	-3.1964	0	-0
-9.1202	-3.1964	0	-0
-7.6539	-3.1964	0	-0
-6.1876	-3.1964	0	-0
-4.7213	-3.1964	0	-0
-3.255	-3.1964	0.0083839	-0.014674
-1.7887	-3.1964	0.007719	-0.013868
-0.32241	-3.1964	0.0071322	-0.01297
1.1439	-3.1964	0.0067675	-0.012686
2.6102	-3.1964	0.0057011	-0.011803
4.0765	-3.1964	0.0043684	-0.01021
5.5428	-3.1964	0.0025465	-0.0083264
7.0091	-3.1964	0.0009728	-0.0072907
8.4754	-3.1964	0.00024591	-0.0065834
9.9417	-3.1964	0	-0
11.408	-3.1964	0	-0
12.874	-3.1964	0	-0
14.341	-3.1964	0	-0
15.807	-3.1964	0	-0
-14.985	-4.6627	0	-0
-13.519	-4.6627	0	-0
-12.053	-4.6627	0	-0
-10.587	-4.6627	0	-0
-9.1202	-4.6627	0	-0
-7.6539	-4.6627	0	-0
-6.1876	-4.6627	0	-0
-4.7213	-4.6627	0	-0
-3.255	-4.6627	0.008947	-0.017317
-1.7887	-4.6627	0.0082661	-0.016667
-0.32241	-4.6627	0.0074809	-0.015796
1.1439	-4.6627	0.006872	-0.015642
2.6102	-4.6627	0.0061775	-0.015342
4.0765	-4.6627	0.0048414	-0.013802
5.5428	-4.6627	0.0037117	-0.012159
7.0091	-4.6627	0.0025684	-0.011072
8.4754	-4.6627	0.0015231	-0.010454
9.9417	-4.6627	0	-0
11.408	-4.6627	0	-0
12.874	-4.6627	0	-0
14.341	-4.6627	0	-0
15.807	-4.6627	0	-0
-14.985	-6.129	0	-0
-13.519	-6.129	0	-0
-12.053	-6.129	0	-0
-10.587	-6.129	0	-0
-9.1202	-6.129	0	-0
-7.6539	-6.129	0	-0
-6.1876	-6.129	0	-0
-4.7213	-6.129	0	-0
-3.255	-6.129	0.0097332	-0.020268
-1.7887	-6.129	0.0090982	-0.019824
-0.32241	-6.129	0.0080749	-0.019208
1.1439	-6.129	0.0070932	-0.018628
2.6102	-6.129	0.0064611	-0.018334
4.0765	-6.129	0.0054898	-0.017003
5.5428	-6.129	0.0046456	-0.015567
7.0091	-6.129	0.0034281	-0.014434
8.4754	-6.129	0.0024238	-0.01341
9.9417	-6.129	0	-0
11.408	-6.129	0	-0
12.874	-6.129	0	-0
14.341	-6.129	0	-0
15.807	-6.129	0	-0
-14.985	-7.5953	0	-0
-13.519	-7.5953	0	-0
-12.053	-7.5953	0	-0
-10.587	-7.5953	0	-0
-9.1202	-7.5953	0	-0
-7.6539	-7.5953	0	-0
-6.1876	-7.5953	0	-0
-4.7213	-7.5953	0	-0
-3.255	-7.5953	0.011042	-0.022536
-1.7887	-7.5953	0.010023	-0.022132
-0.32241	-7.5953	0.0091407	-0.021583
1.1439	-7.5953	0.0078251	-0.021574
2.6102	-7.5953	0.0068749	-0.021546
4.0765	-7.5953	0.0060381	-0.020348
5.5428	-7.5953	0.0054042	-0.018811
7.0091	-7.5953	0.0048396	-0.017322
8.4754	-7.5953	0.0039684	-0.016103
9.9417	-7.5953	0	-0
11.408	-7.5953	0	-0
12.874	-7.5953	0	-0
14.341	-7.5953	0	-0
15.807	-7.5953	0	-0
-14.985	-9.0616	0	-0
-13.519	-9.0616	0	-0
-12.053	-9.0616	0	-0
-10.587	-9.0616	0	-0
-9.1202	-9.0616	0	-0
-7.6539	-9.0616	0	-0
-6.1876	-9.0616	0	-0
-4.7213	-9.0616	0	-0
-3.255	-9.0616	0.012109	-0.024508
-1.7887	-9.0616	0.011102	-0.02437
-0.32241	-9.0616	0.009925	-0.024302
1.1439	-9.0616	0.0087682	-0.024534
2.6102	-9.0616	0.0078139	-0.024414
4.0765	-9.0616	0.0069422	-0.023325
5.5428	-9.0616	0.0067274	-0.021907
7.0091	-9.0616	0.0060481	-0.020334
8.4754	-9.0616	0.0052509	-0.018943
9.9417	-9.0616	0	-0
11.408	-9.0616	0	-0
12.874	-9.0616	0	-0
14.341	-9.0616	0	-0
15.807	-9.0616	0	-0
-14.985	-10.528	0	-0
-13.519	-10.528	0	-0
-12.053	-10.528	0	-0
-10.587	-10.528	0	-0
-9.1202	-10.528	0	-0
-7.6539	-10.528	0	-0
-6.1876	-10.528	0	-0
-4.7213	-10.528	0	-0
-3.255	-10.528	0.012707	-0.026736
-1.7887	-10.528	0.011967	-0.02744
-0.32241	-10.528	0.010853	-0.027664
1.1439	-10.528	0.009514	-0.027522
2.6102	-10.528	0.0086984	-0.027242
4.0765	-10.528	0.0080452	-0.026527
5.5428	-10.528	0.0076075	-0.025047
7.0091	-10.528	0.0070125	-0.023341
8.4754	-10.528	0.0062834	-0.021814
9.9417	-10.528	0	-0
11.408	-10.528	0	-0
12.874	-10.528	0	-0
14.341	-10.528	0	-0
15.807	-10.528	0	-0
-14.985	-11.994	0	-0
-13.519	-11.994	0	-0
-12.053	-11.994	0	-0
-10.587	-11.994	0	-0
-9.1202	-11.994	0	-0
-7.6539	-11.994	0	-0
-6.1876	-11.994	0	-0
-4.7213	-11.994	0	-0
-3.255	-11.994	0	-0
-1.7887	-11.994	0	-0
-0.32241	-11.994	0	-0
1.1439	-11.994	0	-0
2.6102	-11.994	0	-0
4.0765	-11.994	0	-0
5.5428	-11.994	0	-0
7.0091	-11.994	0	-0
8.4754	-11.994	0	-0
9.9417	-11.994	0	-0
11.408	-11.994	0	-0
12.874	-11.994	0	-0
14.341	-11.994	0	-0
15.807	-11.994	0	-0
