#DaVis 7.4.0 2D-vector 96 22 22 "" "[mm]" "" "[mm]" "displacement" "[mm]"
-14.985	18.798	0	-0
-13.519	18.798	0	-0
-12.053	18.798	0	-0
-10.587	18.798	0	-0
-9.1202	18.798	0	-0
-7.6539	18.798	0	-0
-6.1876	18.798	0	-0
-4.7213	18.798	0	-0
-3.255	18.798	-0.016951	0.036279
-1.7887	18.798	-0.023784	0.041454
-0.32241	18.798	-0.023786	0.042541
1.1439	18.798	-0.024747	0.042472
2.6102	18.798	-0.024865	0.050042
4.0765	18.798	-0.026609	0.05494
5.5428	18.798	-0.027226	0.053292
7.0091	18.798	-0.028648	0.058527
8.4754	18.798	0	-0
9.9417	18.798	0	-0
11.408	18.798	0	-0
12.874	18.798	0	-0
14.341	18.798	0	-0
15.807	18.798	0	-0
-14.985	17.332	0	-0
-13.519	17.332	0	-0
-12.053	17.332	0	-0
-10.587	17.332	0	-0
-9.1202	17.332	0	-0
-7.6539	17.332	0	-0
-6.1876	17.332	0	-0
-4.7213	17.332	0	-0
-3.255	17.332	-0.013946	0.033154
-1.7887	17.332	-0.021582	0.035264
-0.32241	17.332	-0.021634	0.037318
1.1439	17.332	-0.022032	0.039288
2.6102	17.332	-0.022183	0.042038
4.0765	17.332	-0.023568	0.045916
5.5428	17.332	-0.024703	0.049188
7.0091	17.332	-0.02628	0.051795
8.4754	17.332	-0.018816	0.054441
9.9417	17.332	0	-0
11.408	17.332	0	-0
12.874	17.332	0	-0
14.341	17.332	0	-0
15.807	17.332	0	-0
-14.985	15.866	0	-0
-13.519	15.866	0	-0
-12.053	15.866	0	-0
-10.587	15.866	0	-0
-9.1202	15.866	0	-0
-7.6539	15.866	0	-0
-6.1876	15.866	0	-0
-4.7213	15.866	0	-0
-3.255	15.866	-0.013004	0.029119
-1.7887	15.866	-0.019483	0.032019
-0.32241	15.866	-0.019943	0.034143
1.1439	15.866	-0.019525	0.03552
2.6102	15.866	-0.019938	0.03799
4.0765	15.866	-0.020844	0.041089
5.5428	15.866	-0.022134	0.045028
7.0091	15.866	-0.023627	0.047932
8.4754	15.866	-0.015448	0.050045
9.9417	15.866	0	-0
11.408	15.866	0	-0
12.874	15.866	0	-0
14.341	15.866	0	-0
15.807	15.866	0	-0
-14.985	14.399	0	-0
-13.519	14.399	0	-0
-12.053	14.399	0	-0
-10.587	14.399	0	-0
-9.1202	14.399	0	-0
-7.6539	14.399	0	-0
-6.1876	14.399	0	-0
-4.7213	14.399	0	-0
-3.255	14.399	-0.010233	0.025446
-1.7887	14.399	-0.016939	0.028194
-0.32241	14.399	-0.017711	0.031335
1.1439	14.399	-0.016983	0.032713
2.6102	14.399	-0.017704	0.035042
4.0765	14.399	-0.018265	0.037479
5.5428	14.399	-0.020244	0.041034
7.0091	14.399	-0.021054	0.043399
8.4754	14.399	-0.010629	0.045617
9.9417	14.399	0	-0
11.408	14.399	0	-0
12.874	14.399	0	-0
14.341	14.399	0	-0
15.807	14.399	0	-0
-14.985	12.933	0	-0
-13.519	12.933	0	-0
-12.053	12.933	0	-0
-10.587	12.933	0	-0
-9.1202	12.933	0	-0
-7.6539	12.933	0	-0
-6.1876	12.933	0	-0
-4.7213	12.933	0	-0
-3.255	12.933	-0.007012	0.021578
-1.7887	12.933	-0.014463	0.024228
-0.32241	12.933	-0.015223	0.026852
1.1439	12.933	-0.014969	0.028902
2.6102	12.933	-0.0154	0.030782
4.0765	12.933	-0.01583	0.033456
5.5428	12.933	-0.017336	0.036174
7.0091	12.933	-0.017927	0.039086
8.4754	12.933	-0.0090388	0.040685
9.9417	12.933	0	-0
11.408	12.933	0	-0
12.874	12.933	0	-0
14.341	12.933	0	-0
15.807	12.933	0	-0
-14.985	11.467	0	-0
-13.519	11.467	0	-0
-12.053	11.467	0	-0
-10.587	11.467	0	-0
-9.1202	11.467	0	-0
-7.6539	11.467	0	-0
-6.1876	11.467	0	-0
-4.7213	11.467	0	-0
-3.255	11.467	-0.0050833	0.01779
-1.7887	11.467	-0.012147	0.020765
-0.32241	11.467	-0.012972	0.022937
1.1439	11.467	-0.013138	0.024829
2.6102	11.467	-0.013283	0.026708
4.0765	11.467	-0.014178	0.029457
5.5428	11.467	-0.015832	0.031689
7.0091	11.467	-0.016138	0.03465
8.4754	11.467	-0.0050363	0.036766
9.9417	11.467	0	-0
11.408	11.467	0	-0
12.874	11.467	0	-0
14.341	11.467	0	-0
15.807	11.467	0	-0
-14.985	10	0	-0
-13.519	10	0	-0
-12.053	10	0	-0
-10.587	10	0	-0
-9.1202	10	0	-0
-7.6539	10	0	-0
-6.1876	10	0	-0
-4.7213	10	0	-0
-3.255	10	-0.0052218	0.014525
-1.7887	10	-0.011265	0.017388
-0.32241	10	-0.011946	0.019866
1.1439	10	-0.012269	0.021998
2.6102	10	-0.012143	0.02374
4.0765	10	-0.012617	0.026013
5.5428	10	-0.014397	0.028321
7.0091	10	-0.015703	0.030618
8.4754	10	-0.0057125	0.032515
9.9417	10	0	-0
11.408	10	0	-0
12.874	10	0	-0
14.341	10	0	-0
15.807	10	0	-0
-14.985	8.534	0	-0
-13.519	8.534	0	-0
-12.053	8.534	0	-0
-10.587	8.534	0	-0
-9.1202	8.534	0	-0
-7.6539	8.534	0	-0
-6.1876	8.534	0	-0
-4.7213	8.534	0	-0
-3.255	8.534	-0.0042155	0.011139
-1.7887	8.534	-0.010302	0.014275
-0.32241	8.534	-0.011252	0.016678
1.1439	8.534	-0.010692	0.018967
2.6102	8.534	-0.010423	0.020911
4.0765	8.534	-0.010351	0.022893
5.5428	8.534	-0.012298	0.02526
7.0091	8.534	-0.013044	0.026983
8.4754	8.534	-0.0029588	0.028642
9.9417	8.534	0	-0
11.408	8.534	0	-0
12.874	8.534	0	-0
14.341	8.534	0	-0
15.807	8.534	0	-0
-14.985	7.0677	0	-0
-13.519	7.0677	0	-0
-12.053	7.0677	0	-0
-10.587	7.0677	0	-0
-9.1202	7.0677	0	-0
-7.6539	7.0677	0	-0
-6.1876	7.0677	0	-0
-4.7213	7.0677	0	-0
-3.255	7.0677	-0.0033451	0.0075552
-1.7887	7.0677	-0.0080898	0.010818
-0.32241	7.0677	-0.008501	0.013245
1.1439	7.0677	-0.0080795	0.015797
2.6102	7.0677	-0.0079726	0.017674
4.0765	7.0677	-0.0082885	0.019388
5.5428	7.0677	-0.009584	0.02186
7.0091	7.0677	-0.010077	0.023443
8.4754	7.0677	-0.0025378	0.023803
9.9417	7.0677	0	-0
11.408	7.0677	0	-0
12.874	7.0677	0	-0
14.341	7.0677	0	-0
15.807	7.0677	0	-0
-14.985	5.6014	0	-0
-13.519	5.6014	0	-0
-12.053	5.6014	0	-0
-10.587	5.6014	0	-0
-9.1202	5.6014	0	-0
-7.6539	5.6014	0	-0
-6.1876	5.6014	0	-0
-4.7213	5.6014	0	-0
-3.255	5.6014	-0.0018716	0.0036633
-1.7887	5.6014	-0.0047546	0.0074402
-0.32241	5.6014	-0.0051762	0.010087
1.1439	5.6014	-0.0052302	0.012352
2.6102	5.6014	-0.0052678	0.013977
4.0765	5.6014	-0.0061003	0.015171
5.5428	5.6014	-0.0075473	0.017644
7.0091	5.6014	-0.0093652	0.018774
8.4754	5.6014	-0.0027266	0.019457
9.9417	5.6014	0	-0
11.408	5.6014	0	-0
12.874	5.6014	0	-0
14.341	5.6014	0	-0
15.807	5.6014	0	-0
-14.985	4.1351	0	-0
-13.519	4.1351	0	-0
-12.053	4.1351	0	-0
-10.587	4.1351	0	-0
-9.1202	4.1351	0	-0
-7.6539	4.1351	0	-0
-6.1876	4.1351	0	-0
-4.7213	4.1351	0	-0
-3.255	4.1351	0.00042235	4.1245e-005
-1.7887	4.1351	-0.0012852	0.0038672
-0.32241	4.1351	-0.0022877	0.0070308
1.1439	4.1351	-0.0024163	0.0086529
2.6102	4.1351	-0.0031012	0.010065
4.0765	4.1351	-0.0043848	0.011019
5.5428	4.1351	-0.0060456	0.01328
7.0091	4.1351	-0.0072615	0.014723
8.4754	4.1351	-0.0022611	0.015283
9.9417	4.1351	0	-0
11.408	4.1351	0	-0
12.874	4.1351	0	-0
14.341	4.1351	0	-0
15.807	4.1351	0	-0
-14.985	2.6688	0	-0
-13.519	2.6688	0	-0
-12.053	2.6688	0	-0
-10.587	2.6688	0	-0
-9.1202	2.6688	0	-0
-7.6539	2.6688	0	-0
-6.1876	2.6688	0	-0
-4.7213	2.6688	0	-0
-3.255	2.6688	0.0036028	-0.0035052
-1.7887	2.6688	0.0023123	-0.00022232
-0.32241	2.6688	0.0010471	0.0024669
1.1439	2.6688	-0.00027505	0.0041785
2.6102	2.6688	-0.0017518	0.0059153
4.0765	2.6688	-0.0027063	0.0067146
5.5428	2.6688	-0.0041924	0.0083755
7.0091	2.6688	-0.0054936	0.010267
8.4754	2.6688	-0.0021144	0.010748
9.9417	2.6688	0	-0
11.408	2.6688	0	-0
12.874	2.6688	0	-0
14.341	2.6688	0	-0
15.807	2.6688	0	-0
-14.985	1.2025	0	-0
-13.519	1.2025	0	-0
-12.053	1.2025	0	-0
-10.587	1.2025	0	-0
-9.1202	1.2025	0	-0
-7.6539	1.2025	0	-0
-6.1876	1.2025	0	-0
-4.7213	1.2025	0	-0
-3.255	1.2025	0.0059246	-0.0071105
-1.7887	1.2025	0.0049639	-0.0044649
-0.32241	1.2025	0.0037404	-0.0023338
1.1439	1.2025	0.0018897	-0.00055469
2.6102	1.2025	0.00054521	0.00069631
4.0765	1.2025	-0.0010579	0.0018907
5.5428	1.2025	-0.0025261	0.003585
7.0091	1.2025	-0.0040497	0.0052152
8.4754	1.2025	-0.0014358	0.005883
9.9417	1.2025	0	-0
11.408	1.2025	0	-0
12.874	1.2025	0	-0
14.341	1.2025	0	-0
15.807	1.2025	0	-0
-14.985	-0.2638	0	-0
-13.519	-0.2638	0	-0
-12.053	-0.2638	0	-0
-10.587	-0.2638	0	-0
-9.1202	-0.2638	0	-0
-7.6539	-0.2638	0	-0
-6.1876	-0.2638	0	-0
-4.7213	-0.2638	0	-0
-3.255	-0.2638	0.0075864	-0.010937
-1.7887	-0.2638	0.0065941	-0.009024
-0.32241	-0.2638	0.0058991	-0.0079073
1.1439	-0.2638	0.0045446	-0.0067015
2.6102	-0.2638	0.0029409	-0.0054436
4.0765	-0.2638	0.0010782	-0.0037455
5.5428	-0.2638	-0.00095021	-0.0016704
7.0091	-0.2638	-0.003054	-0.00058715
8.4754	-0.2638	-0.0006562	-4.6441e-005
9.9417	-0.2638	0	-0
11.408	-0.2638	0	-0
12.874	-0.2638	0	-0
14.341	-0.2638	0	-0
15.807	-0.2638	0	-0
-14.985	-1.7301	0	-0
-13.519	-1.7301	0	-0
-12.053	-1.7301	0	-0
-10.587	-1.7301	0	-0
-9.1202	-1.7301	0	-0
-7.6539	-1.7301	0	-0
-6.1876	-1.7301	0	-0
-4.7213	-1.7301	0	-0
-3.255	-1.7301	0.0086047	-0.014004
-1.7887	-1.7301	0.0080952	-0.013079
-0.32241	-1.7301	0.0075631	-0.012641
1.1439	-1.7301	0.0064328	-0.011897
2.6102	-1.7301	0.0047725	-0.0114
4.0765	-1.7301	0.0028078	-0.0090757
5.5428	-1.7301	-9.8748e-005	-0.0072984
7.0091	-1.7301	-0.0015851	-0.0064107
8.4754	-1.7301	-0.0002821	-0.0059184
9.9417	-1.7301	0	-0
11.408	-1.7301	0	-0
12.874	-1.7301	0	-0
14.341	-1.7301	0	-0
15.807	-1.7301	0	-0
-14.985	-3.1964	0	-0
-13.519	-3.1964	0	-0
-12.053	-3.1964	0	-0
-10.587	-3.1964	0	-0
-9.1202	-3.1964	0	-0
-7.6539	-3.1964	0	-0
-6.1876	-3.1964	0	-0
-4.7213	-3.1964	0	-0
-3.255	-3.1964	0.00895	-0.017651
-1.7887	-3.1964	0.0080973	-0.017236
-0.32241	-3.1964	0.0073698	-0.016765
1.1439	-3.1964	0.0070187	-0.017039
2.6102	-3.1964	0.0055438	-0.01661
4.0765	-3.1964	0.0038497	-0.015142
5.5428	-3.1964	0.0012355	-0.013282
7.0091	-3.1964	-0.0008307	-0.012488
8.4754	-3.1964	-0.00062037	-0.012173
9.9417	-3.1964	0	-0
11.408	-3.1964	0	-0
12.874	-3.1964	0	-0
14.341	-3.1964	0	-0
15.807	-3.1964	0	-0
-14.985	-4.6627	0	-0
-13.519	-4.6627	0	-0
-12.053	-4.6627	0	-0
-10.587	-4.6627	0	-0
-9.1202	-4.6627	0	-0
-7.6539	-4.6627	0	-0
-6.1876	-4.6627	0	-0
-4.7213	-4.6627	0	-0
-3.255	-4.6627	0.0089723	-0.021131
-1.7887	-4.6627	0.0080108	-0.02094
-0.32241	-4.6627	0.0070442	-0.020452
1.1439	-4.6627	0.0063535	-0.020831
2.6102	-4.6627	0.0054233	-0.021122
4.0765	-4.6627	0.0037931	-0.020016
5.5428	-4.6627	0.0024749	-0.018663
7.0091	-4.6627	0.00078119	-0.017816
8.4754	-4.6627	-0.00015071	-0.017777
9.9417	-4.6627	0	-0
11.408	-4.6627	0	-0
12.874	-4.6627	0	-0
14.341	-4.6627	0	-0
15.807	-4.6627	0	-0
-14.985	-6.129	0	-0
-13.519	-6.129	0	-0
-12.053	-6.129	0	-0
-10.587	-6.129	0	-0
-9.1202	-6.129	0	-0
-7.6539	-6.129	0	-0
-6.1876	-6.129	0	-0
-4.7213	-6.129	0	-0
-3.255	-6.129	0.0093205	-0.025164
-1.7887	-6.129	0.0084457	-0.025088
-0.32241	-6.129	0.0072122	-0.024978
1.1439	-6.129	0.0060722	-0.024831
2.6102	-6.129	0.0052571	-0.025054
4.0765	-6.129	0.0039664	-0.023945
5.5428	-6.129	0.0028626	-0.022796
7.0091	-6.129	0.0013404	-0.021978
8.4754	-6.129	0.00023501	-0.021298
9.9417	-6.129	0	-0
11.408	-6.129	0	-0
12.874	-6.129	0	-0
14.341	-6.129	0	-0
15.807	-6.129	0	-0
-14.985	-7.5953	0	-0
-13.519	-7.5953	0	-0
-12.053	-7.5953	0	-0
-10.587	-7.5953	0	-0
-9.1202	-7.5953	0	-0
-7.6539	-7.5953	0	-0
-6.1876	-7.5953	0	-0
-4.7213	-7.5953	0	-0
-3.255	-7.5953	0.010329	-0.028277
-1.7887	-7.5953	0.0089909	-0.028273
-0.32241	-7.5953	0.0079229	-0.028297
1.1439	-7.5953	0.0062388	-0.029076
2.6102	-7.5953	0.0050795	-0.029457
4.0765	-7.5953	0.0040434	-0.02838
5.5428	-7.5953	0.0032815	-0.026878
7.0091	-7.5953	0.002575	-0.025632
8.4754	-7.5953	0.0016796	-0.024729
9.9417	-7.5953	0	-0
11.408	-7.5953	0	-0
12.874	-7.5953	0	-0
14.341	-7.5953	0	-0
15.807	-7.5953	0	-0
-14.985	-9.0616	0	-0
-13.519	-9.0616	0	-0
-12.053	-9.0616	0	-0
-10.587	-9.0616	0	-0
-9.1202	-9.0616	0	-0
-7.6539	-9.0616	0	-0
-6.1876	-9.0616	0	-0
-4.7213	-9.0616	0	-0
-3.255	-9.0616	0.011051	-0.030847
-1.7887	-9.0616	0.0096767	-0.03134
-0.32241	-9.0616	0.0083106	-0.032237
1.1439	-9.0616	0.0068373	-0.0333
2.6102	-9.0616	0.0056954	-0.033661
4.0765	-9.0616	0.0044973	-0.03275
5.5428	-9.0616	0.0042528	-0.031272
7.0091	-9.0616	0.0035203	-0.029764
8.4754	-9.0616	0.0027222	-0.028514
9.9417	-9.0616	0	-0
11.408	-9.0616	0	-0
12.874	-9.0616	0	-0
14.341	-9.0616	0	-0
15.807	-9.0616	0	-0
-14.985	-10.528	0	-0
-13.519	-10.528	0	-0
-12.053	-10.528	0	-0
-10.587	-10.528	0	-0
-9.1202	-10.528	0	-0
-7.6539	-10.528	0	-0
-6.1876	-10.528	0	-0
-4.7213	-10.528	0	-0
-3.255	-10.528	0.011177	-0.034187
-1.7887	-10.528	0.0099726	-0.03562
-0.32241	-10.528	0.0086778	-0.036695
1.1439	-10.528	0.0070802	-0.037237
2.6102	-10.528	0.0060943	-0.037592
4.0765	-10.528	0.0051953	-0.037261
5.5428	-10.528	0.0047362	-0.035771
7.0091	-10.528	0.0039531	-0.034312
8.4754	-10.528	0.0032303	-0.032705
9.9417	-10.528	0	-0
11.408	-10.528	0	-0
12.874	-10.528	0	-0
14.341	-10.528	0	-0
15.807	-10.528	0	-0
-14.985	-11.994	0	-0
-13.519	-11.994	0	-0
-12.053	-11.994	0	-0
-10.587	-11.994	0	-0
-9.1202	-11.994	0	-0
-7.6539	-11.994	0	-0
-6.1876	-11.994	0	-0
-4.7213	-11.994	0	-0
-3.255	-11.994	0	-0
-1.7887	-11.994	0	-0
-0.32241	-11.994	0	-0
1.1439	-11.994	0	-0
2.6102	-11.994	0	-0
4.0765	-11.994	0	-0
5.5428	-11.994	0	-0
7.0091	-11.994	0	-0
8.4754	-11.994	0	-0
9.9417	-11.994	0	-0
11.408	-11.994	0	-0
12.874	-11.994	0	-0
14.341	-11.994	0	-0
15.807	-11.994	0	-0
