#DaVis 7.4.0 2D-vector 96 22 22 "" "[mm]" "" "[mm]" "displacement" "[mm]"
-14.985	18.798	0	-0
-13.519	18.798	0	-0
-12.053	18.798	0	-0
-10.587	18.798	0	-0
-9.1202	18.798	0	-0
-7.6539	18.798	0	-0
-6.1876	18.798	0	-0
-4.7213	18.798	0	-0
-3.255	18.798	-0.0097214	0.04858
-1.7887	18.798	-0.0093547	0.054354
-0.32241	18.798	-0.0093849	0.052937
1.1439	18.798	-0.010071	0.047748
2.6102	18.798	-0.01038	0.05502
4.0765	18.798	-0.012566	0.055449
5.5428	18.798	-0.012641	0.055562
7.0091	18.798	-0.014429	0.061173
8.4754	18.798	0	-0
9.9417	18.798	0	-0
11.408	18.798	0	-0
12.874	18.798	0	-0
14.341	18.798	0	-0
15.807	18.798	0	-0
-14.985	17.332	0	-0
-13.519	17.332	0	-0
-12.053	17.332	0	-0
-10.587	17.332	0	-0
-9.1202	17.332	0	-0
-7.6539	17.332	0	-0
-6.1876	17.332	0	-0
-4.7213	17.332	0	-0
-3.255	17.332	-0.0076608	0.049056
-1.7887	17.332	-0.0079082	0.05025
-0.32241	17.332	-0.0079388	0.050796
1.1439	17.332	-0.0082647	0.051412
2.6102	17.332	-0.0087749	0.053017
4.0765	17.332	-0.010111	0.055692
5.5428	17.332	-0.011306	0.058245
7.0091	17.332	-0.013154	0.05998
8.4754	17.332	-0.0091798	0.061659
9.9417	17.332	0	-0
11.408	17.332	0	-0
12.874	17.332	0	-0
14.341	17.332	0	-0
15.807	17.332	0	-0
-14.985	15.866	0	-0
-13.519	15.866	0	-0
-12.053	15.866	0	-0
-10.587	15.866	0	-0
-9.1202	15.866	0	-0
-7.6539	15.866	0	-0
-6.1876	15.866	0	-0
-4.7213	15.866	0	-0
-3.255	15.866	-0.0066581	0.044291
-1.7887	15.866	-0.007281	0.046135
-0.32241	15.866	-0.0070727	0.047327
1.1439	15.866	-0.0071666	0.047329
2.6102	15.866	-0.0077751	0.04862
4.0765	15.866	-0.0087852	0.050788
5.5428	15.866	-0.010272	0.053402
7.0091	15.866	-0.01191	0.055365
8.4754	15.866	-0.0093731	0.056422
9.9417	15.866	0	-0
11.408	15.866	0	-0
12.874	15.866	0	-0
14.341	15.866	0	-0
15.807	15.866	0	-0
-14.985	14.399	0	-0
-13.519	14.399	0	-0
-12.053	14.399	0	-0
-10.587	14.399	0	-0
-9.1202	14.399	0	-0
-7.6539	14.399	0	-0
-6.1876	14.399	0	-0
-4.7213	14.399	0	-0
-3.255	14.399	-0.0048972	0.039468
-1.7887	14.399	-0.0057823	0.041626
-0.32241	14.399	-0.0062192	0.043298
1.1439	14.399	-0.0059333	0.043324
2.6102	14.399	-0.0066689	0.044427
4.0765	14.399	-0.0072733	0.04573
5.5428	14.399	-0.0092463	0.048367
7.0091	14.399	-0.010931	0.049961
8.4754	14.399	-0.010073	0.051022
9.9417	14.399	0	-0
11.408	14.399	0	-0
12.874	14.399	0	-0
14.341	14.399	0	-0
15.807	14.399	0	-0
-14.985	12.933	0	-0
-13.519	12.933	0	-0
-12.053	12.933	0	-0
-10.587	12.933	0	-0
-9.1202	12.933	0	-0
-7.6539	12.933	0	-0
-6.1876	12.933	0	-0
-4.7213	12.933	0	-0
-3.255	12.933	-0.0033235	0.034615
-1.7887	12.933	-0.0041504	0.035996
-0.32241	12.933	-0.0050734	0.037659
1.1439	12.933	-0.00514	0.038546
2.6102	12.933	-0.0056921	0.038979
4.0765	12.933	-0.0060486	0.040696
5.5428	12.933	-0.0080142	0.042291
7.0091	12.933	-0.0097359	0.044196
8.4754	12.933	-0.0097924	0.044918
9.9417	12.933	0	-0
11.408	12.933	0	-0
12.874	12.933	0	-0
14.341	12.933	0	-0
15.807	12.933	0	-0
-14.985	11.467	0	-0
-13.519	11.467	0	-0
-12.053	11.467	0	-0
-10.587	11.467	0	-0
-9.1202	11.467	0	-0
-7.6539	11.467	0	-0
-6.1876	11.467	0	-0
-4.7213	11.467	0	-0
-3.255	11.467	-0.0026425	0.030394
-1.7887	11.467	-0.0031332	0.031827
-0.32241	11.467	-0.0040839	0.032553
1.1439	11.467	-0.00477	0.033351
2.6102	11.467	-0.0050559	0.033907
4.0765	11.467	-0.0059957	0.035659
5.5428	11.467	-0.0076666	0.036505
7.0091	11.467	-0.0093039	0.038638
8.4754	11.467	-0.010029	0.039952
9.9417	11.467	0	-0
11.408	11.467	0	-0
12.874	11.467	0	-0
14.341	11.467	0	-0
15.807	11.467	0	-0
-14.985	10	0	-0
-13.519	10	0	-0
-12.053	10	0	-0
-10.587	10	0	-0
-9.1202	10	0	-0
-7.6539	10	0	-0
-6.1876	10	0	-0
-4.7213	10	0	-0
-3.255	10	-0.0029303	0.026476
-1.7887	10	-0.0036588	0.027572
-0.32241	10	-0.0044252	0.028728
1.1439	10	-0.005299	0.029596
2.6102	10	-0.0051887	0.03017
4.0765	10	-0.0059498	0.0313
5.5428	10	-0.0074564	0.032435
7.0091	10	-0.0091062	0.033608
8.4754	10	-0.0099064	0.034293
9.9417	10	0	-0
11.408	10	0	-0
12.874	10	0	-0
14.341	10	0	-0
15.807	10	0	-0
-14.985	8.534	0	-0
-13.519	8.534	0	-0
-12.053	8.534	0	-0
-10.587	8.534	0	-0
-9.1202	8.534	0	-0
-7.6539	8.534	0	-0
-6.1876	8.534	0	-0
-4.7213	8.534	0	-0
-3.255	8.534	-0.003478	0.022094
-1.7887	8.534	-0.0042945	0.023569
-0.32241	8.534	-0.0053757	0.024772
1.1439	8.534	-0.0051638	0.025758
2.6102	8.534	-0.00482	0.026581
4.0765	8.534	-0.0048902	0.027456
5.5428	8.534	-0.0066892	0.028544
7.0091	8.534	-0.0080185	0.028938
8.4754	8.534	-0.0088345	0.029517
9.9417	8.534	0	-0
11.408	8.534	0	-0
12.874	8.534	0	-0
14.341	8.534	0	-0
15.807	8.534	0	-0
-14.985	7.0677	0	-0
-13.519	7.0677	0	-0
-12.053	7.0677	0	-0
-10.587	7.0677	0	-0
-9.1202	7.0677	0	-0
-7.6539	7.0677	0	-0
-6.1876	7.0677	0	-0
-4.7213	7.0677	0	-0
-3.255	7.0677	-0.0029561	0.017395
-1.7887	7.0677	-0.0035059	0.019262
-0.32241	7.0677	-0.0039653	0.020557
1.1439	7.0677	-0.0036435	0.021883
2.6102	7.0677	-0.0034438	0.022489
4.0765	7.0677	-0.0039168	0.022931
5.5428	7.0677	-0.0050623	0.023894
7.0091	7.0677	-0.006639	0.02433
8.4754	7.0677	-0.0078518	0.023506
9.9417	7.0677	0	-0
11.408	7.0677	0	-0
12.874	7.0677	0	-0
14.341	7.0677	0	-0
15.807	7.0677	0	-0
-14.985	5.6014	0	-0
-13.519	5.6014	0	-0
-12.053	5.6014	0	-0
-10.587	5.6014	0	-0
-9.1202	5.6014	0	-0
-7.6539	5.6014	0	-0
-6.1876	5.6014	0	-0
-4.7213	5.6014	0	-0
-3.255	5.6014	-0.00091126	0.012045
-1.7887	5.6014	-0.0012053	0.014998
-0.32241	5.6014	-0.0016213	0.016544
1.1439	5.6014	-0.001785	0.017701
2.6102	5.6014	-0.0016211	0.01801
4.0765	5.6014	-0.0028249	0.017788
5.5428	5.6014	-0.0039884	0.019004
7.0091	5.6014	-0.0057795	0.018714
8.4754	5.6014	-0.0067226	0.018084
9.9417	5.6014	0	-0
11.408	5.6014	0	-0
12.874	5.6014	0	-0
14.341	5.6014	0	-0
15.807	5.6014	0	-0
-14.985	4.1351	0	-0
-13.519	4.1351	0	-0
-12.053	4.1351	0	-0
-10.587	4.1351	0	-0
-9.1202	4.1351	0	-0
-7.6539	4.1351	0	-0
-6.1876	4.1351	0	-0
-4.7213	4.1351	0	-0
-3.255	4.1351	0.0021452	0.007309
-1.7887	4.1351	0.0013565	0.010424
-0.32241	4.1351	0.00021808	0.012597
1.1439	4.1351	-5.8156e-005	0.01293
2.6102	4.1351	-0.00071218	0.013213
4.0765	4.1351	-0.0022303	0.01247
5.5428	4.1351	-0.0036211	0.013507
7.0091	4.1351	-0.0047688	0.014105
8.4754	4.1351	-0.00563	0.012884
9.9417	4.1351	0	-0
11.408	4.1351	0	-0
12.874	4.1351	0	-0
14.341	4.1351	0	-0
15.807	4.1351	0	-0
-14.985	2.6688	0	-0
-13.519	2.6688	0	-0
-12.053	2.6688	0	-0
-10.587	2.6688	0	-0
-9.1202	2.6688	0	-0
-7.6539	2.6688	0	-0
-6.1876	2.6688	0	-0
-4.7213	2.6688	0	-0
-3.255	2.6688	0.0048732	0.0030379
-1.7887	2.6688	0.0040123	0.0054093
-0.32241	2.6688	0.0024961	0.0067684
1.1439	2.6688	0.00083524	0.0069975
2.6102	2.6688	-0.00086809	0.0076483
4.0765	2.6688	-0.0019889	0.0070876
5.5428	2.6688	-0.0035102	0.0074697
7.0091	2.6688	-0.0047305	0.0082854
8.4754	2.6688	-0.005804	0.0069808
9.9417	2.6688	0	-0
11.408	2.6688	0	-0
12.874	2.6688	0	-0
14.341	2.6688	0	-0
15.807	2.6688	0	-0
-14.985	1.2025	0	-0
-13.519	1.2025	0	-0
-12.053	1.2025	0	-0
-10.587	1.2025	0	-0
-9.1202	1.2025	0	-0
-7.6539	1.2025	0	-0
-6.1876	1.2025	0	-0
-4.7213	1.2025	0	-0
-3.255	1.2025	0.0051737	-0.001312
-1.7887	1.2025	0.0057945	0.00033253
-0.32241	1.2025	0.004269	0.0012536
1.1439	1.2025	0.001784	0.0016669
2.6102	1.2025	0.00012707	0.001595
4.0765	1.2025	-0.0017076	0.001228
5.5428	1.2025	-0.0031869	0.0014552
7.0091	1.2025	-0.0052278	0.0016882
8.4754	1.2025	-0.0061934	0.00045546
9.9417	1.2025	0	-0
11.408	1.2025	0	-0
12.874	1.2025	0	-0
14.341	1.2025	0	-0
15.807	1.2025	0	-0
-14.985	-0.2638	0	-0
-13.519	-0.2638	0	-0
-12.053	-0.2638	0	-0
-10.587	-0.2638	0	-0
-9.1202	-0.2638	0	-0
-7.6539	-0.2638	0	-0
-6.1876	-0.2638	0	-0
-4.7213	-0.2638	0	-0
-3.255	-0.2638	0.0057063	-0.006345
-1.7887	-0.2638	0.0061641	-0.0054732
-0.32241	-0.2638	0.0053233	-0.0057819
1.1439	-0.2638	0.0034958	-0.0062433
2.6102	-0.2638	0.0015853	-0.0060347
4.0765	-0.2638	-0.00061711	-0.0054564
5.5428	-0.2638	-0.0029359	-0.005082
7.0091	-0.2638	-0.0056062	-0.0054308
8.4754	-0.2638	-0.0063248	-0.0062954
9.9417	-0.2638	0	-0
11.408	-0.2638	0	-0
12.874	-0.2638	0	-0
14.341	-0.2638	0	-0
15.807	-0.2638	0	-0
-14.985	-1.7301	0	-0
-13.519	-1.7301	0	-0
-12.053	-1.7301	0	-0
-10.587	-1.7301	0	-0
-9.1202	-1.7301	0	-0
-7.6539	-1.7301	0	-0
-6.1876	-1.7301	0	-0
-4.7213	-1.7301	0	-0
-3.255	-1.7301	0.0050076	-0.010038
-1.7887	-1.7301	0.006363	-0.010626
-0.32241	-1.7301	0.0056321	-0.012142
1.1439	-1.7301	0.0043526	-0.013219
2.6102	-1.7301	0.0021297	-0.013595
4.0765	-1.7301	-0.00041361	-0.012578
5.5428	-1.7301	-0.0033383	-0.011855
7.0091	-1.7301	-0.005547	-0.012572
8.4754	-1.7301	-0.0065684	-0.013644
9.9417	-1.7301	0	-0
11.408	-1.7301	0	-0
12.874	-1.7301	0	-0
14.341	-1.7301	0	-0
15.807	-1.7301	0	-0
-14.985	-3.1964	0	-0
-13.519	-3.1964	0	-0
-12.053	-3.1964	0	-0
-10.587	-3.1964	0	-0
-9.1202	-3.1964	0	-0
-7.6539	-3.1964	0	-0
-6.1876	-3.1964	0	-0
-4.7213	-3.1964	0	-0
-3.255	-3.1964	0.00366	-0.014786
-1.7887	-3.1964	0.004684	-0.015605
-0.32241	-3.1964	0.0036227	-0.016888
1.1439	-3.1964	0.0029765	-0.019351
2.6102	-3.1964	0.0013863	-0.020008
4.0765	-3.1964	-0.00081844	-0.020071
5.5428	-3.1964	-0.0036774	-0.019568
7.0091	-3.1964	-0.0060523	-0.020178
8.4754	-3.1964	-0.0072418	-0.021423
9.9417	-3.1964	0	-0
11.408	-3.1964	0	-0
12.874	-3.1964	0	-0
14.341	-3.1964	0	-0
15.807	-3.1964	0	-0
-14.985	-4.6627	0	-0
-13.519	-4.6627	0	-0
-12.053	-4.6627	0	-0
-10.587	-4.6627	0	-0
-9.1202	-4.6627	0	-0
-7.6539	-4.6627	0	-0
-6.1876	-4.6627	0	-0
-4.7213	-4.6627	0	-0
-3.255	-4.6627	0.0038892	-0.019301
-1.7887	-4.6627	0.0027732	-0.020656
-0.32241	-4.6627	0.0015155	-0.02168
1.1439	-4.6627	0.00072989	-0.023907
2.6102	-4.6627	-0.00052643	-0.025999
4.0765	-4.6627	-0.0024482	-0.026227
5.5428	-4.6627	-0.004113	-0.02627
7.0091	-4.6627	-0.0061233	-0.026984
8.4754	-4.6627	-0.0075008	-0.028455
9.9417	-4.6627	0	-0
11.408	-4.6627	0	-0
12.874	-4.6627	0	-0
14.341	-4.6627	0	-0
15.807	-4.6627	0	-0
-14.985	-6.129	0	-0
-13.519	-6.129	0	-0
-12.053	-6.129	0	-0
-10.587	-6.129	0	-0
-9.1202	-6.129	0	-0
-7.6539	-6.129	0	-0
-6.1876	-6.129	0	-0
-4.7213	-6.129	0	-0
-3.255	-6.129	0.0027903	-0.024662
-1.7887	-6.129	0.0016343	-0.026292
-0.32241	-6.129	9.1677e-005	-0.027794
1.1439	-6.129	-0.0014717	-0.0291
2.6102	-6.129	-0.0024294	-0.03089
4.0765	-6.129	-0.0039462	-0.031177
5.5428	-6.129	-0.005333	-0.031469
7.0091	-6.129	-0.007195	-0.032101
8.4754	-6.129	-0.0082545	-0.032987
9.9417	-6.129	0	-0
11.408	-6.129	0	-0
12.874	-6.129	0	-0
14.341	-6.129	0	-0
15.807	-6.129	0	-0
-14.985	-7.5953	0	-0
-13.519	-7.5953	0	-0
-12.053	-7.5953	0	-0
-10.587	-7.5953	0	-0
-9.1202	-7.5953	0	-0
-7.6539	-7.5953	0	-0
-6.1876	-7.5953	0	-0
-4.7213	-7.5953	0	-0
-3.255	-7.5953	0.0022885	-0.028348
-1.7887	-7.5953	0.00053446	-0.030043
-0.32241	-7.5953	-0.00074512	-0.031809
1.1439	-7.5953	-0.0027591	-0.03452
2.6102	-7.5953	-0.0042009	-0.036685
4.0765	-7.5953	-0.0056368	-0.036917
5.5428	-7.5953	-0.0066515	-0.036743
7.0091	-7.5953	-0.0074467	-0.036913
8.4754	-7.5953	-0.008364	-0.037398
9.9417	-7.5953	0	-0
11.408	-7.5953	0	-0
12.874	-7.5953	0	-0
14.341	-7.5953	0	-0
15.807	-7.5953	0	-0
-14.985	-9.0616	0	-0
-13.519	-9.0616	0	-0
-12.053	-9.0616	0	-0
-10.587	-9.0616	0	-0
-9.1202	-9.0616	0	-0
-7.6539	-9.0616	0	-0
-6.1876	-9.0616	0	-0
-4.7213	-9.0616	0	-0
-3.255	-9.0616	0.0015179	-0.031613
-1.7887	-9.0616	-0.00029663	-0.033671
-0.32241	-9.0616	-0.0018629	-0.036618
1.1439	-9.0616	-0.003692	-0.039655
2.6102	-9.0616	-0.0051361	-0.041705
4.0765	-9.0616	-0.006665	-0.042098
5.5428	-9.0616	-0.0071478	-0.042083
7.0091	-9.0616	-0.0080337	-0.041985
8.4754	-9.0616	-0.0088627	-0.042092
9.9417	-9.0616	0	-0
11.408	-9.0616	0	-0
12.874	-9.0616	0	-0
14.341	-9.0616	0	-0
15.807	-9.0616	0	-0
-14.985	-10.528	0	-0
-13.519	-10.528	0	-0
-12.053	-10.528	0	-0
-10.587	-10.528	0	-0
-9.1202	-10.528	0	-0
-7.6539	-10.528	0	-0
-6.1876	-10.528	0	-0
-4.7213	-10.528	0	-0
-3.255	-10.528	0.0001503	-0.035468
-1.7887	-10.528	-0.0017184	-0.038942
-0.32241	-10.528	-0.0031914	-0.042033
1.1439	-10.528	-0.0050939	-0.044355
2.6102	-10.528	-0.0063659	-0.046427
4.0765	-10.528	-0.0076746	-0.047596
5.5428	-10.528	-0.0082825	-0.047468
7.0091	-10.528	-0.0092515	-0.047359
8.4754	-10.528	-0.0099649	-0.047219
9.9417	-10.528	0	-0
11.408	-10.528	0	-0
12.874	-10.528	0	-0
14.341	-10.528	0	-0
15.807	-10.528	0	-0
-14.985	-11.994	0	-0
-13.519	-11.994	0	-0
-12.053	-11.994	0	-0
-10.587	-11.994	0	-0
-9.1202	-11.994	0	-0
-7.6539	-11.994	0	-0
-6.1876	-11.994	0	-0
-4.7213	-11.994	0	-0
-3.255	-11.994	0	-0
-1.7887	-11.994	0	-0
-0.32241	-11.994	0	-0
1.1439	-11.994	0	-0
2.6102	-11.994	0	-0
4.0765	-11.994	0	-0
5.5428	-11.994	0	-0
7.0091	-11.994	0	-0
8.4754	-11.994	0	-0
9.9417	-11.994	0	-0
11.408	-11.994	0	-0
12.874	-11.994	0	-0
14.341	-11.994	0	-0
15.807	-11.994	0	-0
