#DaVis 7.4.0 2D-vector 96 22 22 "" "[mm]" "" "[mm]" "displacement" "[mm]"
-14.985	18.798	0	-0
-13.519	18.798	0	-0
-12.053	18.798	0	-0
-10.587	18.798	0	-0
-9.1202	18.798	0	-0
-7.6539	18.798	0	-0
-6.1876	18.798	0	-0
-4.7213	18.798	0	-0
-3.255	18.798	-0.010894	0.057708
-1.7887	18.798	-0.017275	0.060841
-0.32241	18.798	-0.01706	0.057904
1.1439	18.798	-0.017693	0.051986
2.6102	18.798	-0.017396	0.05989
4.0765	18.798	0.70599	-0.80617
5.5428	18.798	-0.020143	0.058993
7.0091	18.798	-0.022644	0.068503
8.4754	18.798	0	-0
9.9417	18.798	0	-0
11.408	18.798	0	-0
12.874	18.798	0	-0
14.341	18.798	0	-0
15.807	18.798	0	-0
-14.985	17.332	0	-0
-13.519	17.332	0	-0
-12.053	17.332	0	-0
-10.587	17.332	0	-0
-9.1202	17.332	0	-0
-7.6539	17.332	0	-0
-6.1876	17.332	0	-0
-4.7213	17.332	0	-0
-3.255	17.332	-0.009724	0.052638
-1.7887	17.332	-0.016382	0.054047
-0.32241	17.332	-0.016553	0.055098
1.1439	17.332	-0.01667	0.056466
2.6102	17.332	-0.017093	0.058988
4.0765	17.332	-0.018693	0.062909
5.5428	17.332	-0.019891	0.065906
7.0091	17.332	-0.022164	0.068551
8.4754	17.332	-0.01484	0.070699
9.9417	17.332	0	-0
11.408	17.332	0	-0
12.874	17.332	0	-0
14.341	17.332	0	-0
15.807	17.332	0	-0
-14.985	15.866	0	-0
-13.519	15.866	0	-0
-12.053	15.866	0	-0
-10.587	15.866	0	-0
-9.1202	15.866	0	-0
-7.6539	15.866	0	-0
-6.1876	15.866	0	-0
-4.7213	15.866	0	-0
-3.255	15.866	-0.012297	0.047104
-1.7887	15.866	-0.014831	0.049368
-0.32241	15.866	-0.015313	0.050957
1.1439	15.866	-0.015345	0.052169
2.6102	15.866	-0.015779	0.05384
4.0765	15.866	-0.017012	0.056772
5.5428	15.866	-0.01851	0.061078
7.0091	15.866	-0.02021	0.063704
8.4754	15.866	-0.011749	0.064716
9.9417	15.866	0	-0
11.408	15.866	0	-0
12.874	15.866	0	-0
14.341	15.866	0	-0
15.807	15.866	0	-0
-14.985	14.399	0	-0
-13.519	14.399	0	-0
-12.053	14.399	0	-0
-10.587	14.399	0	-0
-9.1202	14.399	0	-0
-7.6539	14.399	0	-0
-6.1876	14.399	0	-0
-4.7213	14.399	0	-0
-3.255	14.399	-0.0098354	0.041516
-1.7887	14.399	-0.012951	0.044242
-0.32241	14.399	-0.01355	0.046992
1.1439	14.399	-0.013161	0.047637
2.6102	14.399	-0.014085	0.049438
4.0765	14.399	-0.014603	0.051555
5.5428	14.399	-0.016967	0.055249
7.0091	14.399	-0.018245	0.057639
8.4754	14.399	-0.011601	0.059217
9.9417	14.399	0	-0
11.408	14.399	0	-0
12.874	14.399	0	-0
14.341	14.399	0	-0
15.807	14.399	0	-0
-14.985	12.933	0	-0
-13.519	12.933	0	-0
-12.053	12.933	0	-0
-10.587	12.933	0	-0
-9.1202	12.933	0	-0
-7.6539	12.933	0	-0
-6.1876	12.933	0	-0
-4.7213	12.933	0	-0
-3.255	12.933	-0.007885	0.035483
-1.7887	12.933	-0.01034	0.037909
-0.32241	12.933	-0.011617	0.040503
1.1439	12.933	-0.011591	0.042473
2.6102	12.933	-0.012283	0.043744
4.0765	12.933	-0.01273	0.046196
5.5428	12.933	-0.014781	0.048555
7.0091	12.933	-0.015778	0.050943
8.4754	12.933	-0.01219	0.0515
9.9417	12.933	0	-0
11.408	12.933	0	-0
12.874	12.933	0	-0
14.341	12.933	0	-0
15.807	12.933	0	-0
-14.985	11.467	0	-0
-13.519	11.467	0	-0
-12.053	11.467	0	-0
-10.587	11.467	0	-0
-9.1202	11.467	0	-0
-7.6539	11.467	0	-0
-6.1876	11.467	0	-0
-4.7213	11.467	0	-0
-3.255	11.467	-0.0070041	0.030793
-1.7887	11.467	-0.0084389	0.033187
-0.32241	11.467	-0.0095853	0.034799
1.1439	11.467	-0.010375	0.036509
2.6102	11.467	-0.010904	0.038066
4.0765	11.467	-0.011962	0.04075
5.5428	11.467	-0.013718	0.042602
7.0091	11.467	-0.014639	0.045101
8.4754	11.467	-0.011624	0.046396
9.9417	11.467	0	-0
11.408	11.467	0	-0
12.874	11.467	0	-0
14.341	11.467	0	-0
15.807	11.467	0	-0
-14.985	10	0	-0
-13.519	10	0	-0
-12.053	10	0	-0
-10.587	10	0	-0
-9.1202	10	0	-0
-7.6539	10	0	-0
-6.1876	10	0	-0
-4.7213	10	0	-0
-3.255	10	-0.0071758	0.026462
-1.7887	10	-0.0083549	0.028551
-0.32241	10	-0.0091718	0.030496
1.1439	10	-0.010277	0.032225
2.6102	10	-0.010219	0.03361
4.0765	10	-0.011175	0.035677
5.5428	10	-0.012897	0.037759
7.0091	10	-0.01476	0.039571
8.4754	10	-0.011512	0.040621
9.9417	10	0	-0
11.408	10	0	-0
12.874	10	0	-0
14.341	10	0	-0
15.807	10	0	-0
-14.985	8.534	0	-0
-13.519	8.534	0	-0
-12.053	8.534	0	-0
-10.587	8.534	0	-0
-9.1202	8.534	0	-0
-7.6539	8.534	0	-0
-6.1876	8.534	0	-0
-4.7213	8.534	0	-0
-3.255	8.534	-0.0072542	0.02168
-1.7887	8.534	-0.0083051	0.024156
-0.32241	8.534	-0.0095481	0.026229
1.1439	8.534	-0.0094031	0.028043
2.6102	8.534	-0.0090766	0.029604
4.0765	8.534	-0.009216	0.031352
5.5428	8.534	-0.011585	0.03339
7.0091	8.534	-0.012784	0.034454
8.4754	8.534	-0.010645	0.035421
9.9417	8.534	0	-0
11.408	8.534	0	-0
12.874	8.534	0	-0
14.341	8.534	0	-0
15.807	8.534	0	-0
-14.985	7.0677	0	-0
-13.519	7.0677	0	-0
-12.053	7.0677	0	-0
-10.587	7.0677	0	-0
-9.1202	7.0677	0	-0
-7.6539	7.0677	0	-0
-6.1876	7.0677	0	-0
-4.7213	7.0677	0	-0
-3.255	7.0677	-0.0059592	0.016466
-1.7887	7.0677	-0.0066705	0.019306
-0.32241	7.0677	-0.0072063	0.021615
1.1439	7.0677	-0.0069289	0.023728
2.6102	7.0677	-0.0066873	0.025184
4.0765	7.0677	-0.007184	0.026307
5.5428	7.0677	-0.0089085	0.02832
7.0091	7.0677	-0.010245	0.0295
8.4754	7.0677	-0.0098604	0.029032
9.9417	7.0677	0	-0
11.408	7.0677	0	-0
12.874	7.0677	0	-0
14.341	7.0677	0	-0
15.807	7.0677	0	-0
-14.985	5.6014	0	-0
-13.519	5.6014	0	-0
-12.053	5.6014	0	-0
-10.587	5.6014	0	-0
-9.1202	5.6014	0	-0
-7.6539	5.6014	0	-0
-6.1876	5.6014	0	-0
-4.7213	5.6014	0	-0
-3.255	5.6014	-0.0030306	0.010262
-1.7887	5.6014	-0.0033236	0.014491
-0.32241	5.6014	-0.0038091	0.016999
1.1439	5.6014	-0.0040811	0.018929
2.6102	5.6014	-0.0039421	0.020045
4.0765	5.6014	-0.005184	0.020638
5.5428	5.6014	-0.0068166	0.022699
7.0091	5.6014	-0.0089514	0.022912
8.4754	5.6014	-0.0087541	0.0228
9.9417	5.6014	0	-0
11.408	5.6014	0	-0
12.874	5.6014	0	-0
14.341	5.6014	0	-0
15.807	5.6014	0	-0
-14.985	4.1351	0	-0
-13.519	4.1351	0	-0
-12.053	4.1351	0	-0
-10.587	4.1351	0	-0
-9.1202	4.1351	0	-0
-7.6539	4.1351	0	-0
-6.1876	4.1351	0	-0
-4.7213	4.1351	0	-0
-3.255	4.1351	0.00098909	0.0048826
-1.7887	4.1351	0.00031507	0.0092411
-0.32241	4.1351	-0.0010195	0.012504
1.1439	4.1351	-0.0013627	0.013622
2.6102	4.1351	-0.0021535	0.014671
4.0765	4.1351	-0.0035162	0.015188
5.5428	4.1351	-0.0053629	0.016704
7.0091	4.1351	-0.0069239	0.017727
8.4754	4.1351	-0.0074425	0.017174
9.9417	4.1351	0	-0
11.408	4.1351	0	-0
12.874	4.1351	0	-0
14.341	4.1351	0	-0
15.807	4.1351	0	-0
-14.985	2.6688	0	-0
-13.519	2.6688	0	-0
-12.053	2.6688	0	-0
-10.587	2.6688	0	-0
-9.1202	2.6688	0	-0
-7.6539	2.6688	0	-0
-6.1876	2.6688	0	-0
-4.7213	2.6688	0	-0
-3.255	2.6688	0.0043069	0.00030294
-1.7887	2.6688	0.0041207	0.0036938
-0.32241	2.6688	0.0024222	0.0060378
1.1439	2.6688	0.00045142	0.0070695
2.6102	2.6688	-0.0014665	0.0085597
4.0765	2.6688	-0.0027699	0.0087127
5.5428	2.6688	-0.0045322	0.0097681
7.0091	2.6688	-0.0060046	0.01127
8.4754	2.6688	-0.0071747	0.010623
9.9417	2.6688	0	-0
11.408	2.6688	0	-0
12.874	2.6688	0	-0
14.341	2.6688	0	-0
15.807	2.6688	0	-0
-14.985	1.2025	0	-0
-13.519	1.2025	0	-0
-12.053	1.2025	0	-0
-10.587	1.2025	0	-0
-9.1202	1.2025	0	-0
-7.6539	1.2025	0	-0
-6.1876	1.2025	0	-0
-4.7213	1.2025	0	-0
-3.255	1.2025	0.0053116	-0.0046009
-1.7887	1.2025	0.0067659	-0.0019841
-0.32241	1.2025	0.0052003	-0.00023687
1.1439	1.2025	0.0022079	0.00095779
2.6102	1.2025	0.00033815	0.0016976
4.0765	1.2025	-0.0017123	0.002053
5.5428	1.2025	-0.0035089	0.0029469
7.0091	1.2025	-0.0058114	0.0039715
8.4754	1.2025	-0.0068635	0.0032582
9.9417	1.2025	0	-0
11.408	1.2025	0	-0
12.874	1.2025	0	-0
14.341	1.2025	0	-0
15.807	1.2025	0	-0
-14.985	-0.2638	0	-0
-13.519	-0.2638	0	-0
-12.053	-0.2638	0	-0
-10.587	-0.2638	0	-0
-9.1202	-0.2638	0	-0
-7.6539	-0.2638	0	-0
-6.1876	-0.2638	0	-0
-4.7213	-0.2638	0	-0
-3.255	-0.2638	0.0070743	-0.010182
-1.7887	-0.2638	0.0077678	-0.0086997
-0.32241	-0.2638	0.0070819	-0.0082453
1.1439	-0.2638	0.0049004	-0.0078043
2.6102	-0.2638	0.0027045	-0.0068978
4.0765	-0.2638	0.00022562	-0.0054295
5.5428	-0.2638	-0.0025405	-0.0042937
7.0091	-0.2638	-0.0056045	-0.0039051
8.4754	-0.2638	-0.0063529	-0.004192
9.9417	-0.2638	0	-0
11.408	-0.2638	0	-0
12.874	-0.2638	0	-0
14.341	-0.2638	0	-0
15.807	-0.2638	0	-0
-14.985	-1.7301	0	-0
-13.519	-1.7301	0	-0
-12.053	-1.7301	0	-0
-10.587	-1.7301	0	-0
-9.1202	-1.7301	0	-0
-7.6539	-1.7301	0	-0
-6.1876	-1.7301	0	-0
-4.7213	-1.7301	0	-0
-3.255	-1.7301	0.0069574	-0.014012
-1.7887	-1.7301	0.0090423	-0.014244
-0.32241	-1.7301	0.008196	-0.015099
1.1439	-1.7301	0.0066316	-0.015605
2.6102	-1.7301	0.0040798	-0.015397
4.0765	-1.7301	0.0011679	-0.013365
5.5428	-1.7301	-0.0022515	-0.011883
7.0091	-1.7301	-0.0047703	-0.011909
8.4754	-1.7301	-0.0058589	-0.012395
9.9417	-1.7301	0	-0
11.408	-1.7301	0	-0
12.874	-1.7301	0	-0
14.341	-1.7301	0	-0
15.807	-1.7301	0	-0
-14.985	-3.1964	0	-0
-13.519	-3.1964	0	-0
-12.053	-3.1964	0	-0
-10.587	-3.1964	0	-0
-9.1202	-3.1964	0	-0
-7.6539	-3.1964	0	-0
-6.1876	-3.1964	0	-0
-4.7213	-3.1964	0	-0
-3.255	-3.1964	0.0055199	-0.020057
-1.7887	-3.1964	0.0080731	-0.020309
-0.32241	-3.1964	0.0069528	-0.02081
1.1439	-3.1964	0.0058804	-0.02273
2.6102	-3.1964	0.0041	-0.022769
4.0765	-3.1964	0.0014913	-0.021909
5.5428	-3.1964	-0.0018827	-0.020509
7.0091	-3.1964	-0.0045912	-0.020412
8.4754	-3.1964	-0.0058439	-0.021192
9.9417	-3.1964	0	-0
11.408	-3.1964	0	-0
12.874	-3.1964	0	-0
14.341	-3.1964	0	-0
15.807	-3.1964	0	-0
-14.985	-4.6627	0	-0
-13.519	-4.6627	0	-0
-12.053	-4.6627	0	-0
-10.587	-4.6627	0	-0
-9.1202	-4.6627	0	-0
-7.6539	-4.6627	0	-0
-6.1876	-4.6627	0	-0
-4.7213	-4.6627	0	-0
-3.255	-4.6627	0.0042225	-0.025177
-1.7887	-4.6627	0.0067102	-0.025833
-0.32241	-4.6627	0.0054312	-0.025961
1.1439	-4.6627	0.0042385	-0.027555
2.6102	-4.6627	0.0026907	-0.029154
4.0765	-4.6627	0.00035113	-0.028718
5.5428	-4.6627	-0.0016274	-0.028064
7.0091	-4.6627	-0.0039147	-0.028116
8.4754	-4.6627	-0.0054564	-0.028989
9.9417	-4.6627	0	-0
11.408	-4.6627	0	-0
12.874	-4.6627	0	-0
14.341	-4.6627	0	-0
15.807	-4.6627	0	-0
-14.985	-6.129	0	-0
-13.519	-6.129	0	-0
-12.053	-6.129	0	-0
-10.587	-6.129	0	-0
-9.1202	-6.129	0	-0
-7.6539	-6.129	0	-0
-6.1876	-6.129	0	-0
-4.7213	-6.129	0	-0
-3.255	-6.129	0.0037145	-0.030958
-1.7887	-6.129	0.0060052	-0.03182
-0.32241	-6.129	0.0045041	-0.032703
1.1439	-6.129	0.0024153	-0.033831
2.6102	-6.129	0.0010877	-0.035234
4.0765	-6.129	-0.0006222	-0.03465
5.5428	-6.129	-0.002194	-0.034092
7.0091	-6.129	-0.0042493	-0.03395
8.4754	-6.129	-0.0055951	-0.034075
9.9417	-6.129	0	-0
11.408	-6.129	0	-0
12.874	-6.129	0	-0
14.341	-6.129	0	-0
15.807	-6.129	0	-0
-14.985	-7.5953	0	-0
-13.519	-7.5953	0	-0
-12.053	-7.5953	0	-0
-10.587	-7.5953	0	-0
-9.1202	-7.5953	0	-0
-7.6539	-7.5953	0	-0
-6.1876	-7.5953	0	-0
-4.7213	-7.5953	0	-0
-3.255	-7.5953	0.0041958	-0.035111
-1.7887	-7.5953	0.0053785	-0.036228
-0.32241	-7.5953	0.0040353	-0.03723
1.1439	-7.5953	0.0016327	-0.039654
2.6102	-7.5953	-0.00014846	-0.041545
4.0765	-7.5953	-0.001766	-0.040977
5.5428	-7.5953	-0.002951	-0.039879
7.0091	-7.5953	-0.0038263	-0.03908
8.4754	-7.5953	-0.0049762	-0.038808
9.9417	-7.5953	0	-0
11.408	-7.5953	0	-0
12.874	-7.5953	0	-0
14.341	-7.5953	0	-0
15.807	-7.5953	0	-0
-14.985	-9.0616	0	-0
-13.519	-9.0616	0	-0
-12.053	-9.0616	0	-0
-10.587	-9.0616	0	-0
-9.1202	-9.0616	0	-0
-7.6539	-9.0616	0	-0
-6.1876	-9.0616	0	-0
-4.7213	-9.0616	0	-0
-3.255	-9.0616	0.0041304	-0.038161
-1.7887	-9.0616	0.0050747	-0.040092
-0.32241	-9.0616	0.0033261	-0.042449
1.1439	-9.0616	0.0013397	-0.045057
2.6102	-9.0616	-0.00050479	-0.046521
4.0765	-9.0616	-0.0021776	-0.046438
5.5428	-9.0616	-0.0026616	-0.045655
7.0091	-9.0616	-0.0037126	-0.044655
8.4754	-9.0616	-0.004785	-0.043976
9.9417	-9.0616	0	-0
11.408	-9.0616	0	-0
12.874	-9.0616	0	-0
14.341	-9.0616	0	-0
15.807	-9.0616	0	-0
-14.985	-10.528	0	-0
-13.519	-10.528	0	-0
-12.053	-10.528	0	-0
-10.587	-10.528	0	-0
-9.1202	-10.528	0	-0
-7.6539	-10.528	0	-0
-6.1876	-10.528	0	-0
-4.7213	-10.528	0	-0
-3.255	-10.528	0.003682	-0.042438
-1.7887	-10.528	0.0041599	-0.045689
-0.32241	-10.528	0.0024428	-0.04832
1.1439	-10.528	0.00053965	-0.050296
2.6102	-10.528	-0.0010883	-0.05213
4.0765	-10.528	-0.0024428	-0.052676
5.5428	-10.528	-0.0031643	-0.05175
7.0091	-10.528	-0.0043011	-0.050663
8.4754	-10.528	-0.0051728	-0.049715
9.9417	-10.528	0	-0
11.408	-10.528	0	-0
12.874	-10.528	0	-0
14.341	-10.528	0	-0
15.807	-10.528	0	-0
-14.985	-11.994	0	-0
-13.519	-11.994	0	-0
-12.053	-11.994	0	-0
-10.587	-11.994	0	-0
-9.1202	-11.994	0	-0
-7.6539	-11.994	0	-0
-6.1876	-11.994	0	-0
-4.7213	-11.994	0	-0
-3.255	-11.994	0	-0
-1.7887	-11.994	0	-0
-0.32241	-11.994	0	-0
1.1439	-11.994	0	-0
2.6102	-11.994	0	-0
4.0765	-11.994	0	-0
5.5428	-11.994	0	-0
7.0091	-11.994	0	-0
8.4754	-11.994	0	-0
9.9417	-11.994	0	-0
11.408	-11.994	0	-0
12.874	-11.994	0	-0
14.341	-11.994	0	-0
15.807	-11.994	0	-0
