#DaVis 7.4.0 2D-vector 96 22 22 "" "[mm]" "" "[mm]" "displacement" "[mm]"
-14.985	18.798	0	-0
-13.519	18.798	0	-0
-12.053	18.798	0	-0
-10.587	18.798	0	-0
-9.1202	18.798	0	-0
-7.6539	18.798	0	-0
-6.1876	18.798	0	-0
-4.7213	18.798	0	-0
-3.255	18.798	-0.076346	0.10173
-1.7887	18.798	-0.081838	0.10595
-0.32241	18.798	-0.082288	0.11126
1.1439	18.798	0.025208	-0.4986
2.6102	18.798	-0.083605	0.12195
4.0765	18.798	0.41171	0.96322
5.5428	18.798	0.17656	-0.47601
7.0091	18.798	0.16366	-0.4726
8.4754	18.798	0	-0
9.9417	18.798	0	-0
11.408	18.798	0	-0
12.874	18.798	0	-0
14.341	18.798	0	-0
15.807	18.798	0	-0
-14.985	17.332	0	-0
-13.519	17.332	0	-0
-12.053	17.332	0	-0
-10.587	17.332	0	-0
-9.1202	17.332	0	-0
-7.6539	17.332	0	-0
-6.1876	17.332	0	-0
-4.7213	17.332	0	-0
-3.255	17.332	-0.066572	0.096928
-1.7887	17.332	-0.078073	0.1022
-0.32241	17.332	-0.078427	0.10796
1.1439	17.332	-0.078808	0.11328
2.6102	17.332	-0.079335	0.12353
4.0765	17.332	-0.081932	0.13298
5.5428	17.332	-0.08406	0.14133
7.0091	17.332	-0.087788	0.14583
8.4754	17.332	-0.077923	0.14769
9.9417	17.332	0	-0
11.408	17.332	0	-0
12.874	17.332	0	-0
14.341	17.332	0	-0
15.807	17.332	0	-0
-14.985	15.866	0	-0
-13.519	15.866	0	-0
-12.053	15.866	0	-0
-10.587	15.866	0	-0
-9.1202	15.866	0	-0
-7.6539	15.866	0	-0
-6.1876	15.866	0	-0
-4.7213	15.866	0	-0
-3.255	15.866	-0.062682	0.088177
-1.7887	15.866	-0.072004	0.095929
-0.32241	15.866	-0.072758	0.10266
1.1439	15.866	-0.072876	0.10808
2.6102	15.866	-0.073105	0.11476
4.0765	15.866	-0.075579	0.12261
5.5428	15.866	-0.077973	0.13254
7.0091	15.866	-0.080689	0.14067
8.4754	15.866	-0.070239	0.14512
9.9417	15.866	0	-0
11.408	15.866	0	-0
12.874	15.866	0	-0
14.341	15.866	0	-0
15.807	15.866	0	-0
-14.985	14.399	0	-0
-13.519	14.399	0	-0
-12.053	14.399	0	-0
-10.587	14.399	0	-0
-9.1202	14.399	0	-0
-7.6539	14.399	0	-0
-6.1876	14.399	0	-0
-4.7213	14.399	0	-0
-3.255	14.399	-0.054617	0.076693
-1.7887	14.399	-0.065277	0.086245
-0.32241	14.399	-0.066905	0.096826
1.1439	14.399	-0.066219	0.10249
2.6102	14.399	-0.066872	0.10864
4.0765	14.399	-0.067428	0.11493
5.5428	14.399	-0.071115	0.12428
7.0091	14.399	-0.073572	0.1311
8.4754	14.399	-0.064809	0.13633
9.9417	14.399	0	-0
11.408	14.399	0	-0
12.874	14.399	0	-0
14.341	14.399	0	-0
15.807	14.399	0	-0
-14.985	12.933	0	-0
-13.519	12.933	0	-0
-12.053	12.933	0	-0
-10.587	12.933	0	-0
-9.1202	12.933	0	-0
-7.6539	12.933	0	-0
-6.1876	12.933	0	-0
-4.7213	12.933	0	-0
-3.255	12.933	-0.04355	0.063572
-1.7887	12.933	-0.054862	0.073073
-0.32241	12.933	-0.058525	0.084906
1.1439	12.933	-0.060085	0.094639
2.6102	12.933	-0.060207	0.10082
4.0765	12.933	-0.060349	0.10704
5.5428	12.933	-0.063836	0.11342
7.0091	12.933	-0.066126	0.12172
8.4754	12.933	-0.056519	0.12532
9.9417	12.933	0	-0
11.408	12.933	0	-0
12.874	12.933	0	-0
14.341	12.933	0	-0
15.807	12.933	0	-0
-14.985	11.467	0	-0
-13.519	11.467	0	-0
-12.053	11.467	0	-0
-10.587	11.467	0	-0
-9.1202	11.467	0	-0
-7.6539	11.467	0	-0
-6.1876	11.467	0	-0
-4.7213	11.467	0	-0
-3.255	11.467	-0.035558	0.055944
-1.7887	11.467	-0.045241	0.064626
-0.32241	11.467	-0.048698	0.072039
1.1439	11.467	-0.052359	0.081868
2.6102	11.467	-0.054355	0.089988
4.0765	11.467	-0.055295	0.098205
5.5428	11.467	-0.059374	0.10457
7.0091	11.467	-0.060571	0.11284
8.4754	11.467	-0.049331	0.11758
9.9417	11.467	0	-0
11.408	11.467	0	-0
12.874	11.467	0	-0
14.341	11.467	0	-0
15.807	11.467	0	-0
-14.985	10	0	-0
-13.519	10	0	-0
-12.053	10	0	-0
-10.587	10	0	-0
-9.1202	10	0	-0
-7.6539	10	0	-0
-6.1876	10	0	-0
-4.7213	10	0	-0
-3.255	10	-0.03163	0.04922
-1.7887	10	-0.040729	0.057176
-0.32241	10	-0.04331	0.063133
1.1439	10	-0.046072	0.071583
2.6102	10	-0.046955	0.080464
4.0765	10	-0.048897	0.088371
5.5428	10	-0.053613	0.096407
7.0091	10	-0.057784	0.10558
8.4754	10	-0.048231	0.11115
9.9417	10	0	-0
11.408	10	0	-0
12.874	10	0	-0
14.341	10	0	-0
15.807	10	0	-0
-14.985	8.534	0	-0
-13.519	8.534	0	-0
-12.053	8.534	0	-0
-10.587	8.534	0	-0
-9.1202	8.534	0	-0
-7.6539	8.534	0	-0
-6.1876	8.534	0	-0
-4.7213	8.534	0	-0
-3.255	8.534	-0.027831	0.041447
-1.7887	8.534	-0.036559	0.049713
-0.32241	8.534	-0.039146	0.056732
1.1439	8.534	-0.038848	0.065829
2.6102	8.534	-0.038597	0.073844
4.0765	8.534	-0.039581	0.080614
5.5428	8.534	-0.047232	0.090923
7.0091	8.534	-0.049621	0.096273
8.4754	8.534	-0.040939	0.1013
9.9417	8.534	0	-0
11.408	8.534	0	-0
12.874	8.534	0	-0
14.341	8.534	0	-0
15.807	8.534	0	-0
-14.985	7.0677	0	-0
-13.519	7.0677	0	-0
-12.053	7.0677	0	-0
-10.587	7.0677	0	-0
-9.1202	7.0677	0	-0
-7.6539	7.0677	0	-0
-6.1876	7.0677	0	-0
-4.7213	7.0677	0	-0
-3.255	7.0677	-0.021927	0.03242
-1.7887	7.0677	-0.027454	0.040713
-0.32241	7.0677	-0.029232	0.049926
1.1439	7.0677	-0.027983	0.057969
2.6102	7.0677	-0.027179	0.063848
4.0765	7.0677	-0.028905	0.066784
5.5428	7.0677	-0.036053	0.077674
7.0091	7.0677	-0.039861	0.084818
8.4754	7.0677	-0.039312	0.088008
9.9417	7.0677	0	-0
11.408	7.0677	0	-0
12.874	7.0677	0	-0
14.341	7.0677	0	-0
15.807	7.0677	0	-0
-14.985	5.6014	0	-0
-13.519	5.6014	0	-0
-12.053	5.6014	0	-0
-10.587	5.6014	0	-0
-9.1202	5.6014	0	-0
-7.6539	5.6014	0	-0
-6.1876	5.6014	0	-0
-4.7213	5.6014	0	-0
-3.255	5.6014	-0.0089559	0.019227
-1.7887	5.6014	-0.014441	0.030804
-0.32241	5.6014	-0.015875	0.038381
1.1439	5.6014	-0.014588	0.043295
2.6102	5.6014	-0.013229	0.046049
4.0765	5.6014	-0.014477	0.048217
5.5428	5.6014	-0.021454	0.055836
7.0091	5.6014	-0.031622	0.061847
8.4754	5.6014	-0.027993	0.065884
9.9417	5.6014	0	-0
11.408	5.6014	0	-0
12.874	5.6014	0	-0
14.341	5.6014	0	-0
15.807	5.6014	0	-0
-14.985	4.1351	0	-0
-13.519	4.1351	0	-0
-12.053	4.1351	0	-0
-10.587	4.1351	0	-0
-9.1202	4.1351	0	-0
-7.6539	4.1351	0	-0
-6.1876	4.1351	0	-0
-4.7213	4.1351	0	-0
-3.255	4.1351	0.0024751	0.0064834
-1.7887	4.1351	-0.0010053	0.016597
-0.32241	4.1351	-0.0026216	0.024733
1.1439	4.1351	-0.0025047	0.028792
2.6102	4.1351	-0.0024352	0.031048
4.0765	4.1351	-0.0043842	0.033135
5.5428	4.1351	-0.010066	0.036248
7.0091	4.1351	-0.015915	0.043137
8.4754	4.1351	-0.01346	0.042266
9.9417	4.1351	0	-0
11.408	4.1351	0	-0
12.874	4.1351	0	-0
14.341	4.1351	0	-0
15.807	4.1351	0	-0
-14.985	2.6688	0	-0
-13.519	2.6688	0	-0
-12.053	2.6688	0	-0
-10.587	2.6688	0	-0
-9.1202	2.6688	0	-0
-7.6539	2.6688	0	-0
-6.1876	2.6688	0	-0
-4.7213	2.6688	0	-0
-3.255	2.6688	0.010262	-0.0017008
-1.7887	2.6688	0.0078186	0.0067398
-0.32241	2.6688	0.0052506	0.013205
1.1439	2.6688	0.0034781	0.016877
2.6102	2.6688	0.0020286	0.019891
4.0765	2.6688	0.00097286	0.021163
5.5428	2.6688	-0.0037609	0.023529
7.0091	2.6688	-0.01	0.024428
8.4754	2.6688	-0.0058336	0.022672
9.9417	2.6688	0	-0
11.408	2.6688	0	-0
12.874	2.6688	0	-0
14.341	2.6688	0	-0
15.807	2.6688	0	-0
-14.985	1.2025	0	-0
-13.519	1.2025	0	-0
-12.053	1.2025	0	-0
-10.587	1.2025	0	-0
-9.1202	1.2025	0	-0
-7.6539	1.2025	0	-0
-6.1876	1.2025	0	-0
-4.7213	1.2025	0	-0
-3.255	1.2025	0.014317	-0.0077079
-1.7887	1.2025	0.013736	-0.00063072
-0.32241	1.2025	0.0093893	0.0045319
1.1439	1.2025	0.0063848	0.0087101
2.6102	1.2025	0.0054681	0.011147
4.0765	1.2025	0.0029108	0.011109
5.5428	1.2025	-0.0043436	0.0086036
7.0091	1.2025	-0.016917	0.0018881
8.4754	1.2025	-0.012624	-0.012463
9.9417	1.2025	0	-0
11.408	1.2025	0	-0
12.874	1.2025	0	-0
14.341	1.2025	0	-0
15.807	1.2025	0	-0
-14.985	-0.2638	0	-0
-13.519	-0.2638	0	-0
-12.053	-0.2638	0	-0
-10.587	-0.2638	0	-0
-9.1202	-0.2638	0	-0
-7.6539	-0.2638	0	-0
-6.1876	-0.2638	0	-0
-4.7213	-0.2638	0	-0
-3.255	-0.2638	0.016711	-0.016262
-1.7887	-0.2638	0.019283	-0.0084591
-0.32241	-0.2638	0.013368	-0.0061685
1.1439	-0.2638	0.010742	-0.0013563
2.6102	-0.2638	0.0072646	-0.0011798
4.0765	-0.2638	-0.00055457	-0.0073617
5.5428	-0.2638	-0.014762	-0.018043
7.0091	-0.2638	-0.039364	-0.043707
8.4754	-0.2638	-0.030965	-0.060839
9.9417	-0.2638	0	-0
11.408	-0.2638	0	-0
12.874	-0.2638	0	-0
14.341	-0.2638	0	-0
15.807	-0.2638	0	-0
-14.985	-1.7301	0	-0
-13.519	-1.7301	0	-0
-12.053	-1.7301	0	-0
-10.587	-1.7301	0	-0
-9.1202	-1.7301	0	-0
-7.6539	-1.7301	0	-0
-6.1876	-1.7301	0	-0
-4.7213	-1.7301	0	-0
-3.255	-1.7301	0.025779	-0.021472
-1.7887	-1.7301	0.025445	-0.018817
-0.32241	-1.7301	0.020367	-0.017757
1.1439	-1.7301	0.014997	-0.016238
2.6102	-1.7301	0.0051316	-0.021824
4.0765	-1.7301	-0.010094	-0.036366
5.5428	-1.7301	-0.031945	-0.064258
7.0091	-1.7301	-0.057436	-0.088332
8.4754	-1.7301	-0.04038	-0.088772
9.9417	-1.7301	0	-0
11.408	-1.7301	0	-0
12.874	-1.7301	0	-0
14.341	-1.7301	0	-0
15.807	-1.7301	0	-0
-14.985	-3.1964	0	-0
-13.519	-3.1964	0	-0
-12.053	-3.1964	0	-0
-10.587	-3.1964	0	-0
-9.1202	-3.1964	0	-0
-7.6539	-3.1964	0	-0
-6.1876	-3.1964	0	-0
-4.7213	-3.1964	0	-0
-3.255	-3.1964	0.032647	-0.029584
-1.7887	-3.1964	0.030133	-0.030455
-0.32241	-3.1964	0.024361	-0.035472
1.1439	-3.1964	0.015229	-0.040505
2.6102	-3.1964	-0.0044521	-0.055095
4.0765	-3.1964	-0.029259	-0.083723
5.5428	-3.1964	-0.049637	-0.10732
7.0091	-3.1964	-0.074812	-0.11573
8.4754	-3.1964	-0.061448	-0.1287
9.9417	-3.1964	0	-0
11.408	-3.1964	0	-0
12.874	-3.1964	0	-0
14.341	-3.1964	0	-0
15.807	-3.1964	0	-0
-14.985	-4.6627	0	-0
-13.519	-4.6627	0	-0
-12.053	-4.6627	0	-0
-10.587	-4.6627	0	-0
-9.1202	-4.6627	0	-0
-7.6539	-4.6627	0	-0
-6.1876	-4.6627	0	-0
-4.7213	-4.6627	0	-0
-3.255	-4.6627	0.031471	-0.042353
-1.7887	-4.6627	0.023491	-0.048024
-0.32241	-4.6627	0.012967	-0.052028
1.1439	-4.6627	-0.001694	-0.07473
2.6102	-4.6627	-0.024589	-0.10149
4.0765	-4.6627	-0.050816	-0.12966
5.5428	-4.6627	-0.064704	-0.13298
7.0091	-4.6627	-0.073626	-0.14514
8.4754	-4.6627	-0.047474	-0.13249
9.9417	-4.6627	0	-0
11.408	-4.6627	0	-0
12.874	-4.6627	0	-0
14.341	-4.6627	0	-0
15.807	-4.6627	0	-0
-14.985	-6.129	0	-0
-13.519	-6.129	0	-0
-12.053	-6.129	0	-0
-10.587	-6.129	0	-0
-9.1202	-6.129	0	-0
-7.6539	-6.129	0	-0
-6.1876	-6.129	0	-0
-4.7213	-6.129	0	-0
-3.255	-6.129	0.023778	-0.060289
-1.7887	-6.129	0.0096582	-0.07453
-0.32241	-6.129	-0.01109	-0.087797
1.1439	-6.129	-0.03752	-0.11229
2.6102	-6.129	-0.041955	-0.13187
4.0765	-6.129	-0.058338	-0.14656
5.5428	-6.129	-0.067685	-0.15125
7.0091	-6.129	-0.07372	-0.15385
8.4754	-6.129	-0.055206	-0.14987
9.9417	-6.129	0	-0
11.408	-6.129	0	-0
12.874	-6.129	0	-0
14.341	-6.129	0	-0
15.807	-6.129	0	-0
-14.985	-7.5953	0	-0
-13.519	-7.5953	0	-0
-12.053	-7.5953	0	-0
-10.587	-7.5953	0	-0
-9.1202	-7.5953	0	-0
-7.6539	-7.5953	0	-0
-6.1876	-7.5953	0	-0
-4.7213	-7.5953	0	-0
-3.255	-7.5953	0.0080362	-0.083369
-1.7887	-7.5953	-0.013281	-0.10343
-0.32241	-7.5953	-0.03334	-0.11729
1.1439	-7.5953	-0.04742	-0.1365
2.6102	-7.5953	-0.05311	-0.15544
4.0765	-7.5953	-0.061494	-0.16226
5.5428	-7.5953	-0.070775	-0.16477
7.0091	-7.5953	-0.072197	-0.16196
8.4754	-7.5953	-0.057451	-0.15765
9.9417	-7.5953	0	-0
11.408	-7.5953	0	-0
12.874	-7.5953	0	-0
14.341	-7.5953	0	-0
15.807	-7.5953	0	-0
-14.985	-9.0616	0	-0
-13.519	-9.0616	0	-0
-12.053	-9.0616	0	-0
-10.587	-9.0616	0	-0
-9.1202	-9.0616	0	-0
-7.6539	-9.0616	0	-0
-6.1876	-9.0616	0	-0
-4.7213	-9.0616	0	-0
-3.255	-9.0616	-0.020977	-0.10911
-1.7887	-9.0616	-0.036946	-0.1256
-0.32241	-9.0616	-0.045599	-0.14218
1.1439	-9.0616	-0.054816	-0.1564
2.6102	-9.0616	-0.060186	-0.16663
4.0765	-9.0616	-0.067665	-0.17598
5.5428	-9.0616	-0.070133	-0.17519
7.0091	-9.0616	-0.073405	-0.17241
8.4754	-9.0616	-0.060291	-0.166
9.9417	-9.0616	0	-0
11.408	-9.0616	0	-0
12.874	-9.0616	0	-0
14.341	-9.0616	0	-0
15.807	-9.0616	0	-0
-14.985	-10.528	0	-0
-13.519	-10.528	0	-0
-12.053	-10.528	0	-0
-10.587	-10.528	0	-0
-9.1202	-10.528	0	-0
-7.6539	-10.528	0	-0
-6.1876	-10.528	0	-0
-4.7213	-10.528	0	-0
-3.255	-10.528	-0.042395	-0.1289
-1.7887	-10.528	-0.057527	-0.14613
-0.32241	-10.528	-0.060332	-0.15679
1.1439	-10.528	-0.065615	-0.16792
2.6102	-10.528	-0.070351	-0.17916
4.0765	-10.528	-0.074455	-0.18866
5.5428	-10.528	-0.074303	-0.18877
7.0091	-10.528	-0.077213	-0.18516
8.4754	-10.528	-0.06646	-0.17568
9.9417	-10.528	0	-0
11.408	-10.528	0	-0
12.874	-10.528	0	-0
14.341	-10.528	0	-0
15.807	-10.528	0	-0
-14.985	-11.994	0	-0
-13.519	-11.994	0	-0
-12.053	-11.994	0	-0
-10.587	-11.994	0	-0
-9.1202	-11.994	0	-0
-7.6539	-11.994	0	-0
-6.1876	-11.994	0	-0
-4.7213	-11.994	0	-0
-3.255	-11.994	0	-0
-1.7887	-11.994	0	-0
-0.32241	-11.994	0	-0
1.1439	-11.994	0	-0
2.6102	-11.994	0	-0
4.0765	-11.994	0	-0
5.5428	-11.994	0	-0
7.0091	-11.994	0	-0
8.4754	-11.994	0	-0
9.9417	-11.994	0	-0
11.408	-11.994	0	-0
12.874	-11.994	0	-0
14.341	-11.994	0	-0
15.807	-11.994	0	-0
