#DaVis 7.4.0 2D-vector 96 22 22 "" "[mm]" "" "[mm]" "displacement" "[mm]"
-14.985	18.798	0	-0
-13.519	18.798	0	-0
-12.053	18.798	0	-0
-10.587	18.798	0	-0
-9.1202	18.798	0	-0
-7.6539	18.798	0	-0
-6.1876	18.798	0	-0
-4.7213	18.798	0	-0
-3.255	18.798	-0.03045	0.07292
-1.7887	18.798	-0.035139	0.071776
-0.32241	18.798	-0.035075	0.075357
1.1439	18.798	-0.034162	0.06134
2.6102	18.798	-0.034579	0.076348
4.0765	18.798	0.68445	-0.78438
5.5428	18.798	-0.035465	0.075065
7.0091	18.798	-0.042158	0.081932
8.4754	18.798	0	-0
9.9417	18.798	0	-0
11.408	18.798	0	-0
12.874	18.798	0	-0
14.341	18.798	0	-0
15.807	18.798	0	-0
-14.985	17.332	0	-0
-13.519	17.332	0	-0
-12.053	17.332	0	-0
-10.587	17.332	0	-0
-9.1202	17.332	0	-0
-7.6539	17.332	0	-0
-6.1876	17.332	0	-0
-4.7213	17.332	0	-0
-3.255	17.332	-0.024539	0.067764
-1.7887	17.332	-0.033107	0.070405
-0.32241	17.332	-0.033262	0.072341
1.1439	17.332	-0.033576	0.075176
2.6102	17.332	-0.033854	0.079587
4.0765	17.332	-0.035823	0.084924
5.5428	17.332	-0.037353	0.0899
7.0091	17.332	-0.040812	0.094113
8.4754	17.332	-0.033769	0.097083
9.9417	17.332	0	-0
11.408	17.332	0	-0
12.874	17.332	0	-0
14.341	17.332	0	-0
15.807	17.332	0	-0
-14.985	15.866	0	-0
-13.519	15.866	0	-0
-12.053	15.866	0	-0
-10.587	15.866	0	-0
-9.1202	15.866	0	-0
-7.6539	15.866	0	-0
-6.1876	15.866	0	-0
-4.7213	15.866	0	-0
-3.255	15.866	-0.02274	0.060699
-1.7887	15.866	-0.029899	0.064515
-0.32241	15.866	-0.030496	0.067664
1.1439	15.866	-0.03048	0.070015
2.6102	15.866	-0.030771	0.073478
4.0765	15.866	-0.032585	0.077635
5.5428	15.866	-0.034614	0.084062
7.0091	15.866	-0.036968	0.088063
8.4754	15.866	-0.029643	0.090654
9.9417	15.866	0	-0
11.408	15.866	0	-0
12.874	15.866	0	-0
14.341	15.866	0	-0
15.807	15.866	0	-0
-14.985	14.399	0	-0
-13.519	14.399	0	-0
-12.053	14.399	0	-0
-10.587	14.399	0	-0
-9.1202	14.399	0	-0
-7.6539	14.399	0	-0
-6.1876	14.399	0	-0
-4.7213	14.399	0	-0
-3.255	14.399	-0.018152	0.053548
-1.7887	14.399	-0.02618	0.057818
-0.32241	14.399	-0.02728	0.062525
1.1439	14.399	-0.026709	0.064585
2.6102	14.399	-0.027412	0.067745
4.0765	14.399	-0.028253	0.070943
5.5428	14.399	-0.031198	0.076449
7.0091	14.399	-0.033605	0.080614
8.4754	14.399	-0.024421	0.084522
9.9417	14.399	0	-0
11.408	14.399	0	-0
12.874	14.399	0	-0
14.341	14.399	0	-0
15.807	14.399	0	-0
-14.985	12.933	0	-0
-13.519	12.933	0	-0
-12.053	12.933	0	-0
-10.587	12.933	0	-0
-9.1202	12.933	0	-0
-7.6539	12.933	0	-0
-6.1876	12.933	0	-0
-4.7213	12.933	0	-0
-3.255	12.933	-0.013255	0.045289
-1.7887	12.933	-0.021529	0.049426
-0.32241	12.933	-0.023545	0.054314
1.1439	12.933	-0.024122	0.058128
2.6102	12.933	-0.024352	0.060753
4.0765	12.933	-0.024818	0.064312
5.5428	12.933	-0.027639	0.067782
7.0091	12.933	-0.029438	0.071925
8.4754	12.933	-0.021487	0.07394
9.9417	12.933	0	-0
11.408	12.933	0	-0
12.874	12.933	0	-0
14.341	12.933	0	-0
15.807	12.933	0	-0
-14.985	11.467	0	-0
-13.519	11.467	0	-0
-12.053	11.467	0	-0
-10.587	11.467	0	-0
-9.1202	11.467	0	-0
-7.6539	11.467	0	-0
-6.1876	11.467	0	-0
-4.7213	11.467	0	-0
-3.255	11.467	-0.014201	0.039051
-1.7887	11.467	-0.017916	0.043155
-0.32241	11.467	-0.019648	0.046275
1.1439	11.467	-0.021202	0.050134
2.6102	11.467	-0.021863	0.053318
4.0765	11.467	-0.023107	0.057371
5.5428	11.467	-0.025851	0.060351
7.0091	11.467	-0.027284	0.064629
8.4754	11.467	-0.017091	0.067318
9.9417	11.467	0	-0
11.408	11.467	0	-0
12.874	11.467	0	-0
14.341	11.467	0	-0
15.807	11.467	0	-0
-14.985	10	0	-0
-13.519	10	0	-0
-12.053	10	0	-0
-10.587	10	0	-0
-9.1202	10	0	-0
-7.6539	10	0	-0
-6.1876	10	0	-0
-4.7213	10	0	-0
-3.255	10	-0.013995	0.033913
-1.7887	10	-0.016725	0.037653
-0.32241	10	-0.018265	0.040678
1.1439	10	-0.01979	0.044115
2.6102	10	-0.019832	0.047412
4.0765	10	-0.021043	0.050912
5.5428	10	-0.023958	0.054427
7.0091	10	-0.02661	0.058214
8.4754	10	-0.01795	0.06082
9.9417	10	0	-0
11.408	10	0	-0
12.874	10	0	-0
14.341	10	0	-0
15.807	10	0	-0
-14.985	8.534	0	-0
-13.519	8.534	0	-0
-12.053	8.534	0	-0
-10.587	8.534	0	-0
-9.1202	8.534	0	-0
-7.6539	8.534	0	-0
-6.1876	8.534	0	-0
-4.7213	8.534	0	-0
-3.255	8.534	-0.013298	0.028363
-1.7887	8.534	-0.015699	0.032488
-0.32241	8.534	-0.017498	0.035743
1.1439	8.534	-0.017162	0.039371
2.6102	8.534	-0.016993	0.042325
4.0765	8.534	-0.017455	0.045509
5.5428	8.534	-0.021139	0.049402
7.0091	8.534	-0.022877	0.051574
8.4754	8.534	-0.014411	0.053865
9.9417	8.534	0	-0
11.408	8.534	0	-0
12.874	8.534	0	-0
14.341	8.534	0	-0
15.807	8.534	0	-0
-14.985	7.0677	0	-0
-13.519	7.0677	0	-0
-12.053	7.0677	0	-0
-10.587	7.0677	0	-0
-9.1202	7.0677	0	-0
-7.6539	7.0677	0	-0
-6.1876	7.0677	0	-0
-4.7213	7.0677	0	-0
-3.255	7.0677	-0.011118	0.021867
-1.7887	7.0677	-0.012078	0.026286
-0.32241	7.0677	-0.01263	0.030462
1.1439	7.0677	-0.012249	0.033872
2.6102	7.0677	-0.011935	0.036417
4.0765	7.0677	-0.012846	0.037803
5.5428	7.0677	-0.016321	0.042322
7.0091	7.0677	-0.018385	0.044817
8.4754	7.0677	-0.017078	0.044975
9.9417	7.0677	0	-0
11.408	7.0677	0	-0
12.874	7.0677	0	-0
14.341	7.0677	0	-0
15.807	7.0677	0	-0
-14.985	5.6014	0	-0
-13.519	5.6014	0	-0
-12.053	5.6014	0	-0
-10.587	5.6014	0	-0
-9.1202	5.6014	0	-0
-7.6539	5.6014	0	-0
-6.1876	5.6014	0	-0
-4.7213	5.6014	0	-0
-3.255	5.6014	-0.0059812	0.013711
-1.7887	5.6014	-0.0061917	0.019961
-0.32241	5.6014	-0.0066283	0.023845
1.1439	5.6014	-0.0067756	0.026225
2.6102	5.6014	-0.0064847	0.027673
4.0765	5.6014	-0.0075609	0.028372
5.5428	5.6014	-0.010462	0.031757
7.0091	5.6014	-0.014882	0.032587
8.4754	5.6014	-0.014261	0.033225
9.9417	5.6014	0	-0
11.408	5.6014	0	-0
12.874	5.6014	0	-0
14.341	5.6014	0	-0
15.807	5.6014	0	-0
-14.985	4.1351	0	-0
-13.519	4.1351	0	-0
-12.053	4.1351	0	-0
-10.587	4.1351	0	-0
-9.1202	4.1351	0	-0
-7.6539	4.1351	0	-0
-6.1876	4.1351	0	-0
-4.7213	4.1351	0	-0
-3.255	4.1351	-0.00074064	0.0063185
-1.7887	4.1351	-5.2284e-005	0.012336
-0.32241	4.1351	-0.0014937	0.016988
1.1439	4.1351	-0.0018216	0.018547
2.6102	4.1351	-0.0025046	0.019696
4.0765	4.1351	-0.0039668	0.020704
5.5428	4.1351	-0.0071403	0.022209
7.0091	4.1351	-0.0093289	0.023545
8.4754	4.1351	-0.01006	0.02303
9.9417	4.1351	0	-0
11.408	4.1351	0	-0
12.874	4.1351	0	-0
14.341	4.1351	0	-0
15.807	4.1351	0	-0
-14.985	2.6688	0	-0
-13.519	2.6688	0	-0
-12.053	2.6688	0	-0
-10.587	2.6688	0	-0
-9.1202	2.6688	0	-0
-7.6539	2.6688	0	-0
-6.1876	2.6688	0	-0
-4.7213	2.6688	0	-0
-3.255	2.6688	0.0033927	0.00060778
-1.7887	2.6688	0.005148	0.0055125
-0.32241	2.6688	0.0030788	0.0087562
1.1439	2.6688	0.000858	0.010114
2.6102	2.6688	-0.0010879	0.011919
4.0765	2.6688	-0.0028567	0.012128
5.5428	2.6688	-0.0054109	0.013243
7.0091	2.6688	-0.0078187	0.014903
8.4754	2.6688	-0.0094247	0.013848
9.9417	2.6688	0	-0
11.408	2.6688	0	-0
12.874	2.6688	0	-0
14.341	2.6688	0	-0
15.807	2.6688	0	-0
-14.985	1.2025	0	-0
-13.519	1.2025	0	-0
-12.053	1.2025	0	-0
-10.587	1.2025	0	-0
-9.1202	1.2025	0	-0
-7.6539	1.2025	0	-0
-6.1876	1.2025	0	-0
-4.7213	1.2025	0	-0
-3.255	1.2025	0.0069832	-0.0053158
-1.7887	1.2025	0.0082914	-0.0015628
-0.32241	1.2025	0.0062218	0.0010754
1.1439	1.2025	0.0026425	0.0028469
2.6102	1.2025	0.00065547	0.0036091
4.0765	1.2025	-0.0018775	0.0040218
5.5428	1.2025	-0.0048087	0.0047142
7.0091	1.2025	-0.0081753	0.0050973
8.4754	1.2025	-0.010182	0.0028547
9.9417	1.2025	0	-0
11.408	1.2025	0	-0
12.874	1.2025	0	-0
14.341	1.2025	0	-0
15.807	1.2025	0	-0
-14.985	-0.2638	0	-0
-13.519	-0.2638	0	-0
-12.053	-0.2638	0	-0
-10.587	-0.2638	0	-0
-9.1202	-0.2638	0	-0
-7.6539	-0.2638	0	-0
-6.1876	-0.2638	0	-0
-4.7213	-0.2638	0	-0
-3.255	-0.2638	0.0094717	-0.011832
-1.7887	-0.2638	0.0099519	-0.0094414
-0.32241	-0.2638	0.0085334	-0.0083626
1.1439	-0.2638	0.0057347	-0.0072434
2.6102	-0.2638	0.0029213	-0.0064556
4.0765	-0.2638	-0.00051478	-0.0051419
5.5428	-0.2638	-0.0045241	-0.0043307
7.0091	-0.2638	-0.0090649	-0.0053598
8.4754	-0.2638	-0.010279	-0.0070017
9.9417	-0.2638	0	-0
11.408	-0.2638	0	-0
12.874	-0.2638	0	-0
14.341	-0.2638	0	-0
15.807	-0.2638	0	-0
-14.985	-1.7301	0	-0
-13.519	-1.7301	0	-0
-12.053	-1.7301	0	-0
-10.587	-1.7301	0	-0
-9.1202	-1.7301	0	-0
-7.6539	-1.7301	0	-0
-6.1876	-1.7301	0	-0
-4.7213	-1.7301	0	-0
-3.255	-1.7301	0.010962	-0.017422
-1.7887	-1.7301	0.012648	-0.016949
-0.32241	-1.7301	0.010746	-0.017272
1.1439	-1.7301	0.0084315	-0.017342
2.6102	-1.7301	0.0047358	-0.01701
4.0765	-1.7301	0.0001168	-0.014886
5.5428	-1.7301	-0.0053087	-0.014289
7.0091	-1.7301	-0.0093241	-0.015775
8.4754	-1.7301	-0.010753	-0.017758
9.9417	-1.7301	0	-0
11.408	-1.7301	0	-0
12.874	-1.7301	0	-0
14.341	-1.7301	0	-0
15.807	-1.7301	0	-0
-14.985	-3.1964	0	-0
-13.519	-3.1964	0	-0
-12.053	-3.1964	0	-0
-10.587	-3.1964	0	-0
-9.1202	-3.1964	0	-0
-7.6539	-3.1964	0	-0
-6.1876	-3.1964	0	-0
-4.7213	-3.1964	0	-0
-3.255	-3.1964	0.011648	-0.024923
-1.7887	-3.1964	0.012915	-0.024543
-0.32241	-3.1964	0.010931	-0.02566
1.1439	-3.1964	0.0089401	-0.02754
2.6102	-3.1964	0.0053086	-0.02794
4.0765	-3.1964	0.00017107	-0.027092
5.5428	-3.1964	-0.0057256	-0.026361
7.0091	-3.1964	-0.010462	-0.027651
8.4754	-3.1964	-0.011918	-0.029734
9.9417	-3.1964	0	-0
11.408	-3.1964	0	-0
12.874	-3.1964	0	-0
14.341	-3.1964	0	-0
15.807	-3.1964	0	-0
-14.985	-4.6627	0	-0
-13.519	-4.6627	0	-0
-12.053	-4.6627	0	-0
-10.587	-4.6627	0	-0
-9.1202	-4.6627	0	-0
-7.6539	-4.6627	0	-0
-6.1876	-4.6627	0	-0
-4.7213	-4.6627	0	-0
-3.255	-4.6627	0.011237	-0.033138
-1.7887	-4.6627	0.011708	-0.033375
-0.32241	-4.6627	0.0091469	-0.033186
1.1439	-4.6627	0.0069338	-0.036268
2.6102	-4.6627	0.0035454	-0.038797
4.0765	-4.6627	-0.0012737	-0.038614
5.5428	-4.6627	-0.0059354	-0.03807
7.0091	-4.6627	-0.0095975	-0.038561
8.4754	-4.6627	-0.010968	-0.040046
9.9417	-4.6627	0	-0
11.408	-4.6627	0	-0
12.874	-4.6627	0	-0
14.341	-4.6627	0	-0
15.807	-4.6627	0	-0
-14.985	-6.129	0	-0
-13.519	-6.129	0	-0
-12.053	-6.129	0	-0
-10.587	-6.129	0	-0
-9.1202	-6.129	0	-0
-7.6539	-6.129	0	-0
-6.1876	-6.129	0	-0
-4.7213	-6.129	0	-0
-3.255	-6.129	0.010327	-0.041976
-1.7887	-6.129	0.010812	-0.042655
-0.32241	-6.129	0.00729	-0.043771
1.1439	-6.129	0.0031356	-0.046157
2.6102	-6.129	0.000772	-0.048669
4.0765	-6.129	-0.0028685	-0.047924
5.5428	-6.129	-0.0061484	-0.046846
7.0091	-6.129	-0.0090433	-0.046224
8.4754	-6.129	-0.010469	-0.045896
9.9417	-6.129	0	-0
11.408	-6.129	0	-0
12.874	-6.129	0	-0
14.341	-6.129	0	-0
15.807	-6.129	0	-0
-14.985	-7.5953	0	-0
-13.519	-7.5953	0	-0
-12.053	-7.5953	0	-0
-10.587	-7.5953	0	-0
-9.1202	-7.5953	0	-0
-7.6539	-7.5953	0	-0
-6.1876	-7.5953	0	-0
-4.7213	-7.5953	0	-0
-3.255	-7.5953	0.01063	-0.048488
-1.7887	-7.5953	0.0094972	-0.049996
-0.32241	-7.5953	0.0059932	-0.051352
1.1439	-7.5953	0.0016221	-0.054714
2.6102	-7.5953	-0.00095425	-0.05753
4.0765	-7.5953	-0.0039484	-0.056482
5.5428	-7.5953	-0.0062693	-0.05421
7.0091	-7.5953	-0.0074949	-0.052279
8.4754	-7.5953	-0.0087481	-0.05111
9.9417	-7.5953	0	-0
11.408	-7.5953	0	-0
12.874	-7.5953	0	-0
14.341	-7.5953	0	-0
15.807	-7.5953	0	-0
-14.985	-9.0616	0	-0
-13.519	-9.0616	0	-0
-12.053	-9.0616	0	-0
-10.587	-9.0616	0	-0
-9.1202	-9.0616	0	-0
-7.6539	-9.0616	0	-0
-6.1876	-9.0616	0	-0
-4.7213	-9.0616	0	-0
-3.255	-9.0616	0.0086064	-0.053727
-1.7887	-9.0616	0.0081703	-0.056098
-0.32241	-9.0616	0.0047624	-0.05905
1.1439	-9.0616	0.0014741	-0.06221
2.6102	-9.0616	-0.0011202	-0.064094
4.0765	-9.0616	-0.0037901	-0.063661
5.5428	-9.0616	-0.005023	-0.061362
7.0091	-9.0616	-0.0065623	-0.058859
8.4754	-9.0616	-0.007511	-0.057209
9.9417	-9.0616	0	-0
11.408	-9.0616	0	-0
12.874	-9.0616	0	-0
14.341	-9.0616	0	-0
15.807	-9.0616	0	-0
-14.985	-10.528	0	-0
-13.519	-10.528	0	-0
-12.053	-10.528	0	-0
-10.587	-10.528	0	-0
-9.1202	-10.528	0	-0
-7.6539	-10.528	0	-0
-6.1876	-10.528	0	-0
-4.7213	-10.528	0	-0
-3.255	-10.528	0.006335	-0.059402
-1.7887	-10.528	0.0062407	-0.063663
-0.32241	-10.528	0.0036248	-0.067109
1.1439	-10.528	0.00068406	-0.069168
2.6102	-10.528	-0.0017517	-0.071147
4.0765	-10.528	-0.0035836	-0.071326
5.5428	-10.528	-0.0047805	-0.068887
7.0091	-10.528	-0.0064853	-0.066448
8.4754	-10.528	-0.0072469	-0.063768
9.9417	-10.528	0	-0
11.408	-10.528	0	-0
12.874	-10.528	0	-0
14.341	-10.528	0	-0
15.807	-10.528	0	-0
-14.985	-11.994	0	-0
-13.519	-11.994	0	-0
-12.053	-11.994	0	-0
-10.587	-11.994	0	-0
-9.1202	-11.994	0	-0
-7.6539	-11.994	0	-0
-6.1876	-11.994	0	-0
-4.7213	-11.994	0	-0
-3.255	-11.994	0	-0
-1.7887	-11.994	0	-0
-0.32241	-11.994	0	-0
1.1439	-11.994	0	-0
2.6102	-11.994	0	-0
4.0765	-11.994	0	-0
5.5428	-11.994	0	-0
7.0091	-11.994	0	-0
8.4754	-11.994	0	-0
9.9417	-11.994	0	-0
11.408	-11.994	0	-0
12.874	-11.994	0	-0
14.341	-11.994	0	-0
15.807	-11.994	0	-0
