#DaVis 7.4.0 2D-vector 96 22 22 "" "[mm]" "" "[mm]" "displacement" "[mm]"
-14.985	18.798	0	-0
-13.519	18.798	0	-0
-12.053	18.798	0	-0
-10.587	18.798	0	-0
-9.1202	18.798	0	-0
-7.6539	18.798	0	-0
-6.1876	18.798	0	-0
-4.7213	18.798	0	-0
-3.255	18.798	-0.088961	0.10706
-1.7887	18.798	-0.093117	0.11427
-0.32241	18.798	-0.21904	-0.61423
1.1439	18.798	0.0086631	-0.5091
2.6102	18.798	-0.095619	0.13946
4.0765	18.798	0.70109	0.89973
5.5428	18.798	-0.091555	-0.6343
7.0091	18.798	0.15767	-0.48033
8.4754	18.798	0	-0
9.9417	18.798	0	-0
11.408	18.798	0	-0
12.874	18.798	0	-0
14.341	18.798	0	-0
15.807	18.798	0	-0
-14.985	17.332	0	-0
-13.519	17.332	0	-0
-12.053	17.332	0	-0
-10.587	17.332	0	-0
-9.1202	17.332	0	-0
-7.6539	17.332	0	-0
-6.1876	17.332	0	-0
-4.7213	17.332	0	-0
-3.255	17.332	-0.075959	0.10218
-1.7887	17.332	-0.088547	0.10902
-0.32241	17.332	-0.08956	0.11726
1.1439	17.332	-0.09	0.12289
2.6102	17.332	-0.090218	0.13664
4.0765	17.332	-0.092088	0.14412
5.5428	17.332	-0.094756	0.14877
7.0091	17.332	-0.10008	0.15161
8.4754	17.332	-0.088312	0.15033
9.9417	17.332	0	-0
11.408	17.332	0	-0
12.874	17.332	0	-0
14.341	17.332	0	-0
15.807	17.332	0	-0
-14.985	15.866	0	-0
-13.519	15.866	0	-0
-12.053	15.866	0	-0
-10.587	15.866	0	-0
-9.1202	15.866	0	-0
-7.6539	15.866	0	-0
-6.1876	15.866	0	-0
-4.7213	15.866	0	-0
-3.255	15.866	-0.073751	0.094391
-1.7887	15.866	-0.083602	0.10342
-0.32241	15.866	-0.084313	0.11061
1.1439	15.866	-0.084867	0.11717
2.6102	15.866	-0.085437	0.12477
4.0765	15.866	-0.087274	0.13272
5.5428	15.866	-0.089348	0.14213
7.0091	15.866	-0.0925	0.15104
8.4754	15.866	-0.083044	0.15394
9.9417	15.866	0	-0
11.408	15.866	0	-0
12.874	15.866	0	-0
14.341	15.866	0	-0
15.807	15.866	0	-0
-14.985	14.399	0	-0
-13.519	14.399	0	-0
-12.053	14.399	0	-0
-10.587	14.399	0	-0
-9.1202	14.399	0	-0
-7.6539	14.399	0	-0
-6.1876	14.399	0	-0
-4.7213	14.399	0	-0
-3.255	14.399	-0.065554	0.080546
-1.7887	14.399	-0.077679	0.091594
-0.32241	14.399	-0.078902	0.10514
1.1439	14.399	-0.077865	0.11115
2.6102	14.399	-0.079211	0.11844
4.0765	14.399	-0.079375	0.12658
5.5428	14.399	-0.083303	0.13526
7.0091	14.399	-0.087599	0.14086
8.4754	14.399	-0.079783	0.14474
9.9417	14.399	0	-0
11.408	14.399	0	-0
12.874	14.399	0	-0
14.341	14.399	0	-0
15.807	14.399	0	-0
-14.985	12.933	0	-0
-13.519	12.933	0	-0
-12.053	12.933	0	-0
-10.587	12.933	0	-0
-9.1202	12.933	0	-0
-7.6539	12.933	0	-0
-6.1876	12.933	0	-0
-4.7213	12.933	0	-0
-3.255	12.933	-0.05099	0.066836
-1.7887	12.933	-0.066344	0.078871
-0.32241	12.933	-0.071281	0.091566
1.1439	12.933	-0.072483	0.1031
2.6102	12.933	-0.072372	0.11137
4.0765	12.933	-0.074189	0.11886
5.5428	12.933	-0.079496	0.12684
7.0091	12.933	-0.082016	0.13131
8.4754	12.933	-0.073156	0.13499
9.9417	12.933	0	-0
11.408	12.933	0	-0
12.874	12.933	0	-0
14.341	12.933	0	-0
15.807	12.933	0	-0
-14.985	11.467	0	-0
-13.519	11.467	0	-0
-12.053	11.467	0	-0
-10.587	11.467	0	-0
-9.1202	11.467	0	-0
-7.6539	11.467	0	-0
-6.1876	11.467	0	-0
-4.7213	11.467	0	-0
-3.255	11.467	-0.044119	0.060929
-1.7887	11.467	-0.055837	0.071902
-0.32241	11.467	-0.06051	0.079631
1.1439	11.467	-0.063588	0.091494
2.6102	11.467	-0.06624	0.099495
4.0765	11.467	-0.068831	0.10944
5.5428	11.467	-0.074495	0.11688
7.0091	11.467	-0.072633	0.12356
8.4754	11.467	-0.063914	0.12907
9.9417	11.467	0	-0
11.408	11.467	0	-0
12.874	11.467	0	-0
14.341	11.467	0	-0
15.807	11.467	0	-0
-14.985	10	0	-0
-13.519	10	0	-0
-12.053	10	0	-0
-10.587	10	0	-0
-9.1202	10	0	-0
-7.6539	10	0	-0
-6.1876	10	0	-0
-4.7213	10	0	-0
-3.255	10	-0.040337	0.054571
-1.7887	10	-0.051481	0.063348
-0.32241	10	-0.05451	0.070197
1.1439	10	-0.057195	0.080901
2.6102	10	-0.058236	0.089508
4.0765	10	-0.060241	0.099006
5.5428	10	-0.064111	0.10748
7.0091	10	-0.068075	0.11673
8.4754	10	-0.059859	0.12236
9.9417	10	0	-0
11.408	10	0	-0
12.874	10	0	-0
14.341	10	0	-0
15.807	10	0	-0
-14.985	8.534	0	-0
-13.519	8.534	0	-0
-12.053	8.534	0	-0
-10.587	8.534	0	-0
-9.1202	8.534	0	-0
-7.6539	8.534	0	-0
-6.1876	8.534	0	-0
-4.7213	8.534	0	-0
-3.255	8.534	-0.035837	0.045472
-1.7887	8.534	-0.046318	0.055878
-0.32241	8.534	-0.049608	0.064608
1.1439	8.534	-0.048763	0.075104
2.6102	8.534	-0.047992	0.084181
4.0765	8.534	-0.049611	0.091937
5.5428	8.534	-0.055767	0.1025
7.0091	8.534	-0.059207	0.10751
8.4754	8.534	-0.055175	0.11338
9.9417	8.534	0	-0
11.408	8.534	0	-0
12.874	8.534	0	-0
14.341	8.534	0	-0
15.807	8.534	0	-0
-14.985	7.0677	0	-0
-13.519	7.0677	0	-0
-12.053	7.0677	0	-0
-10.587	7.0677	0	-0
-9.1202	7.0677	0	-0
-7.6539	7.0677	0	-0
-6.1876	7.0677	0	-0
-4.7213	7.0677	0	-0
-3.255	7.0677	-0.033267	0.034643
-1.7887	7.0677	-0.037642	0.046835
-0.32241	7.0677	-0.039311	0.057168
1.1439	7.0677	-0.037583	0.067043
2.6102	7.0677	-0.035975	0.073067
4.0765	7.0677	-0.037874	0.077359
5.5428	7.0677	-0.044059	0.088363
7.0091	7.0677	-0.048383	0.095161
8.4754	7.0677	-0.055639	0.10185
9.9417	7.0677	0	-0
11.408	7.0677	0	-0
12.874	7.0677	0	-0
14.341	7.0677	0	-0
15.807	7.0677	0	-0
-14.985	5.6014	0	-0
-13.519	5.6014	0	-0
-12.053	5.6014	0	-0
-10.587	5.6014	0	-0
-9.1202	5.6014	0	-0
-7.6539	5.6014	0	-0
-6.1876	5.6014	0	-0
-4.7213	5.6014	0	-0
-3.255	5.6014	-0.020909	0.01852
-1.7887	5.6014	-0.023498	0.035315
-0.32241	5.6014	-0.02638	0.04537
1.1439	5.6014	-0.023612	0.05192
2.6102	5.6014	-0.020931	0.054628
4.0765	5.6014	-0.021234	0.057068
5.5428	5.6014	-0.028681	0.065989
7.0091	5.6014	-0.039667	0.072768
8.4754	5.6014	-0.034888	0.073959
9.9417	5.6014	0	-0
11.408	5.6014	0	-0
12.874	5.6014	0	-0
14.341	5.6014	0	-0
15.807	5.6014	0	-0
-14.985	4.1351	0	-0
-13.519	4.1351	0	-0
-12.053	4.1351	0	-0
-10.587	4.1351	0	-0
-9.1202	4.1351	0	-0
-7.6539	4.1351	0	-0
-6.1876	4.1351	0	-0
-4.7213	4.1351	0	-0
-3.255	4.1351	-0.0050772	0.0006005
-1.7887	4.1351	-0.0072961	0.017662
-0.32241	4.1351	-0.0091323	0.031658
1.1439	4.1351	-0.0069334	0.039121
2.6102	4.1351	-0.0057617	0.040811
4.0765	4.1351	-0.0063637	0.043174
5.5428	4.1351	-0.014398	0.047819
7.0091	4.1351	-0.021291	0.053759
8.4754	4.1351	-0.01758	0.050938
9.9417	4.1351	0	-0
11.408	4.1351	0	-0
12.874	4.1351	0	-0
14.341	4.1351	0	-0
15.807	4.1351	0	-0
-14.985	2.6688	0	-0
-13.519	2.6688	0	-0
-12.053	2.6688	0	-0
-10.587	2.6688	0	-0
-9.1202	2.6688	0	-0
-7.6539	2.6688	0	-0
-6.1876	2.6688	0	-0
-4.7213	2.6688	0	-0
-3.255	2.6688	0.0080843	-0.0089385
-1.7887	2.6688	0.0088343	0.0060439
-0.32241	2.6688	0.0080623	0.01834
1.1439	2.6688	0.0070892	0.026238
2.6102	2.6688	0.0058656	0.029792
4.0765	2.6688	0.0039028	0.030234
5.5428	2.6688	-0.0038368	0.031438
7.0091	2.6688	-0.011358	0.028186
8.4754	2.6688	-0.0086648	0.021571
9.9417	2.6688	0	-0
11.408	2.6688	0	-0
12.874	2.6688	0	-0
14.341	2.6688	0	-0
15.807	2.6688	0	-0
-14.985	1.2025	0	-0
-13.519	1.2025	0	-0
-12.053	1.2025	0	-0
-10.587	1.2025	0	-0
-9.1202	1.2025	0	-0
-7.6539	1.2025	0	-0
-6.1876	1.2025	0	-0
-4.7213	1.2025	0	-0
-3.255	1.2025	0.015925	-0.014124
-1.7887	1.2025	0.017985	-0.0021812
-0.32241	1.2025	0.014252	0.0059092
1.1439	1.2025	0.010878	0.012235
2.6102	1.2025	0.0093256	0.015026
4.0765	1.2025	0.0065382	0.014268
5.5428	1.2025	-0.0052371	0.0078672
7.0091	1.2025	-0.020952	-0.0041655
8.4754	1.2025	-0.015327	-0.028204
9.9417	1.2025	0	-0
11.408	1.2025	0	-0
12.874	1.2025	0	-0
14.341	1.2025	0	-0
15.807	1.2025	0	-0
-14.985	-0.2638	0	-0
-13.519	-0.2638	0	-0
-12.053	-0.2638	0	-0
-10.587	-0.2638	0	-0
-9.1202	-0.2638	0	-0
-7.6539	-0.2638	0	-0
-6.1876	-0.2638	0	-0
-4.7213	-0.2638	0	-0
-3.255	-0.2638	0.019397	-0.023962
-1.7887	-0.2638	0.022932	-0.012572
-0.32241	-0.2638	0.01494	-0.010306
1.1439	-0.2638	0.012284	-0.0051311
2.6102	-0.2638	0.0066456	-0.0080339
4.0765	-0.2638	-0.0049026	-0.020519
5.5428	-0.2638	-0.024104	-0.037298
7.0091	-0.2638	-0.055509	-0.071961
8.4754	-0.2638	-0.040884	-0.086819
9.9417	-0.2638	0	-0
11.408	-0.2638	0	-0
12.874	-0.2638	0	-0
14.341	-0.2638	0	-0
15.807	-0.2638	0	-0
-14.985	-1.7301	0	-0
-13.519	-1.7301	0	-0
-12.053	-1.7301	0	-0
-10.587	-1.7301	0	-0
-9.1202	-1.7301	0	-0
-7.6539	-1.7301	0	-0
-6.1876	-1.7301	0	-0
-4.7213	-1.7301	0	-0
-3.255	-1.7301	0.028721	-0.02849
-1.7887	-1.7301	0.027787	-0.025331
-0.32241	-1.7301	0.020997	-0.0252
1.1439	-1.7301	0.013414	-0.025193
2.6102	-1.7301	-0.001847	-0.037977
4.0765	-1.7301	-0.0249	-0.062307
5.5428	-1.7301	-0.049438	-0.095251
7.0091	-1.7301	-0.087308	-0.13542
8.4754	-1.7301	-0.056535	-0.12146
9.9417	-1.7301	0	-0
11.408	-1.7301	0	-0
12.874	-1.7301	0	-0
14.341	-1.7301	0	-0
15.807	-1.7301	0	-0
-14.985	-3.1964	0	-0
-13.519	-3.1964	0	-0
-12.053	-3.1964	0	-0
-10.587	-3.1964	0	-0
-9.1202	-3.1964	0	-0
-7.6539	-3.1964	0	-0
-6.1876	-3.1964	0	-0
-4.7213	-3.1964	0	-0
-3.255	-3.1964	0.036049	-0.037655
-1.7887	-3.1964	0.032292	-0.040112
-0.32241	-3.1964	0.022615	-0.047343
1.1439	-3.1964	0.0088209	-0.054651
2.6102	-3.1964	-0.019902	-0.080794
4.0765	-3.1964	-0.05531	-0.13085
5.5428	-3.1964	-0.076062	-0.15053
7.0091	-3.1964	-0.10848	-0.16356
8.4754	-3.1964	-0.084103	-0.18147
9.9417	-3.1964	0	-0
11.408	-3.1964	0	-0
12.874	-3.1964	0	-0
14.341	-3.1964	0	-0
15.807	-3.1964	0	-0
-14.985	-4.6627	0	-0
-13.519	-4.6627	0	-0
-12.053	-4.6627	0	-0
-10.587	-4.6627	0	-0
-9.1202	-4.6627	0	-0
-7.6539	-4.6627	0	-0
-6.1876	-4.6627	0	-0
-4.7213	-4.6627	0	-0
-3.255	-4.6627	0.034098	-0.050962
-1.7887	-4.6627	0.021948	-0.060093
-0.32241	-4.6627	0.0049524	-0.068877
1.1439	-4.6627	-0.016617	-0.10008
2.6102	-4.6627	-0.048533	-0.13693
4.0765	-4.6627	-0.082438	-0.17988
5.5428	-4.6627	-0.10021	-0.18265
7.0091	-4.6627	-0.11059	-0.20205
8.4754	-4.6627	-0.059179	-0.1663
9.9417	-4.6627	0	-0
11.408	-4.6627	0	-0
12.874	-4.6627	0	-0
14.341	-4.6627	0	-0
15.807	-4.6627	0	-0
-14.985	-6.129	0	-0
-13.519	-6.129	0	-0
-12.053	-6.129	0	-0
-10.587	-6.129	0	-0
-9.1202	-6.129	0	-0
-7.6539	-6.129	0	-0
-6.1876	-6.129	0	-0
-4.7213	-6.129	0	-0
-3.255	-6.129	0.022978	-0.075734
-1.7887	-6.129	-0.00047718	-0.091758
-0.32241	-6.129	-0.028535	-0.11512
1.1439	-6.129	-0.064817	-0.14604
2.6102	-6.129	-0.068206	-0.17599
4.0765	-6.129	-0.098022	-0.20748
5.5428	-6.129	-0.10984	-0.21714
7.0091	-6.129	-0.11094	-0.22033
8.4754	-6.129	-0.083783	-0.21181
9.9417	-6.129	0	-0
11.408	-6.129	0	-0
12.874	-6.129	0	-0
14.341	-6.129	0	-0
15.807	-6.129	0	-0
-14.985	-7.5953	0	-0
-13.519	-7.5953	0	-0
-12.053	-7.5953	0	-0
-10.587	-7.5953	0	-0
-9.1202	-7.5953	0	-0
-7.6539	-7.5953	0	-0
-6.1876	-7.5953	0	-0
-4.7213	-7.5953	0	-0
-3.255	-7.5953	-0.00025603	-0.10383
-1.7887	-7.5953	-0.031737	-0.13077
-0.32241	-7.5953	-0.057721	-0.14992
1.1439	-7.5953	-0.0763	-0.17604
2.6102	-7.5953	-0.083536	-0.20806
4.0765	-7.5953	-0.095863	-0.219
5.5428	-7.5953	-0.11062	-0.22718
7.0091	-7.5953	-0.10985	-0.2272
8.4754	-7.5953	-0.086247	-0.21944
9.9417	-7.5953	0	-0
11.408	-7.5953	0	-0
12.874	-7.5953	0	-0
14.341	-7.5953	0	-0
15.807	-7.5953	0	-0
-14.985	-9.0616	0	-0
-13.519	-9.0616	0	-0
-12.053	-9.0616	0	-0
-10.587	-9.0616	0	-0
-9.1202	-9.0616	0	-0
-7.6539	-9.0616	0	-0
-6.1876	-9.0616	0	-0
-4.7213	-9.0616	0	-0
-3.255	-9.0616	-0.038818	-0.1343
-1.7887	-9.0616	-0.061657	-0.15636
-0.32241	-9.0616	-0.07693	-0.19303
1.1439	-9.0616	-0.090971	-0.20959
2.6102	-9.0616	-0.0954	-0.22193
4.0765	-9.0616	-0.10572	-0.23768
5.5428	-9.0616	-0.10837	-0.2392
7.0091	-9.0616	-0.11109	-0.23981
8.4754	-9.0616	-0.086927	-0.23042
9.9417	-9.0616	0	-0
11.408	-9.0616	0	-0
12.874	-9.0616	0	-0
14.341	-9.0616	0	-0
15.807	-9.0616	0	-0
-14.985	-10.528	0	-0
-13.519	-10.528	0	-0
-12.053	-10.528	0	-0
-10.587	-10.528	0	-0
-9.1202	-10.528	0	-0
-7.6539	-10.528	0	-0
-6.1876	-10.528	0	-0
-4.7213	-10.528	0	-0
-3.255	-10.528	-0.06394	-0.15478
-1.7887	-10.528	-0.088277	-0.1795
-0.32241	-10.528	-0.092914	-0.19601
1.1439	-10.528	-0.10349	-0.21531
2.6102	-10.528	-0.10896	-0.23484
4.0765	-10.528	-0.11491	-0.24973
5.5428	-10.528	-0.11338	-0.25084
7.0091	-10.528	-0.11597	-0.2514
8.4754	-10.528	-0.096707	-0.2415
9.9417	-10.528	0	-0
11.408	-10.528	0	-0
12.874	-10.528	0	-0
14.341	-10.528	0	-0
15.807	-10.528	0	-0
-14.985	-11.994	0	-0
-13.519	-11.994	0	-0
-12.053	-11.994	0	-0
-10.587	-11.994	0	-0
-9.1202	-11.994	0	-0
-7.6539	-11.994	0	-0
-6.1876	-11.994	0	-0
-4.7213	-11.994	0	-0
-3.255	-11.994	0	-0
-1.7887	-11.994	0	-0
-0.32241	-11.994	0	-0
1.1439	-11.994	0	-0
2.6102	-11.994	0	-0
4.0765	-11.994	0	-0
5.5428	-11.994	0	-0
7.0091	-11.994	0	-0
8.4754	-11.994	0	-0
9.9417	-11.994	0	-0
11.408	-11.994	0	-0
12.874	-11.994	0	-0
14.341	-11.994	0	-0
15.807	-11.994	0	-0
