#DaVis 7.4.0 2D-vector 96 22 22 "" "[mm]" "" "[mm]" "displacement" "[mm]"
-14.985	18.798	0	-0
-13.519	18.798	0	-0
-12.053	18.798	0	-0
-10.587	18.798	0	-0
-9.1202	18.798	0	-0
-7.6539	18.798	0	-0
-6.1876	18.798	0	-0
-4.7213	18.798	0	-0
-3.255	18.798	-0.038419	0.076709
-1.7887	18.798	-0.044319	0.08036
-0.32241	18.798	-0.044371	0.086734
1.1439	18.798	-0.043008	0.07225
2.6102	18.798	-0.044057	0.086522
4.0765	18.798	0.67844	-0.79643
5.5428	18.798	-0.074579	-0.38117
7.0091	18.798	-0.051743	0.095244
8.4754	18.798	0	-0
9.9417	18.798	0	-0
11.408	18.798	0	-0
12.874	18.798	0	-0
14.341	18.798	0	-0
15.807	18.798	0	-0
-14.985	17.332	0	-0
-13.519	17.332	0	-0
-12.053	17.332	0	-0
-10.587	17.332	0	-0
-9.1202	17.332	0	-0
-7.6539	17.332	0	-0
-6.1876	17.332	0	-0
-4.7213	17.332	0	-0
-3.255	17.332	-0.031175	0.073899
-1.7887	17.332	-0.041784	0.077899
-0.32241	17.332	-0.041972	0.080534
1.1439	17.332	-0.042288	0.084007
2.6102	17.332	-0.042509	0.089188
4.0765	17.332	-0.044803	0.095417
5.5428	17.332	-0.046701	0.10141
7.0091	17.332	-0.049578	0.10698
8.4754	17.332	-0.041685	0.1099
9.9417	17.332	0	-0
11.408	17.332	0	-0
12.874	17.332	0	-0
14.341	17.332	0	-0
15.807	17.332	0	-0
-14.985	15.866	0	-0
-13.519	15.866	0	-0
-12.053	15.866	0	-0
-10.587	15.866	0	-0
-9.1202	15.866	0	-0
-7.6539	15.866	0	-0
-6.1876	15.866	0	-0
-4.7213	15.866	0	-0
-3.255	15.866	-0.029154	0.066522
-1.7887	15.866	-0.03779	0.071637
-0.32241	15.866	-0.03866	0.075832
1.1439	15.866	-0.038635	0.078381
2.6102	15.866	-0.038834	0.082777
4.0765	15.866	-0.040814	0.087834
5.5428	15.866	-0.042982	0.095172
7.0091	15.866	-0.04525	0.10047
8.4754	15.866	-0.035931	0.10342
9.9417	15.866	0	-0
11.408	15.866	0	-0
12.874	15.866	0	-0
14.341	15.866	0	-0
15.807	15.866	0	-0
-14.985	14.399	0	-0
-13.519	14.399	0	-0
-12.053	14.399	0	-0
-10.587	14.399	0	-0
-9.1202	14.399	0	-0
-7.6539	14.399	0	-0
-6.1876	14.399	0	-0
-4.7213	14.399	0	-0
-3.255	14.399	-0.023823	0.058226
-1.7887	14.399	-0.033432	0.06428
-0.32241	14.399	-0.034891	0.070289
1.1439	14.399	-0.034184	0.073006
2.6102	14.399	-0.034925	0.076862
4.0765	14.399	-0.035526	0.080898
5.5428	14.399	-0.038758	0.087225
7.0091	14.399	-0.041227	0.092028
8.4754	14.399	-0.029192	0.09562
9.9417	14.399	0	-0
11.408	14.399	0	-0
12.874	14.399	0	-0
14.341	14.399	0	-0
15.807	14.399	0	-0
-14.985	12.933	0	-0
-13.519	12.933	0	-0
-12.053	12.933	0	-0
-10.587	12.933	0	-0
-9.1202	12.933	0	-0
-7.6539	12.933	0	-0
-6.1876	12.933	0	-0
-4.7213	12.933	0	-0
-3.255	12.933	-0.017319	0.049445
-1.7887	12.933	-0.027584	0.054824
-0.32241	12.933	-0.030108	0.061171
1.1439	12.933	-0.030808	0.066309
2.6102	12.933	-0.030956	0.069862
4.0765	12.933	-0.031296	0.073928
5.5428	12.933	-0.034462	0.07803
7.0091	12.933	-0.035799	0.083056
8.4754	12.933	-0.026401	0.085692
9.9417	12.933	0	-0
11.408	12.933	0	-0
12.874	12.933	0	-0
14.341	12.933	0	-0
15.807	12.933	0	-0
-14.985	11.467	0	-0
-13.519	11.467	0	-0
-12.053	11.467	0	-0
-10.587	11.467	0	-0
-9.1202	11.467	0	-0
-7.6539	11.467	0	-0
-6.1876	11.467	0	-0
-4.7213	11.467	0	-0
-3.255	11.467	-0.013748	0.04244
-1.7887	11.467	-0.022646	0.047924
-0.32241	11.467	-0.024977	0.052035
1.1439	11.467	-0.026703	0.057148
2.6102	11.467	-0.027711	0.061472
4.0765	11.467	-0.028821	0.066459
5.5428	11.467	-0.031793	0.070372
7.0091	11.467	-0.032968	0.075474
8.4754	11.467	-0.021334	0.078845
9.9417	11.467	0	-0
11.408	11.467	0	-0
12.874	11.467	0	-0
14.341	11.467	0	-0
15.807	11.467	0	-0
-14.985	10	0	-0
-13.519	10	0	-0
-12.053	10	0	-0
-10.587	10	0	-0
-9.1202	10	0	-0
-7.6539	10	0	-0
-6.1876	10	0	-0
-4.7213	10	0	-0
-3.255	10	-0.012858	0.036984
-1.7887	10	-0.020712	0.042063
-0.32241	10	-0.02261	0.045848
1.1439	10	-0.024237	0.050366
2.6102	10	-0.024448	0.054714
4.0765	10	-0.025794	0.058932
5.5428	10	-0.029157	0.063581
7.0091	10	-0.03234	0.068867
8.4754	10	-0.021908	0.072168
9.9417	10	0	-0
11.408	10	0	-0
12.874	10	0	-0
14.341	10	0	-0
15.807	10	0	-0
-14.985	8.534	0	-0
-13.519	8.534	0	-0
-12.053	8.534	0	-0
-10.587	8.534	0	-0
-9.1202	8.534	0	-0
-7.6539	8.534	0	-0
-6.1876	8.534	0	-0
-4.7213	8.534	0	-0
-3.255	8.534	-0.011626	0.030989
-1.7887	8.534	-0.018969	0.036411
-0.32241	8.534	-0.02086	0.040622
1.1439	8.534	-0.020579	0.045311
2.6102	8.534	-0.020331	0.049195
4.0765	8.534	-0.020941	0.053066
5.5428	8.534	-0.025876	0.058573
7.0091	8.534	-0.027323	0.061377
8.4754	8.534	-0.017245	0.064206
9.9417	8.534	0	-0
11.408	8.534	0	-0
12.874	8.534	0	-0
14.341	8.534	0	-0
15.807	8.534	0	-0
-14.985	7.0677	0	-0
-13.519	7.0677	0	-0
-12.053	7.0677	0	-0
-10.587	7.0677	0	-0
-9.1202	7.0677	0	-0
-7.6539	7.0677	0	-0
-6.1876	7.0677	0	-0
-4.7213	7.0677	0	-0
-3.255	7.0677	-0.0093197	0.024237
-1.7887	7.0677	-0.014168	0.029689
-0.32241	7.0677	-0.015142	0.035
1.1439	7.0677	-0.014396	0.03923
2.6102	7.0677	-0.013984	0.042445
4.0765	7.0677	-0.014966	0.044121
5.5428	7.0677	-0.019592	0.049985
7.0091	7.0677	-0.021453	0.05343
8.4754	7.0677	-0.016371	0.053961
9.9417	7.0677	0	-0
11.408	7.0677	0	-0
12.874	7.0677	0	-0
14.341	7.0677	0	-0
15.807	7.0677	0	-0
-14.985	5.6014	0	-0
-13.519	5.6014	0	-0
-12.053	5.6014	0	-0
-10.587	5.6014	0	-0
-9.1202	5.6014	0	-0
-7.6539	5.6014	0	-0
-6.1876	5.6014	0	-0
-4.7213	5.6014	0	-0
-3.255	5.6014	-0.0046197	0.015333
-1.7887	5.6014	-0.0068075	0.022707
-0.32241	5.6014	-0.0076537	0.027358
1.1439	5.6014	-0.0071418	0.029977
2.6102	5.6014	-0.0066997	0.031528
4.0765	5.6014	-0.0077801	0.032383
5.5428	5.6014	-0.011783	0.036663
7.0091	5.6014	-0.01794	0.038185
8.4754	5.6014	-0.012199	0.03952
9.9417	5.6014	0	-0
11.408	5.6014	0	-0
12.874	5.6014	0	-0
14.341	5.6014	0	-0
15.807	5.6014	0	-0
-14.985	4.1351	0	-0
-13.519	4.1351	0	-0
-12.053	4.1351	0	-0
-10.587	4.1351	0	-0
-9.1202	4.1351	0	-0
-7.6539	4.1351	0	-0
-6.1876	4.1351	0	-0
-4.7213	4.1351	0	-0
-3.255	4.1351	0.0026022	0.0069
-1.7887	4.1351	0.00064443	0.013637
-0.32241	4.1351	-0.00082502	0.018987
1.1439	4.1351	-0.00079868	0.020792
2.6102	4.1351	-0.0013209	0.022051
4.0765	4.1351	-0.0030491	0.02291
5.5428	4.1351	-0.0072287	0.024625
7.0091	4.1351	-0.010343	0.027132
8.4754	4.1351	-0.0053325	0.026292
9.9417	4.1351	0	-0
11.408	4.1351	0	-0
12.874	4.1351	0	-0
14.341	4.1351	0	-0
15.807	4.1351	0	-0
-14.985	2.6688	0	-0
-13.519	2.6688	0	-0
-12.053	2.6688	0	-0
-10.587	2.6688	0	-0
-9.1202	2.6688	0	-0
-7.6539	2.6688	0	-0
-6.1876	2.6688	0	-0
-4.7213	2.6688	0	-0
-3.255	2.6688	0.008014	0.00049259
-1.7887	2.6688	0.0063118	0.0061085
-0.32241	2.6688	0.0041396	0.0099037
1.1439	2.6688	0.0021229	0.011652
2.6102	2.6688	0.00032108	0.0135
4.0765	2.6688	-0.0014806	0.01374
5.5428	2.6688	-0.0050735	0.014847
7.0091	2.6688	-0.0078632	0.016429
8.4754	2.6688	-0.0055237	0.015077
9.9417	2.6688	0	-0
11.408	2.6688	0	-0
12.874	2.6688	0	-0
14.341	2.6688	0	-0
15.807	2.6688	0	-0
-14.985	1.2025	0	-0
-13.519	1.2025	0	-0
-12.053	1.2025	0	-0
-10.587	1.2025	0	-0
-9.1202	1.2025	0	-0
-7.6539	1.2025	0	-0
-6.1876	1.2025	0	-0
-4.7213	1.2025	0	-0
-3.255	1.2025	0.010589	-0.0053316
-1.7887	1.2025	0.010153	-0.0010897
-0.32241	1.2025	0.0073535	0.0018325
1.1439	1.2025	0.0038088	0.0039867
2.6102	1.2025	0.0019613	0.0049268
4.0765	1.2025	-0.00070783	0.0050655
5.5428	1.2025	-0.0044563	0.0054382
7.0091	1.2025	-0.0086443	0.0049327
8.4754	1.2025	-0.0066338	0.00093595
9.9417	1.2025	0	-0
11.408	1.2025	0	-0
12.874	1.2025	0	-0
14.341	1.2025	0	-0
15.807	1.2025	0	-0
-14.985	-0.2638	0	-0
-13.519	-0.2638	0	-0
-12.053	-0.2638	0	-0
-10.587	-0.2638	0	-0
-9.1202	-0.2638	0	-0
-7.6539	-0.2638	0	-0
-6.1876	-0.2638	0	-0
-4.7213	-0.2638	0	-0
-3.255	-0.2638	0.01184	-0.012536
-1.7887	-0.2638	0.012299	-0.0091509
-0.32241	-0.2638	0.0099581	-0.0076353
1.1439	-0.2638	0.0070878	-0.0061396
2.6102	-0.2638	0.0040726	-0.0053274
4.0765	-0.2638	0.00011879	-0.0050618
5.5428	-0.2638	-0.0052127	-0.0053388
7.0091	-0.2638	-0.012264	-0.0092027
8.4754	-0.2638	-0.0071678	-0.013474
9.9417	-0.2638	0	-0
11.408	-0.2638	0	-0
12.874	-0.2638	0	-0
14.341	-0.2638	0	-0
15.807	-0.2638	0	-0
-14.985	-1.7301	0	-0
-13.519	-1.7301	0	-0
-12.053	-1.7301	0	-0
-10.587	-1.7301	0	-0
-9.1202	-1.7301	0	-0
-7.6539	-1.7301	0	-0
-6.1876	-1.7301	0	-0
-4.7213	-1.7301	0	-0
-3.255	-1.7301	0.014573	-0.018211
-1.7887	-1.7301	0.015629	-0.017619
-0.32241	-1.7301	0.013037	-0.01763
1.1439	-1.7301	0.010139	-0.017439
2.6102	-1.7301	0.0056161	-0.017573
4.0765	-1.7301	0.00018812	-0.016675
5.5428	-1.7301	-0.0087972	-0.019517
7.0091	-1.7301	-0.014139	-0.023283
8.4754	-1.7301	-0.0083689	-0.026825
9.9417	-1.7301	0	-0
11.408	-1.7301	0	-0
12.874	-1.7301	0	-0
14.341	-1.7301	0	-0
15.807	-1.7301	0	-0
-14.985	-3.1964	0	-0
-13.519	-3.1964	0	-0
-12.053	-3.1964	0	-0
-10.587	-3.1964	0	-0
-9.1202	-3.1964	0	-0
-7.6539	-3.1964	0	-0
-6.1876	-3.1964	0	-0
-4.7213	-3.1964	0	-0
-3.255	-3.1964	0.01618	-0.026671
-1.7887	-3.1964	0.016682	-0.026295
-0.32241	-3.1964	0.014256	-0.027728
1.1439	-3.1964	0.011105	-0.02969
2.6102	-3.1964	0.0054886	-0.03134
4.0765	-3.1964	-0.0018595	-0.033308
5.5428	-3.1964	-0.010675	-0.034852
7.0091	-3.1964	-0.017213	-0.037377
8.4754	-3.1964	-0.010302	-0.041733
9.9417	-3.1964	0	-0
11.408	-3.1964	0	-0
12.874	-3.1964	0	-0
14.341	-3.1964	0	-0
15.807	-3.1964	0	-0
-14.985	-4.6627	0	-0
-13.519	-4.6627	0	-0
-12.053	-4.6627	0	-0
-10.587	-4.6627	0	-0
-9.1202	-4.6627	0	-0
-7.6539	-4.6627	0	-0
-6.1876	-4.6627	0	-0
-4.7213	-4.6627	0	-0
-3.255	-4.6627	0.015849	-0.035495
-1.7887	-4.6627	0.014895	-0.036097
-0.32241	-4.6627	0.011257	-0.03632
1.1439	-4.6627	0.0076458	-0.041719
2.6102	-4.6627	0.0018436	-0.046684
4.0765	-4.6627	-0.0050203	-0.048685
5.5428	-4.6627	-0.011857	-0.048732
7.0091	-4.6627	-0.015353	-0.050166
8.4754	-4.6627	-0.00020166	-0.052744
9.9417	-4.6627	0	-0
11.408	-4.6627	0	-0
12.874	-4.6627	0	-0
14.341	-4.6627	0	-0
15.807	-4.6627	0	-0
-14.985	-6.129	0	-0
-13.519	-6.129	0	-0
-12.053	-6.129	0	-0
-10.587	-6.129	0	-0
-9.1202	-6.129	0	-0
-7.6539	-6.129	0	-0
-6.1876	-6.129	0	-0
-4.7213	-6.129	0	-0
-3.255	-6.129	0.014495	-0.045983
-1.7887	-6.129	0.012738	-0.047741
-0.32241	-6.129	0.0067508	-0.049894
1.1439	-6.129	0.00021231	-0.054783
2.6102	-6.129	-0.0023571	-0.059304
4.0765	-6.129	-0.0077367	-0.059827
5.5428	-6.129	-0.012318	-0.05921
7.0091	-6.129	-0.015102	-0.058669
8.4754	-6.129	-0.0027652	-0.058423
9.9417	-6.129	0	-0
11.408	-6.129	0	-0
12.874	-6.129	0	-0
14.341	-6.129	0	-0
15.807	-6.129	0	-0
-14.985	-7.5953	0	-0
-13.519	-7.5953	0	-0
-12.053	-7.5953	0	-0
-10.587	-7.5953	0	-0
-9.1202	-7.5953	0	-0
-7.6539	-7.5953	0	-0
-6.1876	-7.5953	0	-0
-4.7213	-7.5953	0	-0
-3.255	-7.5953	0.012897	-0.054348
-1.7887	-7.5953	0.0088424	-0.057539
-0.32241	-7.5953	0.0029153	-0.060506
1.1439	-7.5953	-0.0026662	-0.065538
2.6102	-7.5953	-0.0048327	-0.07025
4.0765	-7.5953	-0.0087283	-0.069646
5.5428	-7.5953	-0.012785	-0.067142
7.0091	-7.5953	-0.012778	-0.065057
8.4754	-7.5953	-0.0020889	-0.063621
9.9417	-7.5953	0	-0
11.408	-7.5953	0	-0
12.874	-7.5953	0	-0
14.341	-7.5953	0	-0
15.807	-7.5953	0	-0
-14.985	-9.0616	0	-0
-13.519	-9.0616	0	-0
-12.053	-9.0616	0	-0
-10.587	-9.0616	0	-0
-9.1202	-9.0616	0	-0
-7.6539	-9.0616	0	-0
-6.1876	-9.0616	0	-0
-4.7213	-9.0616	0	-0
-3.255	-9.0616	0.0088815	-0.06173
-1.7887	-9.0616	0.0046611	-0.065632
-0.32241	-9.0616	0.00068376	-0.070296
1.1439	-9.0616	-0.0032444	-0.074546
2.6102	-9.0616	-0.005719	-0.077453
4.0765	-9.0616	-0.0095552	-0.077649
5.5428	-9.0616	-0.010839	-0.074977
7.0091	-9.0616	-0.012951	-0.072016
8.4754	-9.0616	-0.0045334	-0.070316
9.9417	-9.0616	0	-0
11.408	-9.0616	0	-0
12.874	-9.0616	0	-0
14.341	-9.0616	0	-0
15.807	-9.0616	0	-0
-14.985	-10.528	0	-0
-13.519	-10.528	0	-0
-12.053	-10.528	0	-0
-10.587	-10.528	0	-0
-9.1202	-10.528	0	-0
-7.6539	-10.528	0	-0
-6.1876	-10.528	0	-0
-4.7213	-10.528	0	-0
-3.255	-10.528	0.0045592	-0.069041
-1.7887	-10.528	0.00060747	-0.073922
-0.32241	-10.528	-0.0016706	-0.0785
1.1439	-10.528	-0.005116	-0.081145
2.6102	-10.528	-0.0071106	-0.084012
4.0765	-10.528	-0.0095585	-0.08516
5.5428	-10.528	-0.010537	-0.083132
7.0091	-10.528	-0.01271	-0.080128
8.4754	-10.528	-0.0074533	-0.077127
9.9417	-10.528	0	-0
11.408	-10.528	0	-0
12.874	-10.528	0	-0
14.341	-10.528	0	-0
15.807	-10.528	0	-0
-14.985	-11.994	0	-0
-13.519	-11.994	0	-0
-12.053	-11.994	0	-0
-10.587	-11.994	0	-0
-9.1202	-11.994	0	-0
-7.6539	-11.994	0	-0
-6.1876	-11.994	0	-0
-4.7213	-11.994	0	-0
-3.255	-11.994	0	-0
-1.7887	-11.994	0	-0
-0.32241	-11.994	0	-0
1.1439	-11.994	0	-0
2.6102	-11.994	0	-0
4.0765	-11.994	0	-0
5.5428	-11.994	0	-0
7.0091	-11.994	0	-0
8.4754	-11.994	0	-0
9.9417	-11.994	0	-0
11.408	-11.994	0	-0
12.874	-11.994	0	-0
14.341	-11.994	0	-0
15.807	-11.994	0	-0
