#DaVis 7.4.0 2D-vector 96 22 22 "" "[mm]" "" "[mm]" "displacement" "[mm]"
-14.985	18.798	0	-0
-13.519	18.798	0	-0
-12.053	18.798	0	-0
-10.587	18.798	0	-0
-9.1202	18.798	0	-0
-7.6539	18.798	0	-0
-6.1876	18.798	0	-0
-4.7213	18.798	0	-0
-3.255	18.798	0	-0
-1.7887	18.798	0	-0
-0.32241	18.798	-0.0031419	0.049285
1.1439	18.798	-0.0042263	0.050482
2.6102	18.798	0.15005	-0.7381
4.0765	18.798	-0.0064881	0.045145
5.5428	18.798	-0.0077898	0.044485
7.0091	18.798	-0.28527	-0.53653
8.4754	18.798	-0.010011	0.039239
9.9417	18.798	-0.0071949	0.048486
11.408	18.798	0	-0
12.874	18.798	0	-0
14.341	18.798	0	-0
15.807	18.798	0	-0
-14.985	17.332	0	-0
-13.519	17.332	0	-0
-12.053	17.332	0	-0
-10.587	17.332	0	-0
-9.1202	17.332	0	-0
-7.6539	17.332	0	-0
-6.1876	17.332	0	-0
-4.7213	17.332	0	-0
-3.255	17.332	0	-0
-1.7887	17.332	-0.0010606	0.043942
-0.32241	17.332	-0.0027714	0.044262
1.1439	17.332	-0.0037568	0.043694
2.6102	17.332	-0.0047189	0.043377
4.0765	17.332	-0.0056467	0.042502
5.5428	17.332	-0.007316	0.043276
7.0091	17.332	-0.0085266	0.043395
8.4754	17.332	-0.0096071	0.043388
9.9417	17.332	-0.0087922	0.046477
11.408	17.332	0	-0
12.874	17.332	0	-0
14.341	17.332	0	-0
15.807	17.332	0	-0
-14.985	15.866	0	-0
-13.519	15.866	0	-0
-12.053	15.866	0	-0
-10.587	15.866	0	-0
-9.1202	15.866	0	-0
-7.6539	15.866	0	-0
-6.1876	15.866	0	-0
-4.7213	15.866	0	-0
-3.255	15.866	0	-0
-1.7887	15.866	-0.00041752	0.039731
-0.32241	15.866	-0.0019271	0.04052
1.1439	15.866	-0.0026774	0.040505
2.6102	15.866	-0.0034781	0.04023
4.0765	15.866	-0.0045188	0.039823
5.5428	15.866	-0.0056581	0.039468
7.0091	15.866	-0.0068186	0.039963
8.4754	15.866	-0.0074887	0.040976
9.9417	15.866	-0.0049353	0.042606
11.408	15.866	0	-0
12.874	15.866	0	-0
14.341	15.866	0	-0
15.807	15.866	0	-0
-14.985	14.399	0	-0
-13.519	14.399	0	-0
-12.053	14.399	0	-0
-10.587	14.399	0	-0
-9.1202	14.399	0	-0
-7.6539	14.399	0	-0
-6.1876	14.399	0	-0
-4.7213	14.399	0	-0
-3.255	14.399	0	-0
-1.7887	14.399	0.00025199	0.036652
-0.32241	14.399	-0.0010275	0.037933
1.1439	14.399	-0.0021084	0.037803
2.6102	14.399	-0.0021519	0.037121
4.0765	14.399	-0.0027549	0.03724
5.5428	14.399	-0.0035869	0.036703
7.0091	14.399	-0.0046559	0.036751
8.4754	14.399	-0.0053403	0.037468
9.9417	14.399	-0.0026599	0.039819
11.408	14.399	0	-0
12.874	14.399	0	-0
14.341	14.399	0	-0
15.807	14.399	0	-0
-14.985	12.933	0	-0
-13.519	12.933	0	-0
-12.053	12.933	0	-0
-10.587	12.933	0	-0
-9.1202	12.933	0	-0
-7.6539	12.933	0	-0
-6.1876	12.933	0	-0
-4.7213	12.933	0	-0
-3.255	12.933	0	-0
-1.7887	12.933	0.0017709	0.033717
-0.32241	12.933	0.00056022	0.034036
1.1439	12.933	2.2591e-005	0.033547
2.6102	12.933	-0.00044845	0.03295
4.0765	12.933	-0.0010594	0.033088
5.5428	12.933	-0.0019923	0.032831
7.0091	12.933	-0.0028971	0.032888
8.4754	12.933	-0.004123	0.033183
9.9417	12.933	-0.0023941	0.033298
11.408	12.933	0	-0
12.874	12.933	0	-0
14.341	12.933	0	-0
15.807	12.933	0	-0
-14.985	11.467	0	-0
-13.519	11.467	0	-0
-12.053	11.467	0	-0
-10.587	11.467	0	-0
-9.1202	11.467	0	-0
-7.6539	11.467	0	-0
-6.1876	11.467	0	-0
-4.7213	11.467	0	-0
-3.255	11.467	0	-0
-1.7887	11.467	0.0031912	0.030014
-0.32241	11.467	0.0022856	0.030169
1.1439	11.467	0.0011383	0.029854
2.6102	11.467	0.00082712	0.028677
4.0765	11.467	0.00030519	0.027711
5.5428	11.467	-0.00061635	0.027511
7.0091	11.467	-0.0021755	0.027609
8.4754	11.467	-0.0029502	0.028432
9.9417	11.467	-0.0010207	0.02889
11.408	11.467	0	-0
12.874	11.467	0	-0
14.341	11.467	0	-0
15.807	11.467	0	-0
-14.985	10	0	-0
-13.519	10	0	-0
-12.053	10	0	-0
-10.587	10	0	-0
-9.1202	10	0	-0
-7.6539	10	0	-0
-6.1876	10	0	-0
-4.7213	10	0	-0
-3.255	10	0	-0
-1.7887	10	0.0042501	0.02724
-0.32241	10	0.0037834	0.026918
1.1439	10	0.0020436	0.027219
2.6102	10	0.001328	0.025778
4.0765	10	0.00071038	0.023816
5.5428	10	3.1792e-005	0.022895
7.0091	10	-0.0017869	0.022721
8.4754	10	-0.0024063	0.023551
9.9417	10	-0.00010197	0.024438
11.408	10	0	-0
12.874	10	0	-0
14.341	10	0	-0
15.807	10	0	-0
-14.985	8.534	0	-0
-13.519	8.534	0	-0
-12.053	8.534	0	-0
-10.587	8.534	0	-0
-9.1202	8.534	0	-0
-7.6539	8.534	0	-0
-6.1876	8.534	0	-0
-4.7213	8.534	0	-0
-3.255	8.534	0	-0
-1.7887	8.534	0.0043297	0.024064
-0.32241	8.534	0.0039291	0.023662
1.1439	8.534	0.0024392	0.023856
2.6102	8.534	0.0011279	0.022576
4.0765	8.534	0.00052482	0.021216
5.5428	8.534	-0.00020671	0.019678
7.0091	8.534	-0.0015888	0.018903
8.4754	8.534	-0.0025475	0.019978
9.9417	8.534	-0.00025648	0.020651
11.408	8.534	0	-0
12.874	8.534	0	-0
14.341	8.534	0	-0
15.807	8.534	0	-0
-14.985	7.0677	0	-0
-13.519	7.0677	0	-0
-12.053	7.0677	0	-0
-10.587	7.0677	0	-0
-9.1202	7.0677	0	-0
-7.6539	7.0677	0	-0
-6.1876	7.0677	0	-0
-4.7213	7.0677	0	-0
-3.255	7.0677	0	-0
-1.7887	7.0677	0.0046166	0.020631
-0.32241	7.0677	0.0042692	0.01964
1.1439	7.0677	0.0026147	0.019544
2.6102	7.0677	0.0009429	0.018894
4.0765	7.0677	-0.00058265	0.017979
5.5428	7.0677	-0.0012245	0.016601
7.0091	7.0677	-0.0024245	0.014883
8.4754	7.0677	-0.003846	0.015369
9.9417	7.0677	-0.0011931	0.016206
11.408	7.0677	0	-0
12.874	7.0677	0	-0
14.341	7.0677	0	-0
15.807	7.0677	0	-0
-14.985	5.6014	0	-0
-13.519	5.6014	0	-0
-12.053	5.6014	0	-0
-10.587	5.6014	0	-0
-9.1202	5.6014	0	-0
-7.6539	5.6014	0	-0
-6.1876	5.6014	0	-0
-4.7213	5.6014	0	-0
-3.255	5.6014	0	-0
-1.7887	5.6014	0.0056366	0.016409
-0.32241	5.6014	0.0050077	0.015399
1.1439	5.6014	0.0037924	0.014496
2.6102	5.6014	0.001181	0.013957
4.0765	5.6014	-0.00099843	0.014057
5.5428	5.6014	-0.0021836	0.012751
7.0091	5.6014	-0.0039515	0.011097
8.4754	5.6014	-0.0045114	0.010505
9.9417	5.6014	-0.0016518	0.011291
11.408	5.6014	0	-0
12.874	5.6014	0	-0
14.341	5.6014	0	-0
15.807	5.6014	0	-0
-14.985	4.1351	0	-0
-13.519	4.1351	0	-0
-12.053	4.1351	0	-0
-10.587	4.1351	0	-0
-9.1202	4.1351	0	-0
-7.6539	4.1351	0	-0
-6.1876	4.1351	0	-0
-4.7213	4.1351	0	-0
-3.255	4.1351	0	-0
-1.7887	4.1351	0.0066887	0.012516
-0.32241	4.1351	0.0056659	0.011224
1.1439	4.1351	0.0046769	0.010044
2.6102	4.1351	0.0021429	0.0091255
4.0765	4.1351	0.00039312	0.0087521
5.5428	4.1351	-0.0014862	0.0076349
7.0091	4.1351	-0.0040173	0.0068196
8.4754	4.1351	-0.0047193	0.0060984
9.9417	4.1351	-0.0024483	0.0066858
11.408	4.1351	0	-0
12.874	4.1351	0	-0
14.341	4.1351	0	-0
15.807	4.1351	0	-0
-14.985	2.6688	0	-0
-13.519	2.6688	0	-0
-12.053	2.6688	0	-0
-10.587	2.6688	0	-0
-9.1202	2.6688	0	-0
-7.6539	2.6688	0	-0
-6.1876	2.6688	0	-0
-4.7213	2.6688	0	-0
-3.255	2.6688	0	-0
-1.7887	2.6688	0.0070905	0.0079061
-0.32241	2.6688	0.0065187	0.0058324
1.1439	2.6688	0.005123	0.0047556
2.6102	2.6688	0.0033527	0.004186
4.0765	2.6688	0.0016226	0.0037757
5.5428	2.6688	6.1963e-005	0.0031262
7.0091	2.6688	-0.0022509	0.0023668
8.4754	2.6688	-0.0032625	0.001834
9.9417	2.6688	-0.0014978	0.0021122
11.408	2.6688	0	-0
12.874	2.6688	0	-0
14.341	2.6688	0	-0
15.807	2.6688	0	-0
-14.985	1.2025	0	-0
-13.519	1.2025	0	-0
-12.053	1.2025	0	-0
-10.587	1.2025	0	-0
-9.1202	1.2025	0	-0
-7.6539	1.2025	0	-0
-6.1876	1.2025	0	-0
-4.7213	1.2025	0	-0
-3.255	1.2025	0	-0
-1.7887	1.2025	0.0075693	0.0031398
-0.32241	1.2025	0.0070069	0.0018709
1.1439	1.2025	0.0050308	0.00049583
2.6102	1.2025	0.0037715	-0.00064691
4.0765	1.2025	0.0023497	-0.00090979
5.5428	1.2025	0.0013802	-0.0014185
7.0091	1.2025	-0.00032334	-0.0020666
8.4754	1.2025	-0.0018824	-0.0024136
9.9417	1.2025	-0.00059962	-0.0026822
11.408	1.2025	0	-0
12.874	1.2025	0	-0
14.341	1.2025	0	-0
15.807	1.2025	0	-0
-14.985	-0.2638	0	-0
-13.519	-0.2638	0	-0
-12.053	-0.2638	0	-0
-10.587	-0.2638	0	-0
-9.1202	-0.2638	0	-0
-7.6539	-0.2638	0	-0
-6.1876	-0.2638	0	-0
-4.7213	-0.2638	0	-0
-3.255	-0.2638	0	-0
-1.7887	-0.2638	0.006924	-0.0013574
-0.32241	-0.2638	0.0054996	-0.0029146
1.1439	-0.2638	0.0047911	-0.0043065
2.6102	-0.2638	0.003587	-0.0048607
4.0765	-0.2638	0.0020811	-0.004452
5.5428	-0.2638	0.00085728	-0.0048023
7.0091	-0.2638	-0.0010293	-0.0062487
8.4754	-0.2638	-0.0022682	-0.0073875
9.9417	-0.2638	-0.0001809	-0.0081161
11.408	-0.2638	0	-0
12.874	-0.2638	0	-0
14.341	-0.2638	0	-0
15.807	-0.2638	0	-0
-14.985	-1.7301	0	-0
-13.519	-1.7301	0	-0
-12.053	-1.7301	0	-0
-10.587	-1.7301	0	-0
-9.1202	-1.7301	0	-0
-7.6539	-1.7301	0	-0
-6.1876	-1.7301	0	-0
-4.7213	-1.7301	0	-0
-3.255	-1.7301	0	-0
-1.7887	-1.7301	0.0053979	-0.0057613
-0.32241	-1.7301	0.0046566	-0.0066171
1.1439	-1.7301	0.0041776	-0.0067838
2.6102	-1.7301	0.0020389	-0.008775
4.0765	-1.7301	0.00070764	-0.0089785
5.5428	-1.7301	-0.00095439	-0.0089012
7.0091	-1.7301	-0.0028426	-0.010583
8.4754	-1.7301	-0.0039915	-0.012586
9.9417	-1.7301	-0.0021223	-0.013715
11.408	-1.7301	0	-0
12.874	-1.7301	0	-0
14.341	-1.7301	0	-0
15.807	-1.7301	0	-0
-14.985	-3.1964	0	-0
-13.519	-3.1964	0	-0
-12.053	-3.1964	0	-0
-10.587	-3.1964	0	-0
-9.1202	-3.1964	0	-0
-7.6539	-3.1964	0	-0
-6.1876	-3.1964	0	-0
-4.7213	-3.1964	0	-0
-3.255	-3.1964	0	-0
-1.7887	-3.1964	0.0041494	-0.0094206
-0.32241	-3.1964	0.003505	-0.01036
1.1439	-3.1964	0.0028153	-0.010412
2.6102	-3.1964	0.00094803	-0.013077
4.0765	-3.1964	-0.00053264	-0.013841
5.5428	-3.1964	-0.0024831	-0.014798
7.0091	-3.1964	-0.005121	-0.016707
8.4754	-3.1964	-0.0066336	-0.018405
9.9417	-3.1964	-0.0035841	-0.019773
11.408	-3.1964	0	-0
12.874	-3.1964	0	-0
14.341	-3.1964	0	-0
15.807	-3.1964	0	-0
-14.985	-4.6627	0	-0
-13.519	-4.6627	0	-0
-12.053	-4.6627	0	-0
-10.587	-4.6627	0	-0
-9.1202	-4.6627	0	-0
-7.6539	-4.6627	0	-0
-6.1876	-4.6627	0	-0
-4.7213	-4.6627	0	-0
-3.255	-4.6627	0	-0
-1.7887	-4.6627	0.0027564	-0.013371
-0.32241	-4.6627	0.0019821	-0.014259
1.1439	-4.6627	0.0010104	-0.015478
2.6102	-4.6627	0.00014254	-0.017502
4.0765	-4.6627	-0.0016971	-0.018959
5.5428	-4.6627	-0.0038464	-0.020291
7.0091	-4.6627	-0.0071807	-0.022094
8.4754	-4.6627	-0.0084832	-0.024236
9.9417	-4.6627	-0.0042968	-0.026661
11.408	-4.6627	0	-0
12.874	-4.6627	0	-0
14.341	-4.6627	0	-0
15.807	-4.6627	0	-0
-14.985	-6.129	0	-0
-13.519	-6.129	0	-0
-12.053	-6.129	0	-0
-10.587	-6.129	0	-0
-9.1202	-6.129	0	-0
-7.6539	-6.129	0	-0
-6.1876	-6.129	0	-0
-4.7213	-6.129	0	-0
-3.255	-6.129	0	-0
-1.7887	-6.129	0.001848	-0.018446
-0.32241	-6.129	0.0006416	-0.018779
1.1439	-6.129	-0.00063222	-0.020024
2.6102	-6.129	-0.0018184	-0.021774
4.0765	-6.129	-0.0034182	-0.022999
5.5428	-6.129	-0.0051848	-0.024475
7.0091	-6.129	-0.0078701	-0.026459
8.4754	-6.129	-0.0089263	-0.02872
9.9417	-6.129	-0.0043946	-0.032444
11.408	-6.129	0	-0
12.874	-6.129	0	-0
14.341	-6.129	0	-0
15.807	-6.129	0	-0
-14.985	-7.5953	0	-0
-13.519	-7.5953	0	-0
-12.053	-7.5953	0	-0
-10.587	-7.5953	0	-0
-9.1202	-7.5953	0	-0
-7.6539	-7.5953	0	-0
-6.1876	-7.5953	0	-0
-4.7213	-7.5953	0	-0
-3.255	-7.5953	0	-0
-1.7887	-7.5953	0.0006094	-0.020878
-0.32241	-7.5953	-0.0010669	-0.022243
1.1439	-7.5953	-0.0027839	-0.023602
2.6102	-7.5953	-0.0037207	-0.024629
4.0765	-7.5953	-0.0048208	-0.026085
5.5428	-7.5953	-0.0062112	-0.028017
7.0091	-7.5953	-0.0085856	-0.030535
8.4754	-7.5953	-0.0085355	-0.034043
9.9417	-7.5953	-0.0044561	-0.037992
11.408	-7.5953	0	-0
12.874	-7.5953	0	-0
14.341	-7.5953	0	-0
15.807	-7.5953	0	-0
-14.985	-9.0616	0	-0
-13.519	-9.0616	0	-0
-12.053	-9.0616	0	-0
-10.587	-9.0616	0	-0
-9.1202	-9.0616	0	-0
-7.6539	-9.0616	0	-0
-6.1876	-9.0616	0	-0
-4.7213	-9.0616	0	-0
-3.255	-9.0616	0	-0
-1.7887	-9.0616	-0.00055272	-0.024076
-0.32241	-9.0616	-0.0027338	-0.025112
1.1439	-9.0616	-0.0039766	-0.02579
2.6102	-9.0616	-0.0050267	-0.027164
4.0765	-9.0616	-0.0054694	-0.0289
5.5428	-9.0616	-0.0078954	-0.032075
7.0091	-9.0616	-0.0091246	-0.035876
8.4754	-9.0616	-0.010202	-0.039418
9.9417	-9.0616	-0.0044308	-0.043975
11.408	-9.0616	0	-0
12.874	-9.0616	0	-0
14.341	-9.0616	0	-0
15.807	-9.0616	0	-0
-14.985	-10.528	0	-0
-13.519	-10.528	0	-0
-12.053	-10.528	0	-0
-10.587	-10.528	0	-0
-9.1202	-10.528	0	-0
-7.6539	-10.528	0	-0
-6.1876	-10.528	0	-0
-4.7213	-10.528	0	-0
-3.255	-10.528	0	-0
-1.7887	-10.528	-0.00094396	-0.02739
-0.32241	-10.528	-0.0036749	-0.02901
1.1439	-10.528	-0.0052005	-0.02957
2.6102	-10.528	-0.0061037	-0.030808
4.0765	-10.528	-0.0073884	-0.033436
5.5428	-10.528	-0.0089297	-0.037
7.0091	-10.528	-0.0093759	-0.040988
8.4754	-10.528	-0.010627	-0.045412
9.9417	-10.528	-0.0042634	-0.05031
11.408	-10.528	0	-0
12.874	-10.528	0	-0
14.341	-10.528	0	-0
15.807	-10.528	0	-0
-14.985	-11.994	0	-0
-13.519	-11.994	0	-0
-12.053	-11.994	0	-0
-10.587	-11.994	0	-0
-9.1202	-11.994	0	-0
-7.6539	-11.994	0	-0
-6.1876	-11.994	0	-0
-4.7213	-11.994	0	-0
-3.255	-11.994	0	-0
-1.7887	-11.994	0	-0
-0.32241	-11.994	0	-0
1.1439	-11.994	0	-0
2.6102	-11.994	0	-0
4.0765	-11.994	0	-0
5.5428	-11.994	0	-0
7.0091	-11.994	0	-0
8.4754	-11.994	0	-0
9.9417	-11.994	0	-0
11.408	-11.994	0	-0
12.874	-11.994	0	-0
14.341	-11.994	0	-0
15.807	-11.994	0	-0
