#DaVis 7.4.0 2D-vector 96 22 22 "" "[mm]" "" "[mm]" "displacement" "[mm]"
-14.985	18.798	0	-0
-13.519	18.798	0	-0
-12.053	18.798	0	-0
-10.587	18.798	0	-0
-9.1202	18.798	0	-0
-7.6539	18.798	0	-0
-6.1876	18.798	0	-0
-4.7213	18.798	0	-0
-3.255	18.798	0	-0
-1.7887	18.798	0	-0
-0.32241	18.798	-0.0046648	0.017261
1.1439	18.798	-0.0050107	0.025271
2.6102	18.798	-0.0070639	0.022085
4.0765	18.798	-0.0074298	0.021748
5.5428	18.798	-0.0077961	0.017486
7.0091	18.798	-0.0086049	0.014496
8.4754	18.798	-0.0089616	0.021108
9.9417	18.798	-0.0050504	0.018609
11.408	18.798	0	-0
12.874	18.798	0	-0
14.341	18.798	0	-0
15.807	18.798	0	-0
-14.985	17.332	0	-0
-13.519	17.332	0	-0
-12.053	17.332	0	-0
-10.587	17.332	0	-0
-9.1202	17.332	0	-0
-7.6539	17.332	0	-0
-6.1876	17.332	0	-0
-4.7213	17.332	0	-0
-3.255	17.332	0	-0
-1.7887	17.332	-0.0032943	0.021392
-0.32241	17.332	-0.0043313	0.022291
1.1439	17.332	-0.0050832	0.022898
2.6102	17.332	-0.0060971	0.022137
4.0765	17.332	-0.0063995	0.021834
5.5428	17.332	-0.0073185	0.022978
7.0091	17.332	-0.0076228	0.023166
8.4754	17.332	-0.0083851	0.023296
9.9417	17.332	-0.0072786	0.02468
11.408	17.332	0	-0
12.874	17.332	0	-0
14.341	17.332	0	-0
15.807	17.332	0	-0
-14.985	15.866	0	-0
-13.519	15.866	0	-0
-12.053	15.866	0	-0
-10.587	15.866	0	-0
-9.1202	15.866	0	-0
-7.6539	15.866	0	-0
-6.1876	15.866	0	-0
-4.7213	15.866	0	-0
-3.255	15.866	0	-0
-1.7887	15.866	-0.002667	0.01928
-0.32241	15.866	-0.0036846	0.020202
1.1439	15.866	-0.0042991	0.02075
2.6102	15.866	-0.004754	0.020814
4.0765	15.866	-0.0055004	0.020966
5.5428	15.866	-0.0058165	0.021073
7.0091	15.866	-0.0065967	0.021874
8.4754	15.866	-0.0069147	0.022226
9.9417	15.866	-0.0055347	0.022668
11.408	15.866	0	-0
12.874	15.866	0	-0
14.341	15.866	0	-0
15.807	15.866	0	-0
-14.985	14.399	0	-0
-13.519	14.399	0	-0
-12.053	14.399	0	-0
-10.587	14.399	0	-0
-9.1202	14.399	0	-0
-7.6539	14.399	0	-0
-6.1876	14.399	0	-0
-4.7213	14.399	0	-0
-3.255	14.399	0	-0
-1.7887	14.399	-0.0020724	0.017832
-0.32241	14.399	-0.0028444	0.018927
1.1439	14.399	-0.0036471	0.018983
2.6102	14.399	-0.0036435	0.018806
4.0765	14.399	-0.00412	0.019178
5.5428	14.399	-0.0043439	0.019143
7.0091	14.399	-0.004999	0.01964
8.4754	14.399	-0.0055456	0.020598
9.9417	14.399	-0.0056909	0.021451
11.408	14.399	0	-0
12.874	14.399	0	-0
14.341	14.399	0	-0
15.807	14.399	0	-0
-14.985	12.933	0	-0
-13.519	12.933	0	-0
-12.053	12.933	0	-0
-10.587	12.933	0	-0
-9.1202	12.933	0	-0
-7.6539	12.933	0	-0
-6.1876	12.933	0	-0
-4.7213	12.933	0	-0
-3.255	12.933	0	-0
-1.7887	12.933	-0.00083393	0.016432
-0.32241	12.933	-0.0015916	0.016881
1.1439	12.933	-0.0019111	0.016764
2.6102	12.933	-0.0022977	0.016581
4.0765	12.933	-0.0027839	0.01717
5.5428	12.933	-0.0031611	0.017181
7.0091	12.933	-0.0036503	0.017503
8.4754	12.933	-0.0045181	0.018045
9.9417	12.933	-0.0050547	0.018331
11.408	12.933	0	-0
12.874	12.933	0	-0
14.341	12.933	0	-0
15.807	12.933	0	-0
-14.985	11.467	0	-0
-13.519	11.467	0	-0
-12.053	11.467	0	-0
-10.587	11.467	0	-0
-9.1202	11.467	0	-0
-7.6539	11.467	0	-0
-6.1876	11.467	0	-0
-4.7213	11.467	0	-0
-3.255	11.467	0	-0
-1.7887	11.467	0.00014542	0.014676
-0.32241	11.467	-0.00050614	0.015112
1.1439	11.467	-0.0010893	0.015488
2.6102	11.467	-0.0012849	0.015121
4.0765	11.467	-0.0016827	0.014549
5.5428	11.467	-0.0021854	0.014784
7.0091	11.467	-0.0028068	0.015201
8.4754	11.467	-0.0037029	0.015727
9.9417	11.467	-0.0043165	0.016191
11.408	11.467	0	-0
12.874	11.467	0	-0
14.341	11.467	0	-0
15.807	11.467	0	-0
-14.985	10	0	-0
-13.519	10	0	-0
-12.053	10	0	-0
-10.587	10	0	-0
-9.1202	10	0	-0
-7.6539	10	0	-0
-6.1876	10	0	-0
-4.7213	10	0	-0
-3.255	10	0	-0
-1.7887	10	0.00096202	0.013321
-0.32241	10	0.0004837	0.013417
1.1439	10	-0.00052262	0.013981
2.6102	10	-0.00095976	0.013544
4.0765	10	-0.0012922	0.012672
5.5428	10	-0.001501	0.012585
7.0091	10	-0.0021474	0.012732
8.4754	10	-0.0030173	0.01336
9.9417	10	-0.0036766	0.014175
11.408	10	0	-0
12.874	10	0	-0
14.341	10	0	-0
15.807	10	0	-0
-14.985	8.534	0	-0
-13.519	8.534	0	-0
-12.053	8.534	0	-0
-10.587	8.534	0	-0
-9.1202	8.534	0	-0
-7.6539	8.534	0	-0
-6.1876	8.534	0	-0
-4.7213	8.534	0	-0
-3.255	8.534	0	-0
-1.7887	8.534	0.0011265	0.01164
-0.32241	8.534	0.00078205	0.011526
1.1439	8.534	-9.9824e-005	0.012035
2.6102	8.534	-0.00088725	0.011789
4.0765	8.534	-0.00085702	0.010975
5.5428	8.534	-0.0013734	0.010763
7.0091	8.534	-0.0018522	0.010774
8.4754	8.534	-0.0028927	0.011577
9.9417	8.534	-0.0035227	0.01215
11.408	8.534	0	-0
12.874	8.534	0	-0
14.341	8.534	0	-0
15.807	8.534	0	-0
-14.985	7.0677	0	-0
-13.519	7.0677	0	-0
-12.053	7.0677	0	-0
-10.587	7.0677	0	-0
-9.1202	7.0677	0	-0
-7.6539	7.0677	0	-0
-6.1876	7.0677	0	-0
-4.7213	7.0677	0	-0
-3.255	7.0677	0	-0
-1.7887	7.0677	0.0016022	0.0096566
-0.32241	7.0677	0.0013743	0.009355
1.1439	7.0677	0.00029115	0.0097787
2.6102	7.0677	-0.00057091	0.009758
4.0765	7.0677	-0.0016356	0.0098457
5.5428	7.0677	-0.0018003	0.0092728
7.0091	7.0677	-0.0021374	0.0087194
8.4754	7.0677	-0.003117	0.0090783
9.9417	7.0677	-0.0037405	0.0098499
11.408	7.0677	0	-0
12.874	7.0677	0	-0
14.341	7.0677	0	-0
15.807	7.0677	0	-0
-14.985	5.6014	0	-0
-13.519	5.6014	0	-0
-12.053	5.6014	0	-0
-10.587	5.6014	0	-0
-9.1202	5.6014	0	-0
-7.6539	5.6014	0	-0
-6.1876	5.6014	0	-0
-4.7213	5.6014	0	-0
-3.255	5.6014	0	-0
-1.7887	5.6014	0.0024344	0.0074747
-0.32241	5.6014	0.0021524	0.0070741
1.1439	5.6014	0.001299	0.0068835
2.6102	5.6014	-5.5725e-005	0.0070563
4.0765	5.6014	-0.00096926	0.0075028
5.5428	5.6014	-0.001886	0.007043
7.0091	5.6014	-0.0027083	0.0064444
8.4754	5.6014	-0.0032441	0.0064395
9.9417	5.6014	-0.003765	0.0071803
11.408	5.6014	0	-0
12.874	5.6014	0	-0
14.341	5.6014	0	-0
15.807	5.6014	0	-0
-14.985	4.1351	0	-0
-13.519	4.1351	0	-0
-12.053	4.1351	0	-0
-10.587	4.1351	0	-0
-9.1202	4.1351	0	-0
-7.6539	4.1351	0	-0
-6.1876	4.1351	0	-0
-4.7213	4.1351	0	-0
-3.255	4.1351	0	-0
-1.7887	4.1351	0.003304	0.0051127
-0.32241	4.1351	0.002746	0.0043572
1.1439	4.1351	0.0021813	0.0036769
2.6102	4.1351	0.00095608	0.0037188
4.0765	4.1351	0.00015259	0.0041469
5.5428	4.1351	-0.0011985	0.0037242
7.0091	4.1351	-0.0023855	0.0034921
8.4754	4.1351	-0.0030746	0.003715
9.9417	4.1351	-0.0036403	0.0043313
11.408	4.1351	0	-0
12.874	4.1351	0	-0
14.341	4.1351	0	-0
15.807	4.1351	0	-0
-14.985	2.6688	0	-0
-13.519	2.6688	0	-0
-12.053	2.6688	0	-0
-10.587	2.6688	0	-0
-9.1202	2.6688	0	-0
-7.6539	2.6688	0	-0
-6.1876	2.6688	0	-0
-4.7213	2.6688	0	-0
-3.255	2.6688	0	-0
-1.7887	2.6688	0.0038735	0.0022112
-0.32241	2.6688	0.0035617	0.0015209
1.1439	2.6688	0.0026871	0.00097442
2.6102	2.6688	0.0016432	0.0010022
4.0765	2.6688	0.00067141	0.0011441
5.5428	2.6688	-0.00015128	0.00092136
7.0091	2.6688	-0.0010962	0.00090809
8.4754	2.6688	-0.0020672	0.0010287
9.9417	2.6688	-0.0027156	0.0013166
11.408	2.6688	0	-0
12.874	2.6688	0	-0
14.341	2.6688	0	-0
15.807	2.6688	0	-0
-14.985	1.2025	0	-0
-13.519	1.2025	0	-0
-12.053	1.2025	0	-0
-10.587	1.2025	0	-0
-9.1202	1.2025	0	-0
-7.6539	1.2025	0	-0
-6.1876	1.2025	0	-0
-4.7213	1.2025	0	-0
-3.255	1.2025	0	-0
-1.7887	1.2025	0.0043728	-4.72e-005
-0.32241	1.2025	0.0040763	-0.00088002
1.1439	1.2025	0.0028994	-0.0011939
2.6102	1.2025	0.002258	-0.0014628
4.0765	1.2025	0.0013258	-0.001115
5.5428	1.2025	0.00074582	-0.0013203
7.0091	1.2025	5.1041e-005	-0.001328
8.4754	1.2025	-0.0010414	-0.0013102
9.9417	1.2025	-0.0018892	-0.00121
11.408	1.2025	0	-0
12.874	1.2025	0	-0
14.341	1.2025	0	-0
15.807	1.2025	0	-0
-14.985	-0.2638	0	-0
-13.519	-0.2638	0	-0
-12.053	-0.2638	0	-0
-10.587	-0.2638	0	-0
-9.1202	-0.2638	0	-0
-7.6539	-0.2638	0	-0
-6.1876	-0.2638	0	-0
-4.7213	-0.2638	0	-0
-3.255	-0.2638	0	-0
-1.7887	-0.2638	0.0043172	-0.002354
-0.32241	-0.2638	0.0035206	-0.0034678
1.1439	-0.2638	0.0031611	-0.0039122
2.6102	-0.2638	0.0023087	-0.0036564
4.0765	-0.2638	0.0015908	-0.0031974
5.5428	-0.2638	0.00088591	-0.0031163
7.0091	-0.2638	0.00014275	-0.0035498
8.4754	-0.2638	-0.00099895	-0.0040032
9.9417	-0.2638	-0.0016615	-0.0039974
11.408	-0.2638	0	-0
12.874	-0.2638	0	-0
14.341	-0.2638	0	-0
15.807	-0.2638	0	-0
-14.985	-1.7301	0	-0
-13.519	-1.7301	0	-0
-12.053	-1.7301	0	-0
-10.587	-1.7301	0	-0
-9.1202	-1.7301	0	-0
-7.6539	-1.7301	0	-0
-6.1876	-1.7301	0	-0
-4.7213	-1.7301	0	-0
-3.255	-1.7301	0	-0
-1.7887	-1.7301	0.0037387	-0.0049457
-0.32241	-1.7301	0.0032957	-0.0052469
1.1439	-1.7301	0.0029935	-0.0065109
2.6102	-1.7301	0.0018715	-0.0058626
4.0765	-1.7301	0.0012514	-0.0056278
5.5428	-1.7301	0.00023887	-0.0051796
7.0091	-1.7301	-0.00056635	-0.0058503
8.4754	-1.7301	-0.0015133	-0.0067748
9.9417	-1.7301	-0.0024993	-0.0072921
11.408	-1.7301	0	-0
12.874	-1.7301	0	-0
14.341	-1.7301	0	-0
15.807	-1.7301	0	-0
-14.985	-3.1964	0	-0
-13.519	-3.1964	0	-0
-12.053	-3.1964	0	-0
-10.587	-3.1964	0	-0
-9.1202	-3.1964	0	-0
-7.6539	-3.1964	0	-0
-6.1876	-3.1964	0	-0
-4.7213	-3.1964	0	-0
-3.255	-3.1964	0	-0
-1.7887	-3.1964	0.0033304	-0.00671
-0.32241	-3.1964	0.0029419	-0.0071467
1.1439	-3.1964	0.0024202	-0.0074393
2.6102	-3.1964	0.0016891	-0.0081587
4.0765	-3.1964	0.00079017	-0.0080268
5.5428	-3.1964	-0.00031403	-0.008117
7.0091	-3.1964	-0.0014945	-0.0088822
8.4754	-3.1964	-0.0024643	-0.0099836
9.9417	-3.1964	-0.0032941	-0.010654
11.408	-3.1964	0	-0
12.874	-3.1964	0	-0
14.341	-3.1964	0	-0
15.807	-3.1964	0	-0
-14.985	-4.6627	0	-0
-13.519	-4.6627	0	-0
-12.053	-4.6627	0	-0
-10.587	-4.6627	0	-0
-9.1202	-4.6627	0	-0
-7.6539	-4.6627	0	-0
-6.1876	-4.6627	0	-0
-4.7213	-4.6627	0	-0
-3.255	-4.6627	0	-0
-1.7887	-4.6627	0.0027755	-0.0086418
-0.32241	-4.6627	0.0024201	-0.0091302
1.1439	-4.6627	0.0019519	-0.0094936
2.6102	-4.6627	0.0013804	-0.010383
4.0765	-4.6627	0.00042398	-0.010771
5.5428	-4.6627	-0.00079324	-0.011289
7.0091	-4.6627	-0.0022754	-0.011981
8.4754	-4.6627	-0.0033025	-0.013046
9.9417	-4.6627	-0.003731	-0.013852
11.408	-4.6627	0	-0
12.874	-4.6627	0	-0
14.341	-4.6627	0	-0
15.807	-4.6627	0	-0
-14.985	-6.129	0	-0
-13.519	-6.129	0	-0
-12.053	-6.129	0	-0
-10.587	-6.129	0	-0
-9.1202	-6.129	0	-0
-7.6539	-6.129	0	-0
-6.1876	-6.129	0	-0
-4.7213	-6.129	0	-0
-3.255	-6.129	0	-0
-1.7887	-6.129	0.0021943	-0.011422
-0.32241	-6.129	0.0021374	-0.01158
1.1439	-6.129	0.0013448	-0.011846
2.6102	-6.129	0.00063127	-0.012703
4.0765	-6.129	-0.00035081	-0.013171
5.5428	-6.129	-0.0012719	-0.013654
7.0091	-6.129	-0.0024426	-0.014666
8.4754	-6.129	-0.0032224	-0.015679
9.9417	-6.129	-0.0038926	-0.01684
11.408	-6.129	0	-0
12.874	-6.129	0	-0
14.341	-6.129	0	-0
15.807	-6.129	0	-0
-14.985	-7.5953	0	-0
-13.519	-7.5953	0	-0
-12.053	-7.5953	0	-0
-10.587	-7.5953	0	-0
-9.1202	-7.5953	0	-0
-7.6539	-7.5953	0	-0
-6.1876	-7.5953	0	-0
-4.7213	-7.5953	0	-0
-3.255	-7.5953	0	-0
-1.7887	-7.5953	0.0017331	-0.012973
-0.32241	-7.5953	0.0015591	-0.013584
1.1439	-7.5953	0.00065448	-0.013936
2.6102	-7.5953	-2.1946e-005	-0.01436
4.0765	-7.5953	-0.00059197	-0.014888
5.5428	-7.5953	-0.001389	-0.0158
7.0091	-7.5953	-0.0023762	-0.016952
8.4754	-7.5953	-0.003158	-0.018371
9.9417	-7.5953	-0.0038737	-0.020065
11.408	-7.5953	0	-0
12.874	-7.5953	0	-0
14.341	-7.5953	0	-0
15.807	-7.5953	0	-0
-14.985	-9.0616	0	-0
-13.519	-9.0616	0	-0
-12.053	-9.0616	0	-0
-10.587	-9.0616	0	-0
-9.1202	-9.0616	0	-0
-7.6539	-9.0616	0	-0
-6.1876	-9.0616	0	-0
-4.7213	-9.0616	0	-0
-3.255	-9.0616	0	-0
-1.7887	-9.0616	0.0011071	-0.014852
-0.32241	-9.0616	0.00084719	-0.015269
1.1439	-9.0616	8.8856e-005	-0.015423
2.6102	-9.0616	-0.00038795	-0.015848
4.0765	-9.0616	-0.00050531	-0.016402
5.5428	-9.0616	-0.0015761	-0.017919
7.0091	-9.0616	-0.0025023	-0.01987
8.4754	-9.0616	-0.0036311	-0.021291
9.9417	-9.0616	-0.0039428	-0.023284
11.408	-9.0616	0	-0
12.874	-9.0616	0	-0
14.341	-9.0616	0	-0
15.807	-9.0616	0	-0
-14.985	-10.528	0	-0
-13.519	-10.528	0	-0
-12.053	-10.528	0	-0
-10.587	-10.528	0	-0
-9.1202	-10.528	0	-0
-7.6539	-10.528	0	-0
-6.1876	-10.528	0	-0
-4.7213	-10.528	0	-0
-3.255	-10.528	0	-0
-1.7887	-10.528	0.0005224	-0.016779
-0.32241	-10.528	0.0001401	-0.017461
1.1439	-10.528	-0.00055643	-0.016984
2.6102	-10.528	-0.0012027	-0.017427
4.0765	-10.528	-0.0014182	-0.018838
5.5428	-10.528	-0.0019776	-0.020543
7.0091	-10.528	-0.0026094	-0.022562
8.4754	-10.528	-0.0037216	-0.024469
9.9417	-10.528	-0.004092	-0.026522
11.408	-10.528	0	-0
12.874	-10.528	0	-0
14.341	-10.528	0	-0
15.807	-10.528	0	-0
-14.985	-11.994	0	-0
-13.519	-11.994	0	-0
-12.053	-11.994	0	-0
-10.587	-11.994	0	-0
-9.1202	-11.994	0	-0
-7.6539	-11.994	0	-0
-6.1876	-11.994	0	-0
-4.7213	-11.994	0	-0
-3.255	-11.994	0	-0
-1.7887	-11.994	0	-0
-0.32241	-11.994	0	-0
1.1439	-11.994	0	-0
2.6102	-11.994	0	-0
4.0765	-11.994	0	-0
5.5428	-11.994	0	-0
7.0091	-11.994	0	-0
8.4754	-11.994	0	-0
9.9417	-11.994	0	-0
11.408	-11.994	0	-0
12.874	-11.994	0	-0
14.341	-11.994	0	-0
15.807	-11.994	0	-0
