#DaVis 7.4.0 2D-vector 96 22 22 "" "[mm]" "" "[mm]" "displacement" "[mm]"
-14.985	18.798	0	-0
-13.519	18.798	0	-0
-12.053	18.798	0	-0
-10.587	18.798	0	-0
-9.1202	18.798	0	-0
-7.6539	18.798	0	-0
-6.1876	18.798	0	-0
-4.7213	18.798	0	-0
-3.255	18.798	0	-0
-1.7887	18.798	0	-0
-0.32241	18.798	-0.00098914	0.014702
1.1439	18.798	-0.0011676	0.0156
2.6102	18.798	-0.0025058	0.014599
4.0765	18.798	-0.0029102	0.013031
5.5428	18.798	-0.0030077	0.014134
7.0091	18.798	-0.0033686	0.015123
8.4754	18.798	-0.0038732	0.017543
9.9417	18.798	-0.00412	0.011547
11.408	18.798	0	-0
12.874	18.798	0	-0
14.341	18.798	0	-0
15.807	18.798	0	-0
-14.985	17.332	0	-0
-13.519	17.332	0	-0
-12.053	17.332	0	-0
-10.587	17.332	0	-0
-9.1202	17.332	0	-0
-7.6539	17.332	0	-0
-6.1876	17.332	0	-0
-4.7213	17.332	0	-0
-3.255	17.332	0	-0
-1.7887	17.332	-0.00016747	0.015554
-0.32241	17.332	-0.00097429	0.015291
1.1439	17.332	-0.0013077	0.015285
2.6102	17.332	-0.0017949	0.014368
4.0765	17.332	-0.0021394	0.013994
5.5428	17.332	-0.0027033	0.014952
7.0091	17.332	-0.0029796	0.014833
8.4754	17.332	-0.0034586	0.014604
9.9417	17.332	-0.003906	0.015305
11.408	17.332	0	-0
12.874	17.332	0	-0
14.341	17.332	0	-0
15.807	17.332	0	-0
-14.985	15.866	0	-0
-13.519	15.866	0	-0
-12.053	15.866	0	-0
-10.587	15.866	0	-0
-9.1202	15.866	0	-0
-7.6539	15.866	0	-0
-6.1876	15.866	0	-0
-4.7213	15.866	0	-0
-3.255	15.866	0	-0
-1.7887	15.866	-1.5252e-005	0.013706
-0.32241	15.866	-0.00069878	0.013796
1.1439	15.866	-0.0010737	0.013764
2.6102	15.866	-0.0013747	0.012679
4.0765	15.866	-0.0019054	0.013073
5.5428	15.866	-0.00208	0.013412
7.0091	15.866	-0.0023367	0.013985
8.4754	15.866	-0.0027359	0.013963
9.9417	15.866	-0.0032232	0.013894
11.408	15.866	0	-0
12.874	15.866	0	-0
14.341	15.866	0	-0
15.807	15.866	0	-0
-14.985	14.399	0	-0
-13.519	14.399	0	-0
-12.053	14.399	0	-0
-10.587	14.399	0	-0
-9.1202	14.399	0	-0
-7.6539	14.399	0	-0
-6.1876	14.399	0	-0
-4.7213	14.399	0	-0
-3.255	14.399	0	-0
-1.7887	14.399	0.00021914	0.012574
-0.32241	14.399	-0.00034557	0.013007
1.1439	14.399	-0.0008046	0.012604
2.6102	14.399	-0.00084689	0.012316
4.0765	14.399	-0.0012134	0.012499
5.5428	14.399	-0.0013844	0.012354
7.0091	14.399	-0.0018139	0.01222
8.4754	14.399	-0.0021509	0.012815
9.9417	14.399	-0.0025695	0.012739
11.408	14.399	0	-0
12.874	14.399	0	-0
14.341	14.399	0	-0
15.807	14.399	0	-0
-14.985	12.933	0	-0
-13.519	12.933	0	-0
-12.053	12.933	0	-0
-10.587	12.933	0	-0
-9.1202	12.933	0	-0
-7.6539	12.933	0	-0
-6.1876	12.933	0	-0
-4.7213	12.933	0	-0
-3.255	12.933	0	-0
-1.7887	12.933	0.00080771	0.011481
-0.32241	12.933	0.00031228	0.011576
1.1439	12.933	5.3121e-005	0.01127
2.6102	12.933	0.00013417	0.010774
4.0765	12.933	-0.00041406	0.011172
5.5428	12.933	-0.00070202	0.010988
7.0091	12.933	-0.0010112	0.010808
8.4754	12.933	-0.0016534	0.011045
9.9417	12.933	-0.0020789	0.011235
11.408	12.933	0	-0
12.874	12.933	0	-0
14.341	12.933	0	-0
15.807	12.933	0	-0
-14.985	11.467	0	-0
-13.519	11.467	0	-0
-12.053	11.467	0	-0
-10.587	11.467	0	-0
-9.1202	11.467	0	-0
-7.6539	11.467	0	-0
-6.1876	11.467	0	-0
-4.7213	11.467	0	-0
-3.255	11.467	0	-0
-1.7887	11.467	0.001298	0.010337
-0.32241	11.467	0.00085111	0.010407
1.1439	11.467	0.00050875	0.010215
2.6102	11.467	0.00039691	0.0098544
4.0765	11.467	0.00017534	0.0094031
5.5428	11.467	-0.00028233	0.0093173
7.0091	11.467	-0.00068156	0.0093335
8.4754	11.467	-0.0011892	0.0095658
9.9417	11.467	-0.0016905	0.0096234
11.408	11.467	0	-0
12.874	11.467	0	-0
14.341	11.467	0	-0
15.807	11.467	0	-0
-14.985	10	0	-0
-13.519	10	0	-0
-12.053	10	0	-0
-10.587	10	0	-0
-9.1202	10	0	-0
-7.6539	10	0	-0
-6.1876	10	0	-0
-4.7213	10	0	-0
-3.255	10	0	-0
-1.7887	10	0.0013647	0.0092385
-0.32241	10	0.0013944	0.0091232
1.1439	10	0.0006878	0.0091706
2.6102	10	0.00037639	0.00868
4.0765	10	0.00014443	0.0081191
5.5428	10	-1.9491e-005	0.0078463
7.0091	10	-0.00043812	0.0076471
8.4754	10	-0.00097418	0.0079016
9.9417	10	-0.0013706	0.0082917
11.408	10	0	-0
12.874	10	0	-0
14.341	10	0	-0
15.807	10	0	-0
-14.985	8.534	0	-0
-13.519	8.534	0	-0
-12.053	8.534	0	-0
-10.587	8.534	0	-0
-9.1202	8.534	0	-0
-7.6539	8.534	0	-0
-6.1876	8.534	0	-0
-4.7213	8.534	0	-0
-3.255	8.534	0	-0
-1.7887	8.534	0.00049097	0.008046
-0.32241	8.534	0.0014608	0.0079131
1.1439	8.534	0.00095589	0.0080078
2.6102	8.534	0.00023671	0.0075557
4.0765	8.534	0.00038653	0.0063562
5.5428	8.534	-2.4523e-005	0.0065005
7.0091	8.534	-0.00042677	0.0065512
8.4754	8.534	-0.0011127	0.0067869
9.9417	8.534	-0.0014995	0.0069259
11.408	8.534	0	-0
12.874	8.534	0	-0
14.341	8.534	0	-0
15.807	8.534	0	-0
-14.985	7.0677	0	-0
-13.519	7.0677	0	-0
-12.053	7.0677	0	-0
-10.587	7.0677	0	-0
-9.1202	7.0677	0	-0
-7.6539	7.0677	0	-0
-6.1876	7.0677	0	-0
-4.7213	7.0677	0	-0
-3.255	7.0677	0	-0
-1.7887	7.0677	-0.0003706	0.0068479
-0.32241	7.0677	0.0015174	0.006535
1.1439	7.0677	0.0010717	0.0065142
2.6102	7.0677	0.00023748	0.0062263
4.0765	7.0677	-0.00042834	0.0061303
5.5428	7.0677	-0.00046977	0.0054881
7.0091	7.0677	-0.00077913	0.0051349
8.4754	7.0677	-0.0014142	0.0051677
9.9417	7.0677	-0.0018344	0.0054515
11.408	7.0677	0	-0
12.874	7.0677	0	-0
14.341	7.0677	0	-0
15.807	7.0677	0	-0
-14.985	5.6014	0	-0
-13.519	5.6014	0	-0
-12.053	5.6014	0	-0
-10.587	5.6014	0	-0
-9.1202	5.6014	0	-0
-7.6539	5.6014	0	-0
-6.1876	5.6014	0	-0
-4.7213	5.6014	0	-0
-3.255	5.6014	0	-0
-1.7887	5.6014	-0.00081718	0.0056255
-0.32241	5.6014	0.0016752	0.0050943
1.1439	5.6014	0.0015416	0.0045853
2.6102	5.6014	0.00044561	0.0044057
4.0765	5.6014	-2.517e-005	0.0043002
5.5428	5.6014	-0.00083554	0.0043054
7.0091	5.6014	-0.0014509	0.0037538
8.4754	5.6014	-0.0017089	0.0035496
9.9417	5.6014	-0.0019999	0.0037587
11.408	5.6014	0	-0
12.874	5.6014	0	-0
14.341	5.6014	0	-0
15.807	5.6014	0	-0
-14.985	4.1351	0	-0
-13.519	4.1351	0	-0
-12.053	4.1351	0	-0
-10.587	4.1351	0	-0
-9.1202	4.1351	0	-0
-7.6539	4.1351	0	-0
-6.1876	4.1351	0	-0
-4.7213	4.1351	0	-0
-3.255	4.1351	0	-0
-1.7887	4.1351	-0.00011585	0.0038992
-0.32241	4.1351	0.0020989	0.0035967
1.1439	4.1351	0.0018226	0.0030738
2.6102	4.1351	0.00086585	0.0029492
4.0765	4.1351	0.00053902	0.0022998
5.5428	4.1351	-0.00057176	0.0027095
7.0091	4.1351	-0.001399	0.0024006
8.4754	4.1351	-0.0018468	0.0022846
9.9417	4.1351	-0.0020996	0.002353
11.408	4.1351	0	-0
12.874	4.1351	0	-0
14.341	4.1351	0	-0
15.807	4.1351	0	-0
-14.985	2.6688	0	-0
-13.519	2.6688	0	-0
-12.053	2.6688	0	-0
-10.587	2.6688	0	-0
-9.1202	2.6688	0	-0
-7.6539	2.6688	0	-0
-6.1876	2.6688	0	-0
-4.7213	2.6688	0	-0
-3.255	2.6688	0	-0
-1.7887	2.6688	-0.00015726	0.0031928
-0.32241	2.6688	0.0021475	0.0020691
1.1439	2.6688	0.0020864	0.0017779
2.6102	2.6688	0.0012461	0.0013586
4.0765	2.6688	0.00061463	0.0013689
5.5428	2.6688	-2.8809e-005	0.0013214
7.0091	2.6688	-0.00071878	0.0012258
8.4754	2.6688	-0.0012641	0.00090295
9.9417	2.6688	-0.0016556	0.0009877
11.408	2.6688	0	-0
12.874	2.6688	0	-0
14.341	2.6688	0	-0
15.807	2.6688	0	-0
-14.985	1.2025	0	-0
-13.519	1.2025	0	-0
-12.053	1.2025	0	-0
-10.587	1.2025	0	-0
-9.1202	1.2025	0	-0
-7.6539	1.2025	0	-0
-6.1876	1.2025	0	-0
-4.7213	1.2025	0	-0
-3.255	1.2025	0	-0
-1.7887	1.2025	0.00053578	0.0015254
-0.32241	1.2025	0.0025406	0.00060349
1.1439	1.2025	0.0020161	0.00029656
2.6102	1.2025	0.0013488	-0.00016077
4.0765	1.2025	0.00075135	4.1295e-005
5.5428	1.2025	0.00042742	-0.00016031
7.0091	1.2025	-0.00010553	-0.0002732
8.4754	1.2025	-0.00082301	-0.00054919
9.9417	1.2025	-0.0012959	-0.00066723
11.408	1.2025	0	-0
12.874	1.2025	0	-0
14.341	1.2025	0	-0
15.807	1.2025	0	-0
-14.985	-0.2638	0	-0
-13.519	-0.2638	0	-0
-12.053	-0.2638	0	-0
-10.587	-0.2638	0	-0
-9.1202	-0.2638	0	-0
-7.6539	-0.2638	0	-0
-6.1876	-0.2638	0	-0
-4.7213	-0.2638	0	-0
-3.255	-0.2638	0	-0
-1.7887	-0.2638	0.0012594	0.00029613
-0.32241	-0.2638	0.0016926	-0.00097771
1.1439	-0.2638	0.002185	-0.0017474
2.6102	-0.2638	0.001274	-0.0016626
4.0765	-0.2638	0.00084505	-0.0015894
5.5428	-0.2638	0.00040344	-0.0016627
7.0091	-0.2638	-0.00013263	-0.0019618
8.4754	-0.2638	-0.00093614	-0.0024167
9.9417	-0.2638	-0.0012377	-0.0026025
11.408	-0.2638	0	-0
12.874	-0.2638	0	-0
14.341	-0.2638	0	-0
15.807	-0.2638	0	-0
-14.985	-1.7301	0	-0
-13.519	-1.7301	0	-0
-12.053	-1.7301	0	-0
-10.587	-1.7301	0	-0
-9.1202	-1.7301	0	-0
-7.6539	-1.7301	0	-0
-6.1876	-1.7301	0	-0
-4.7213	-1.7301	0	-0
-3.255	-1.7301	0	-0
-1.7887	-1.7301	0.0010834	-0.0017424
-0.32241	-1.7301	0.0017741	-0.0024119
1.1439	-1.7301	0.0026098	-0.0048077
2.6102	-1.7301	0.00093062	-0.003268
4.0765	-1.7301	0.00051385	-0.0032366
5.5428	-1.7301	-0.00017031	-0.0031202
7.0091	-1.7301	-0.00076272	-0.0035385
8.4754	-1.7301	-0.0013934	-0.0042049
9.9417	-1.7301	-0.001928	-0.004609
11.408	-1.7301	0	-0
12.874	-1.7301	0	-0
14.341	-1.7301	0	-0
15.807	-1.7301	0	-0
-14.985	-3.1964	0	-0
-13.519	-3.1964	0	-0
-12.053	-3.1964	0	-0
-10.587	-3.1964	0	-0
-9.1202	-3.1964	0	-0
-7.6539	-3.1964	0	-0
-6.1876	-3.1964	0	-0
-4.7213	-3.1964	0	-0
-3.255	-3.1964	0	-0
-1.7887	-3.1964	0.0012352	-0.0033962
-0.32241	-3.1964	0.0014678	-0.0038298
1.1439	-3.1964	0.0011116	-0.0041242
2.6102	-3.1964	0.00056378	-0.0046816
4.0765	-3.1964	-6.1464e-005	-0.0046248
5.5428	-3.1964	-0.00076155	-0.0048416
7.0091	-3.1964	-0.0015689	-0.0052971
8.4754	-3.1964	-0.0022282	-0.0060977
9.9417	-3.1964	-0.0026465	-0.0067735
11.408	-3.1964	0	-0
12.874	-3.1964	0	-0
14.341	-3.1964	0	-0
15.807	-3.1964	0	-0
-14.985	-4.6627	0	-0
-13.519	-4.6627	0	-0
-12.053	-4.6627	0	-0
-10.587	-4.6627	0	-0
-9.1202	-4.6627	0	-0
-7.6539	-4.6627	0	-0
-6.1876	-4.6627	0	-0
-4.7213	-4.6627	0	-0
-3.255	-4.6627	0	-0
-1.7887	-4.6627	0.00096464	-0.0042732
-0.32241	-4.6627	0.00095159	-0.0048435
1.1439	-4.6627	0.00053566	-0.005207
2.6102	-4.6627	0.00014393	-0.0059055
4.0765	-4.6627	-0.00052529	-0.006198
5.5428	-4.6627	-0.0013028	-0.0066816
7.0091	-4.6627	-0.0023058	-0.0071719
8.4754	-4.6627	-0.0029709	-0.0080252
9.9417	-4.6627	-0.0030784	-0.0088023
11.408	-4.6627	0	-0
12.874	-4.6627	0	-0
14.341	-4.6627	0	-0
15.807	-4.6627	0	-0
-14.985	-6.129	0	-0
-13.519	-6.129	0	-0
-12.053	-6.129	0	-0
-10.587	-6.129	0	-0
-9.1202	-6.129	0	-0
-7.6539	-6.129	0	-0
-6.1876	-6.129	0	-0
-4.7213	-6.129	0	-0
-3.255	-6.129	0	-0
-1.7887	-6.129	0.00037885	-0.0058838
-0.32241	-6.129	0.00058898	-0.0063016
1.1439	-6.129	-6.8491e-005	-0.0065835
2.6102	-6.129	-0.00054998	-0.0072253
4.0765	-6.129	-0.0011796	-0.0078341
5.5428	-6.129	-0.0017284	-0.008223
7.0091	-6.129	-0.002536	-0.0088723
8.4754	-6.129	-0.0030982	-0.0096254
9.9417	-6.129	-0.003299	-0.010666
11.408	-6.129	0	-0
12.874	-6.129	0	-0
14.341	-6.129	0	-0
15.807	-6.129	0	-0
-14.985	-7.5953	0	-0
-13.519	-7.5953	0	-0
-12.053	-7.5953	0	-0
-10.587	-7.5953	0	-0
-9.1202	-7.5953	0	-0
-7.6539	-7.5953	0	-0
-6.1876	-7.5953	0	-0
-4.7213	-7.5953	0	-0
-3.255	-7.5953	0	-0
-1.7887	-7.5953	8.6339e-006	-0.0068276
-0.32241	-7.5953	9.1403e-006	-0.0075597
1.1439	-7.5953	-0.00071936	-0.007896
2.6102	-7.5953	-0.0011995	-0.0084547
4.0765	-7.5953	-0.00145	-0.0089529
5.5428	-7.5953	-0.0019262	-0.0095175
7.0091	-7.5953	-0.0025488	-0.010439
8.4754	-7.5953	-0.0031847	-0.011437
9.9417	-7.5953	-0.0034475	-0.012785
11.408	-7.5953	0	-0
12.874	-7.5953	0	-0
14.341	-7.5953	0	-0
15.807	-7.5953	0	-0
-14.985	-9.0616	0	-0
-13.519	-9.0616	0	-0
-12.053	-9.0616	0	-0
-10.587	-9.0616	0	-0
-9.1202	-9.0616	0	-0
-7.6539	-9.0616	0	-0
-6.1876	-9.0616	0	-0
-4.7213	-9.0616	0	-0
-3.255	-9.0616	0	-0
-1.7887	-9.0616	-0.00046431	-0.0082476
-0.32241	-9.0616	-0.0006088	-0.0086961
1.1439	-9.0616	-0.0011907	-0.0089167
2.6102	-9.0616	-0.001539	-0.0092966
4.0765	-9.0616	-0.0015554	-0.010174
5.5428	-9.0616	-0.0021927	-0.011015
7.0091	-9.0616	-0.0028031	-0.012315
8.4754	-9.0616	-0.0035311	-0.013709
9.9417	-9.0616	-0.0035924	-0.015041
11.408	-9.0616	0	-0
12.874	-9.0616	0	-0
14.341	-9.0616	0	-0
15.807	-9.0616	0	-0
-14.985	-10.528	0	-0
-13.519	-10.528	0	-0
-12.053	-10.528	0	-0
-10.587	-10.528	0	-0
-9.1202	-10.528	0	-0
-7.6539	-10.528	0	-0
-6.1876	-10.528	0	-0
-4.7213	-10.528	0	-0
-3.255	-10.528	0	-0
-1.7887	-10.528	-0.00098978	-0.0095962
-0.32241	-10.528	-0.0012138	-0.010122
1.1439	-10.528	-0.001802	-0.010174
2.6102	-10.528	-0.0021591	-0.010683
4.0765	-10.528	-0.002284	-0.011344
5.5428	-10.528	-0.0027699	-0.012627
7.0091	-10.528	-0.0031838	-0.014172
8.4754	-10.528	-0.003694	-0.01561
9.9417	-10.528	-0.0038375	-0.017185
11.408	-10.528	0	-0
12.874	-10.528	0	-0
14.341	-10.528	0	-0
15.807	-10.528	0	-0
-14.985	-11.994	0	-0
-13.519	-11.994	0	-0
-12.053	-11.994	0	-0
-10.587	-11.994	0	-0
-9.1202	-11.994	0	-0
-7.6539	-11.994	0	-0
-6.1876	-11.994	0	-0
-4.7213	-11.994	0	-0
-3.255	-11.994	0	-0
-1.7887	-11.994	0	-0
-0.32241	-11.994	0	-0
1.1439	-11.994	0	-0
2.6102	-11.994	0	-0
4.0765	-11.994	0	-0
5.5428	-11.994	0	-0
7.0091	-11.994	0	-0
8.4754	-11.994	0	-0
9.9417	-11.994	0	-0
11.408	-11.994	0	-0
12.874	-11.994	0	-0
14.341	-11.994	0	-0
15.807	-11.994	0	-0
