#DaVis 7.4.0 2D-vector 96 22 22 "" "[mm]" "" "[mm]" "displacement" "[mm]"
-14.985	18.798	0	-0
-13.519	18.798	0	-0
-12.053	18.798	0	-0
-10.587	18.798	0	-0
-9.1202	18.798	0	-0
-7.6539	18.798	0	-0
-6.1876	18.798	0	-0
-4.7213	18.798	0	-0
-3.255	18.798	0	-0
-1.7887	18.798	0	-0
-0.32241	18.798	-0.0025334	0.047692
1.1439	18.798	-0.0041721	0.049564
2.6102	18.798	0.14883	-0.7193
4.0765	18.798	-0.0062637	0.044055
5.5428	18.798	-0.007513	0.043344
7.0091	18.798	-0.28686	-0.5255
8.4754	18.798	-0.009609	0.037685
9.9417	18.798	-0.0065779	0.045768
11.408	18.798	0	-0
12.874	18.798	0	-0
14.341	18.798	0	-0
15.807	18.798	0	-0
-14.985	17.332	0	-0
-13.519	17.332	0	-0
-12.053	17.332	0	-0
-10.587	17.332	0	-0
-9.1202	17.332	0	-0
-7.6539	17.332	0	-0
-6.1876	17.332	0	-0
-4.7213	17.332	0	-0
-3.255	17.332	0	-0
-1.7887	17.332	0.00024447	0.042446
-0.32241	17.332	-0.0023552	0.042874
1.1439	17.332	-0.003594	0.04224
2.6102	17.332	-0.0045526	0.042081
4.0765	17.332	-0.0054427	0.041235
5.5428	17.332	-0.0070737	0.0419
7.0091	17.332	-0.0082252	0.041803
8.4754	17.332	-0.0092511	0.041987
9.9417	17.332	-0.008386	0.044906
11.408	17.332	0	-0
12.874	17.332	0	-0
14.341	17.332	0	-0
15.807	17.332	0	-0
-14.985	15.866	0	-0
-13.519	15.866	0	-0
-12.053	15.866	0	-0
-10.587	15.866	0	-0
-9.1202	15.866	0	-0
-7.6539	15.866	0	-0
-6.1876	15.866	0	-0
-4.7213	15.866	0	-0
-3.255	15.866	0	-0
-1.7887	15.866	0.00052205	0.038338
-0.32241	15.866	-0.0017797	0.039184
1.1439	15.866	-0.00253	0.039271
2.6102	15.866	-0.0034733	0.038333
4.0765	15.866	-0.0044409	0.038781
5.5428	15.866	-0.0053879	0.038473
7.0091	15.866	-0.0066023	0.038614
8.4754	15.866	-0.0072065	0.0396
9.9417	15.866	-0.0046338	0.041101
11.408	15.866	0	-0
12.874	15.866	0	-0
14.341	15.866	0	-0
15.807	15.866	0	-0
-14.985	14.399	0	-0
-13.519	14.399	0	-0
-12.053	14.399	0	-0
-10.587	14.399	0	-0
-9.1202	14.399	0	-0
-7.6539	14.399	0	-0
-6.1876	14.399	0	-0
-4.7213	14.399	0	-0
-3.255	14.399	0	-0
-1.7887	14.399	0.001161	0.035357
-0.32241	14.399	-0.0009299	0.036658
1.1439	14.399	-0.0022609	0.03653
2.6102	14.399	-0.0020975	0.03596
4.0765	14.399	-0.0026861	0.035967
5.5428	14.399	-0.0035157	0.035381
7.0091	14.399	-0.0045389	0.035471
8.4754	14.399	-0.0051712	0.036183
9.9417	14.399	-0.00094645	0.038499
11.408	14.399	0	-0
12.874	14.399	0	-0
14.341	14.399	0	-0
15.807	14.399	0	-0
-14.985	12.933	0	-0
-13.519	12.933	0	-0
-12.053	12.933	0	-0
-10.587	12.933	0	-0
-9.1202	12.933	0	-0
-7.6539	12.933	0	-0
-6.1876	12.933	0	-0
-4.7213	12.933	0	-0
-3.255	12.933	0	-0
-1.7887	12.933	0.0023532	0.032572
-0.32241	12.933	0.00053572	0.032879
1.1439	12.933	-6.9077e-005	0.0324
2.6102	12.933	-0.00043438	0.031877
4.0765	12.933	-0.0010372	0.031967
5.5428	12.933	-0.001949	0.031711
7.0091	12.933	-0.0028186	0.031739
8.4754	12.933	-0.004021	0.032018
9.9417	12.933	-0.0019257	0.032121
11.408	12.933	0	-0
12.874	12.933	0	-0
14.341	12.933	0	-0
15.807	12.933	0	-0
-14.985	11.467	0	-0
-13.519	11.467	0	-0
-12.053	11.467	0	-0
-10.587	11.467	0	-0
-9.1202	11.467	0	-0
-7.6539	11.467	0	-0
-6.1876	11.467	0	-0
-4.7213	11.467	0	-0
-3.255	11.467	0	-0
-1.7887	11.467	0.0033051	0.028975
-0.32241	11.467	0.0022289	0.029099
1.1439	11.467	0.0011378	0.028796
2.6102	11.467	0.00083397	0.027656
4.0765	11.467	0.0003127	0.026712
5.5428	11.467	-0.0006144	0.026492
7.0091	11.467	-0.0021145	0.02654
8.4754	11.467	-0.002889	0.027402
9.9417	11.467	-0.00090699	0.027826
11.408	11.467	0	-0
12.874	11.467	0	-0
14.341	11.467	0	-0
15.807	11.467	0	-0
-14.985	10	0	-0
-13.519	10	0	-0
-12.053	10	0	-0
-10.587	10	0	-0
-9.1202	10	0	-0
-7.6539	10	0	-0
-6.1876	10	0	-0
-4.7213	10	0	-0
-3.255	10	0	-0
-1.7887	10	0.0041724	0.026258
-0.32241	10	0.0037348	0.025928
1.1439	10	0.0020431	0.026227
2.6102	10	0.0013314	0.024833
4.0765	10	0.00069982	0.022924
5.5428	10	3.1479e-005	0.02202
7.0091	10	-0.0017437	0.021784
8.4754	10	-0.0023264	0.022629
9.9417	10	1.2744e-005	0.023494
11.408	10	0	-0
12.874	10	0	-0
14.341	10	0	-0
15.807	10	0	-0
-14.985	8.534	0	-0
-13.519	8.534	0	-0
-12.053	8.534	0	-0
-10.587	8.534	0	-0
-9.1202	8.534	0	-0
-7.6539	8.534	0	-0
-6.1876	8.534	0	-0
-4.7213	8.534	0	-0
-3.255	8.534	0	-0
-1.7887	8.534	0.0042562	0.023186
-0.32241	8.534	0.0038586	0.022787
1.1439	8.534	0.0024031	0.022978
2.6102	8.534	0.0011302	0.021756
4.0765	8.534	0.00052172	0.020442
5.5428	8.534	-0.00019602	0.018922
7.0091	8.534	-0.00158	0.018167
8.4754	8.534	-0.002496	0.019192
9.9417	8.534	-0.00015847	0.01982
11.408	8.534	0	-0
12.874	8.534	0	-0
14.341	8.534	0	-0
15.807	8.534	0	-0
-14.985	7.0677	0	-0
-13.519	7.0677	0	-0
-12.053	7.0677	0	-0
-10.587	7.0677	0	-0
-9.1202	7.0677	0	-0
-7.6539	7.0677	0	-0
-6.1876	7.0677	0	-0
-4.7213	7.0677	0	-0
-3.255	7.0677	0	-0
-1.7887	7.0677	0.0045162	0.019861
-0.32241	7.0677	0.0041945	0.018858
1.1439	7.0677	0.0025664	0.01878
2.6102	7.0677	0.00092871	0.018187
4.0765	7.0677	-0.00056434	0.017331
5.5428	7.0677	-0.0012154	0.015952
7.0091	7.0677	-0.0023733	0.014234
8.4754	7.0677	-0.003746	0.014696
9.9417	7.0677	-0.0010685	0.015464
11.408	7.0677	0	-0
12.874	7.0677	0	-0
14.341	7.0677	0	-0
15.807	7.0677	0	-0
-14.985	5.6014	0	-0
-13.519	5.6014	0	-0
-12.053	5.6014	0	-0
-10.587	5.6014	0	-0
-9.1202	5.6014	0	-0
-7.6539	5.6014	0	-0
-6.1876	5.6014	0	-0
-4.7213	5.6014	0	-0
-3.255	5.6014	0	-0
-1.7887	5.6014	0.0055046	0.015726
-0.32241	5.6014	0.0049257	0.014751
1.1439	5.6014	0.003687	0.013798
2.6102	5.6014	0.0011285	0.013271
4.0765	5.6014	-0.00097427	0.01344
5.5428	5.6014	-0.0021354	0.012144
7.0091	5.6014	-0.0038532	0.010527
8.4754	5.6014	-0.0043939	0.0099155
9.9417	5.6014	-0.0015145	0.01061
11.408	5.6014	0	-0
12.874	5.6014	0	-0
14.341	5.6014	0	-0
15.807	5.6014	0	-0
-14.985	4.1351	0	-0
-13.519	4.1351	0	-0
-12.053	4.1351	0	-0
-10.587	4.1351	0	-0
-9.1202	4.1351	0	-0
-7.6539	4.1351	0	-0
-6.1876	4.1351	0	-0
-4.7213	4.1351	0	-0
-3.255	4.1351	0	-0
-1.7887	4.1351	0.0065467	0.011966
-0.32241	4.1351	0.0055618	0.010689
1.1439	4.1351	0.0045596	0.009495
2.6102	4.1351	0.0020646	0.0085601
4.0765	4.1351	0.00037896	0.0082359
5.5428	4.1351	-0.001443	0.0071953
7.0091	4.1351	-0.0039193	0.0064332
8.4754	4.1351	-0.0046306	0.0056715
9.9417	4.1351	-0.0023276	0.006206
11.408	4.1351	0	-0
12.874	4.1351	0	-0
14.341	4.1351	0	-0
15.807	4.1351	0	-0
-14.985	2.6688	0	-0
-13.519	2.6688	0	-0
-12.053	2.6688	0	-0
-10.587	2.6688	0	-0
-9.1202	2.6688	0	-0
-7.6539	2.6688	0	-0
-6.1876	2.6688	0	-0
-4.7213	2.6688	0	-0
-3.255	2.6688	0	-0
-1.7887	2.6688	0.0069345	0.0075318
-0.32241	2.6688	0.006401	0.005543
1.1439	2.6688	0.0050378	0.0045142
2.6102	2.6688	0.0033228	0.0039346
4.0765	2.6688	0.0016272	0.003543
5.5428	2.6688	3.484e-005	0.0028903
7.0091	2.6688	-0.0022222	0.0022061
8.4754	2.6688	-0.0032006	0.0016792
9.9417	2.6688	-0.0013747	0.0018899
11.408	2.6688	0	-0
12.874	2.6688	0	-0
14.341	2.6688	0	-0
15.807	2.6688	0	-0
-14.985	1.2025	0	-0
-13.519	1.2025	0	-0
-12.053	1.2025	0	-0
-10.587	1.2025	0	-0
-9.1202	1.2025	0	-0
-7.6539	1.2025	0	-0
-6.1876	1.2025	0	-0
-4.7213	1.2025	0	-0
-3.255	1.2025	0	-0
-1.7887	1.2025	0.0073915	0.0030245
-0.32241	1.2025	0.0068278	0.0017519
1.1439	1.2025	0.0049438	0.00038659
2.6102	1.2025	0.0037444	-0.00077022
4.0765	1.2025	0.0023368	-0.001049
5.5428	1.2025	0.0013456	-0.0015262
7.0091	1.2025	-0.00034688	-0.0021565
8.4754	1.2025	-0.0018217	-0.0025294
9.9417	1.2025	-0.00049983	-0.0027735
11.408	1.2025	0	-0
12.874	1.2025	0	-0
14.341	1.2025	0	-0
15.807	1.2025	0	-0
-14.985	-0.2638	0	-0
-13.519	-0.2638	0	-0
-12.053	-0.2638	0	-0
-10.587	-0.2638	0	-0
-9.1202	-0.2638	0	-0
-7.6539	-0.2638	0	-0
-6.1876	-0.2638	0	-0
-4.7213	-0.2638	0	-0
-3.255	-0.2638	0	-0
-1.7887	-0.2638	0.0067748	-0.0014434
-0.32241	-0.2638	0.0053838	-0.0029495
1.1439	-0.2638	0.0047026	-0.0043659
2.6102	-0.2638	0.0035218	-0.00492
4.0765	-0.2638	0.002058	-0.0045127
5.5428	-0.2638	0.00084794	-0.004837
7.0091	-0.2638	-0.0010268	-0.006225
8.4754	-0.2638	-0.0022136	-0.0073406
9.9417	-0.2638	-7.3833e-005	-0.0080829
11.408	-0.2638	0	-0
12.874	-0.2638	0	-0
14.341	-0.2638	0	-0
15.807	-0.2638	0	-0
-14.985	-1.7301	0	-0
-13.519	-1.7301	0	-0
-12.053	-1.7301	0	-0
-10.587	-1.7301	0	-0
-9.1202	-1.7301	0	-0
-7.6539	-1.7301	0	-0
-6.1876	-1.7301	0	-0
-4.7213	-1.7301	0	-0
-3.255	-1.7301	0	-0
-1.7887	-1.7301	0.0052767	-0.0057608
-0.32241	-1.7301	0.004587	-0.0065999
1.1439	-1.7301	0.0041792	-0.0070141
2.6102	-1.7301	0.0020064	-0.0087288
4.0765	-1.7301	0.00069788	-0.0088894
5.5428	-1.7301	-0.0009459	-0.0087798
7.0091	-1.7301	-0.0028088	-0.010335
8.4754	-1.7301	-0.0039398	-0.012354
9.9417	-1.7301	-0.0019925	-0.013534
11.408	-1.7301	0	-0
12.874	-1.7301	0	-0
14.341	-1.7301	0	-0
15.807	-1.7301	0	-0
-14.985	-3.1964	0	-0
-13.519	-3.1964	0	-0
-12.053	-3.1964	0	-0
-10.587	-3.1964	0	-0
-9.1202	-3.1964	0	-0
-7.6539	-3.1964	0	-0
-6.1876	-3.1964	0	-0
-4.7213	-3.1964	0	-0
-3.255	-3.1964	0	-0
-1.7887	-3.1964	0.0041413	-0.0093197
-0.32241	-3.1964	0.003455	-0.010218
1.1439	-3.1964	0.0028306	-0.010477
2.6102	-3.1964	0.00092964	-0.012896
4.0765	-3.1964	-0.00049049	-0.013605
5.5428	-3.1964	-0.0024115	-0.014484
7.0091	-3.1964	-0.0049882	-0.016338
8.4754	-3.1964	-0.0064599	-0.018019
9.9417	-3.1964	-0.0034237	-0.019407
11.408	-3.1964	0	-0
12.874	-3.1964	0	-0
14.341	-3.1964	0	-0
15.807	-3.1964	0	-0
-14.985	-4.6627	0	-0
-13.519	-4.6627	0	-0
-12.053	-4.6627	0	-0
-10.587	-4.6627	0	-0
-9.1202	-4.6627	0	-0
-7.6539	-4.6627	0	-0
-6.1876	-4.6627	0	-0
-4.7213	-4.6627	0	-0
-3.255	-4.6627	0	-0
-1.7887	-4.6627	0.0032802	-0.013137
-0.32241	-4.6627	0.0018937	-0.014005
1.1439	-4.6627	0.00096123	-0.015164
2.6102	-4.6627	0.00017742	-0.017182
4.0765	-4.6627	-0.0016249	-0.018637
5.5428	-4.6627	-0.0037318	-0.019901
7.0091	-4.6627	-0.0069775	-0.021641
8.4754	-4.6627	-0.0082381	-0.023709
9.9417	-4.6627	-0.004164	-0.026069
11.408	-4.6627	0	-0
12.874	-4.6627	0	-0
14.341	-4.6627	0	-0
15.807	-4.6627	0	-0
-14.985	-6.129	0	-0
-13.519	-6.129	0	-0
-12.053	-6.129	0	-0
-10.587	-6.129	0	-0
-9.1202	-6.129	0	-0
-7.6539	-6.129	0	-0
-6.1876	-6.129	0	-0
-4.7213	-6.129	0	-0
-3.255	-6.129	0	-0
-1.7887	-6.129	0.0027558	-0.018004
-0.32241	-6.129	0.00066567	-0.018407
1.1439	-6.129	-0.00089604	-0.019696
2.6102	-6.129	-0.0017708	-0.021379
4.0765	-6.129	-0.0033118	-0.022567
5.5428	-6.129	-0.0050325	-0.023946
7.0091	-6.129	-0.0076516	-0.025803
8.4754	-6.129	-0.0086814	-0.027982
9.9417	-6.129	-0.0041198	-0.031685
11.408	-6.129	0	-0
12.874	-6.129	0	-0
14.341	-6.129	0	-0
15.807	-6.129	0	-0
-14.985	-7.5953	0	-0
-13.519	-7.5953	0	-0
-12.053	-7.5953	0	-0
-10.587	-7.5953	0	-0
-9.1202	-7.5953	0	-0
-7.6539	-7.5953	0	-0
-6.1876	-7.5953	0	-0
-4.7213	-7.5953	0	-0
-3.255	-7.5953	0	-0
-1.7887	-7.5953	0.0015406	-0.020446
-0.32241	-7.5953	-0.00098019	-0.021811
1.1439	-7.5953	-0.0027968	-0.023039
2.6102	-7.5953	-0.0036825	-0.024074
4.0765	-7.5953	-0.0046928	-0.025454
5.5428	-7.5953	-0.0060327	-0.027284
7.0091	-7.5953	-0.008329	-0.029817
8.4754	-7.5953	-0.0082442	-0.033281
9.9417	-7.5953	0.0024703	-0.037136
11.408	-7.5953	0	-0
12.874	-7.5953	0	-0
14.341	-7.5953	0	-0
15.807	-7.5953	0	-0
-14.985	-9.0616	0	-0
-13.519	-9.0616	0	-0
-12.053	-9.0616	0	-0
-10.587	-9.0616	0	-0
-9.1202	-9.0616	0	-0
-7.6539	-9.0616	0	-0
-6.1876	-9.0616	0	-0
-4.7213	-9.0616	0	-0
-3.255	-9.0616	0	-0
-1.7887	-9.0616	0.00069509	-0.023577
-0.32241	-9.0616	-0.0023955	-0.024601
1.1439	-9.0616	-0.0038593	-0.025202
2.6102	-9.0616	-0.004909	-0.026477
4.0765	-9.0616	-0.0053055	-0.028157
5.5428	-9.0616	-0.0076642	-0.031283
7.0091	-9.0616	-0.0088209	-0.035073
8.4754	-9.0616	-0.0099431	-0.038455
9.9417	-9.0616	0.0058227	-0.045177
11.408	-9.0616	0	-0
12.874	-9.0616	0	-0
14.341	-9.0616	0	-0
15.807	-9.0616	0	-0
-14.985	-10.528	0	-0
-13.519	-10.528	0	-0
-12.053	-10.528	0	-0
-10.587	-10.528	0	-0
-9.1202	-10.528	0	-0
-7.6539	-10.528	0	-0
-6.1876	-10.528	0	-0
-4.7213	-10.528	0	-0
-3.255	-10.528	0	-0
-1.7887	-10.528	0.00068763	-0.026787
-0.32241	-10.528	-0.0032555	-0.028342
1.1439	-10.528	-0.0049809	-0.02882
2.6102	-10.528	-0.0060691	-0.030006
4.0765	-10.528	-0.00712	-0.032664
5.5428	-10.528	-0.0086292	-0.036125
7.0091	-10.528	-0.0090541	-0.040025
8.4754	-10.528	-0.010353	-0.044303
9.9417	-10.528	0.0049479	-0.049143
11.408	-10.528	0	-0
12.874	-10.528	0	-0
14.341	-10.528	0	-0
15.807	-10.528	0	-0
-14.985	-11.994	0	-0
-13.519	-11.994	0	-0
-12.053	-11.994	0	-0
-10.587	-11.994	0	-0
-9.1202	-11.994	0	-0
-7.6539	-11.994	0	-0
-6.1876	-11.994	0	-0
-4.7213	-11.994	0	-0
-3.255	-11.994	0	-0
-1.7887	-11.994	0	-0
-0.32241	-11.994	0	-0
1.1439	-11.994	0	-0
2.6102	-11.994	0	-0
4.0765	-11.994	0	-0
5.5428	-11.994	0	-0
7.0091	-11.994	0	-0
8.4754	-11.994	0	-0
9.9417	-11.994	0	-0
11.408	-11.994	0	-0
12.874	-11.994	0	-0
14.341	-11.994	0	-0
15.807	-11.994	0	-0
