#DaVis 7.4.0 2D-vector 96 22 22 "" "[mm]" "" "[mm]" "displacement" "[mm]"
-14.985	18.798	0	-0
-13.519	18.798	0	-0
-12.053	18.798	0	-0
-10.587	18.798	0	-0
-9.1202	18.798	0	-0
-7.6539	18.798	0	-0
-6.1876	18.798	0	-0
-4.7213	18.798	0	-0
-3.255	18.798	0	-0
-1.7887	18.798	0	-0
-0.32241	18.798	-0.0010501	0.010972
1.1439	18.798	-0.0011782	0.009983
2.6102	18.798	-0.0021341	0.010281
4.0765	18.798	-0.0024135	0.0096544
5.5428	18.798	-0.0025221	0.009595
7.0091	18.798	-0.0028139	0.01048
8.4754	18.798	-0.00335	0.012569
9.9417	18.798	-0.0034492	0.0084737
11.408	18.798	0	-0
12.874	18.798	0	-0
14.341	18.798	0	-0
15.807	18.798	0	-0
-14.985	17.332	0	-0
-13.519	17.332	0	-0
-12.053	17.332	0	-0
-10.587	17.332	0	-0
-9.1202	17.332	0	-0
-7.6539	17.332	0	-0
-6.1876	17.332	0	-0
-4.7213	17.332	0	-0
-3.255	17.332	0	-0
-1.7887	17.332	-0.00034369	0.011445
-0.32241	17.332	-0.00099948	0.011049
1.1439	17.332	-0.0011877	0.011078
2.6102	17.332	-0.0015627	0.010429
4.0765	17.332	-0.0018304	0.010139
5.5428	17.332	-0.0022831	0.01097
7.0091	17.332	-0.0025186	0.010908
8.4754	17.332	-0.0028499	0.010573
9.9417	17.332	-0.0032135	0.011108
11.408	17.332	0	-0
12.874	17.332	0	-0
14.341	17.332	0	-0
15.807	17.332	0	-0
-14.985	15.866	0	-0
-13.519	15.866	0	-0
-12.053	15.866	0	-0
-10.587	15.866	0	-0
-9.1202	15.866	0	-0
-7.6539	15.866	0	-0
-6.1876	15.866	0	-0
-4.7213	15.866	0	-0
-3.255	15.866	0	-0
-1.7887	15.866	-0.00014435	0.0099729
-0.32241	15.866	-0.00072086	0.0099145
1.1439	15.866	-0.001023	0.0098838
2.6102	15.866	-0.001193	0.0089345
4.0765	15.866	-0.0016353	0.0093983
5.5428	15.866	-0.0018144	0.0097604
7.0091	15.866	-0.0020005	0.010317
8.4754	15.866	-0.0023351	0.010282
9.9417	15.866	-0.0027177	0.010059
11.408	15.866	0	-0
12.874	15.866	0	-0
14.341	15.866	0	-0
15.807	15.866	0	-0
-14.985	14.399	0	-0
-13.519	14.399	0	-0
-12.053	14.399	0	-0
-10.587	14.399	0	-0
-9.1202	14.399	0	-0
-7.6539	14.399	0	-0
-6.1876	14.399	0	-0
-4.7213	14.399	0	-0
-3.255	14.399	0	-0
-1.7887	14.399	4.9119e-005	0.0090951
-0.32241	14.399	-0.00046509	0.0093325
1.1439	14.399	-0.00074817	0.0089801
2.6102	14.399	-0.00085434	0.0089146
4.0765	14.399	-0.0011808	0.0090536
5.5428	14.399	-0.0012754	0.0089605
7.0091	14.399	-0.001608	0.008837
8.4754	14.399	-0.0018761	0.0093173
9.9417	14.399	-0.0021724	0.0091667
11.408	14.399	0	-0
12.874	14.399	0	-0
14.341	14.399	0	-0
15.807	14.399	0	-0
-14.985	12.933	0	-0
-13.519	12.933	0	-0
-12.053	12.933	0	-0
-10.587	12.933	0	-0
-9.1202	12.933	0	-0
-7.6539	12.933	0	-0
-6.1876	12.933	0	-0
-4.7213	12.933	0	-0
-3.255	12.933	0	-0
-1.7887	12.933	0.00049595	0.008133
-0.32241	12.933	5.5791e-006	0.008228
1.1439	12.933	-0.0002403	0.0080619
2.6102	12.933	-7.3287e-005	0.0077146
4.0765	12.933	-0.00054734	0.0080726
5.5428	12.933	-0.00078307	0.0079462
7.0091	12.933	-0.0010246	0.0078115
8.4754	12.933	-0.0015081	0.0080343
9.9417	12.933	-0.0018119	0.0082652
11.408	12.933	0	-0
12.874	12.933	0	-0
14.341	12.933	0	-0
15.807	12.933	0	-0
-14.985	11.467	0	-0
-13.519	11.467	0	-0
-12.053	11.467	0	-0
-10.587	11.467	0	-0
-9.1202	11.467	0	-0
-7.6539	11.467	0	-0
-6.1876	11.467	0	-0
-4.7213	11.467	0	-0
-3.255	11.467	0	-0
-1.7887	11.467	0.00078586	0.007325
-0.32241	11.467	0.0003564	0.0074056
1.1439	11.467	9.0411e-005	0.0072562
2.6102	11.467	6.8144e-005	0.0070758
4.0765	11.467	-0.00011409	0.006785
5.5428	11.467	-0.00046315	0.0067539
7.0091	11.467	-0.00076008	0.006796
8.4754	11.467	-0.0011123	0.0069992
9.9417	11.467	-0.0014896	0.0070868
11.408	11.467	0	-0
12.874	11.467	0	-0
14.341	11.467	0	-0
15.807	11.467	0	-0
-14.985	10	0	-0
-13.519	10	0	-0
-12.053	10	0	-0
-10.587	10	0	-0
-9.1202	10	0	-0
-7.6539	10	0	-0
-6.1876	10	0	-0
-4.7213	10	0	-0
-3.255	10	0	-0
-1.7887	10	0.0010175	0.0064857
-0.32241	10	0.00072316	0.0064737
1.1439	10	0.00022427	0.0065022
2.6102	10	3.8605e-005	0.0061918
4.0765	10	-0.00014499	0.0058874
5.5428	10	-0.00023214	0.0056702
7.0091	10	-0.00054998	0.0055466
8.4754	10	-0.00094576	0.005808
9.9417	10	-0.0012412	0.0061483
11.408	10	0	-0
12.874	10	0	-0
14.341	10	0	-0
15.807	10	0	-0
-14.985	8.534	0	-0
-13.519	8.534	0	-0
-12.053	8.534	0	-0
-10.587	8.534	0	-0
-9.1202	8.534	0	-0
-7.6539	8.534	0	-0
-6.1876	8.534	0	-0
-4.7213	8.534	0	-0
-3.255	8.534	0	-0
-1.7887	8.534	0.00097687	0.0056562
-0.32241	8.534	0.00085569	0.005567
1.1439	8.534	0.00035388	0.0056646
2.6102	8.534	-1.3482e-006	0.0052987
4.0765	8.534	8.6631e-005	0.0043729
5.5428	8.534	-0.00020022	0.0045952
7.0091	8.534	-0.00051464	0.0047482
8.4754	8.534	-0.0010043	0.0049795
9.9417	8.534	-0.0013084	0.0051708
11.408	8.534	0	-0
12.874	8.534	0	-0
14.341	8.534	0	-0
15.807	8.534	0	-0
-14.985	7.0677	0	-0
-13.519	7.0677	0	-0
-12.053	7.0677	0	-0
-10.587	7.0677	0	-0
-9.1202	7.0677	0	-0
-7.6539	7.0677	0	-0
-6.1876	7.0677	0	-0
-4.7213	7.0677	0	-0
-3.255	7.0677	0	-0
-1.7887	7.0677	0.0011019	0.0046886
-0.32241	7.0677	0.0010631	0.0045762
1.1439	7.0677	0.00048791	0.0044834
2.6102	7.0677	2.5823e-005	0.004331
4.0765	7.0677	-0.00051436	0.0042967
5.5428	7.0677	-0.00049736	0.0038344
7.0091	7.0677	-0.00073757	0.0036518
8.4754	7.0677	-0.001197	0.0037816
9.9417	7.0677	-0.0014978	0.0040391
11.408	7.0677	0	-0
12.874	7.0677	0	-0
14.341	7.0677	0	-0
15.807	7.0677	0	-0
-14.985	5.6014	0	-0
-13.519	5.6014	0	-0
-12.053	5.6014	0	-0
-10.587	5.6014	0	-0
-9.1202	5.6014	0	-0
-7.6539	5.6014	0	-0
-6.1876	5.6014	0	-0
-4.7213	5.6014	0	-0
-3.255	5.6014	0	-0
-1.7887	5.6014	0.0014272	0.0037589
-0.32241	5.6014	0.0013404	0.0034703
1.1439	5.6014	0.00088604	0.0030008
2.6102	5.6014	0.00027717	0.0028633
4.0765	5.6014	-4.7202e-005	0.0028391
5.5428	5.6014	-0.00071218	0.0030002
7.0091	5.6014	-0.0011981	0.0026421
8.4754	5.6014	-0.0013496	0.0025278
9.9417	5.6014	-0.0015891	0.0027497
11.408	5.6014	0	-0
12.874	5.6014	0	-0
14.341	5.6014	0	-0
15.807	5.6014	0	-0
-14.985	4.1351	0	-0
-13.519	4.1351	0	-0
-12.053	4.1351	0	-0
-10.587	4.1351	0	-0
-9.1202	4.1351	0	-0
-7.6539	4.1351	0	-0
-6.1876	4.1351	0	-0
-4.7213	4.1351	0	-0
-3.255	4.1351	0	-0
-1.7887	4.1351	0.0017894	0.002752
-0.32241	4.1351	0.0015333	0.0023726
1.1439	4.1351	0.0011656	0.0019466
2.6102	4.1351	0.00059262	0.001868
4.0765	4.1351	0.00045173	0.0012783
5.5428	4.1351	-0.00048622	0.0017601
7.0091	4.1351	-0.0010703	0.001549
8.4754	4.1351	-0.0014124	0.0015041
9.9417	4.1351	-0.001609	0.0016483
11.408	4.1351	0	-0
12.874	4.1351	0	-0
14.341	4.1351	0	-0
15.807	4.1351	0	-0
-14.985	2.6688	0	-0
-13.519	2.6688	0	-0
-12.053	2.6688	0	-0
-10.587	2.6688	0	-0
-9.1202	2.6688	0	-0
-7.6539	2.6688	0	-0
-6.1876	2.6688	0	-0
-4.7213	2.6688	0	-0
-3.255	2.6688	0	-0
-1.7887	2.6688	0.0018355	0.001758
-0.32241	2.6688	0.0018386	0.0010318
1.1439	2.6688	0.0013811	0.00088061
2.6102	2.6688	0.00093883	0.00057462
4.0765	2.6688	0.00046073	0.00060044
5.5428	2.6688	-4.1016e-005	0.00060148
7.0091	2.6688	-0.00056187	0.00055579
8.4754	2.6688	-0.00093524	0.00034842
9.9417	2.6688	-0.0012247	0.00053598
11.408	2.6688	0	-0
12.874	2.6688	0	-0
14.341	2.6688	0	-0
15.807	2.6688	0	-0
-14.985	1.2025	0	-0
-13.519	1.2025	0	-0
-12.053	1.2025	0	-0
-10.587	1.2025	0	-0
-9.1202	1.2025	0	-0
-7.6539	1.2025	0	-0
-6.1876	1.2025	0	-0
-4.7213	1.2025	0	-0
-3.255	1.2025	0	-0
-1.7887	1.2025	0.0020558	0.00067902
-0.32241	1.2025	0.0019972	3.3475e-005
1.1439	1.2025	0.0013528	-0.00019661
2.6102	1.2025	0.0010125	-0.00050947
4.0765	1.2025	0.00055735	-0.00028855
5.5428	1.2025	0.00035556	-0.00041389
7.0091	1.2025	-6.5684e-005	-0.00045697
8.4754	1.2025	-0.00057069	-0.00059243
9.9417	1.2025	-0.00094113	-0.00063355
11.408	1.2025	0	-0
12.874	1.2025	0	-0
14.341	1.2025	0	-0
15.807	1.2025	0	-0
-14.985	-0.2638	0	-0
-13.519	-0.2638	0	-0
-12.053	-0.2638	0	-0
-10.587	-0.2638	0	-0
-9.1202	-0.2638	0	-0
-7.6539	-0.2638	0	-0
-6.1876	-0.2638	0	-0
-4.7213	-0.2638	0	-0
-3.255	-0.2638	0	-0
-1.7887	-0.2638	0.0019594	-0.00035377
-0.32241	-0.2638	0.0016589	-0.0011029
1.1439	-0.2638	0.0014589	-0.0016448
2.6102	-0.2638	0.001016	-0.0014714
4.0765	-0.2638	0.00071119	-0.0013324
5.5428	-0.2638	0.00036603	-0.0014113
7.0091	-0.2638	-1.4441e-005	-0.0016289
8.4754	-0.2638	-0.00063826	-0.0018699
9.9417	-0.2638	-0.00085851	-0.0019469
11.408	-0.2638	0	-0
12.874	-0.2638	0	-0
14.341	-0.2638	0	-0
15.807	-0.2638	0	-0
-14.985	-1.7301	0	-0
-13.519	-1.7301	0	-0
-12.053	-1.7301	0	-0
-10.587	-1.7301	0	-0
-9.1202	-1.7301	0	-0
-7.6539	-1.7301	0	-0
-6.1876	-1.7301	0	-0
-4.7213	-1.7301	0	-0
-3.255	-1.7301	0	-0
-1.7887	-1.7301	0.0015774	-0.0016498
-0.32241	-1.7301	0.0015159	-0.002138
1.1439	-1.7301	0.0021156	-0.0040543
2.6102	-1.7301	0.00081562	-0.002586
4.0765	-1.7301	0.00049825	-0.0025077
5.5428	-1.7301	-1.2181e-005	-0.0023695
7.0091	-1.7301	-0.00040212	-0.002649
8.4754	-1.7301	-0.00089001	-0.0031688
9.9417	-1.7301	-0.001284	-0.0034801
11.408	-1.7301	0	-0
12.874	-1.7301	0	-0
14.341	-1.7301	0	-0
15.807	-1.7301	0	-0
-14.985	-3.1964	0	-0
-13.519	-3.1964	0	-0
-12.053	-3.1964	0	-0
-10.587	-3.1964	0	-0
-9.1202	-3.1964	0	-0
-7.6539	-3.1964	0	-0
-6.1876	-3.1964	0	-0
-4.7213	-3.1964	0	-0
-3.255	-3.1964	0	-0
-1.7887	-3.1964	0.0012799	-0.0025074
-0.32241	-3.1964	0.0012805	-0.0030393
1.1439	-3.1964	0.00098123	-0.0032844
2.6102	-3.1964	0.00058949	-0.0036417
4.0765	-3.1964	8.744e-005	-0.00354
5.5428	-3.1964	-0.00037601	-0.0036523
7.0091	-3.1964	-0.00094269	-0.003917
8.4754	-3.1964	-0.0014206	-0.0046061
9.9417	-3.1964	-0.0018023	-0.0050465
11.408	-3.1964	0	-0
12.874	-3.1964	0	-0
14.341	-3.1964	0	-0
15.807	-3.1964	0	-0
-14.985	-4.6627	0	-0
-13.519	-4.6627	0	-0
-12.053	-4.6627	0	-0
-10.587	-4.6627	0	-0
-9.1202	-4.6627	0	-0
-7.6539	-4.6627	0	-0
-6.1876	-4.6627	0	-0
-4.7213	-4.6627	0	-0
-3.255	-4.6627	0	-0
-1.7887	-4.6627	0.00084229	-0.0033647
-0.32241	-4.6627	0.00093477	-0.0038562
1.1439	-4.6627	0.00064446	-0.0041154
2.6102	-4.6627	0.00033512	-0.0045865
4.0765	-4.6627	-0.00015817	-0.0047601
5.5428	-4.6627	-0.00070791	-0.0050745
7.0091	-4.6627	-0.0014208	-0.0054161
8.4754	-4.6627	-0.0019284	-0.0060522
9.9417	-4.6627	-0.0020644	-0.0066723
11.408	-4.6627	0	-0
12.874	-4.6627	0	-0
14.341	-4.6627	0	-0
15.807	-4.6627	0	-0
-14.985	-6.129	0	-0
-13.519	-6.129	0	-0
-12.053	-6.129	0	-0
-10.587	-6.129	0	-0
-9.1202	-6.129	0	-0
-7.6539	-6.129	0	-0
-6.1876	-6.129	0	-0
-4.7213	-6.129	0	-0
-3.255	-6.129	0	-0
-1.7887	-6.129	0.00035698	-0.0044865
-0.32241	-6.129	0.00067777	-0.0049827
1.1439	-6.129	0.00018943	-0.0051229
2.6102	-6.129	-0.00011965	-0.0056143
4.0765	-6.129	-0.00053842	-0.0060691
5.5428	-6.129	-0.00093656	-0.0062573
7.0091	-6.129	-0.0015253	-0.00686
8.4754	-6.129	-0.0019876	-0.0074481
9.9417	-6.129	-0.0021938	-0.0082457
11.408	-6.129	0	-0
12.874	-6.129	0	-0
14.341	-6.129	0	-0
15.807	-6.129	0	-0
-14.985	-7.5953	0	-0
-13.519	-7.5953	0	-0
-12.053	-7.5953	0	-0
-10.587	-7.5953	0	-0
-9.1202	-7.5953	0	-0
-7.6539	-7.5953	0	-0
-6.1876	-7.5953	0	-0
-4.7213	-7.5953	0	-0
-3.255	-7.5953	0	-0
-1.7887	-7.5953	0.00016711	-0.0054288
-0.32241	-7.5953	0.00032895	-0.0059786
1.1439	-7.5953	-0.00016497	-0.0062234
2.6102	-7.5953	-0.00055526	-0.0066239
4.0765	-7.5953	-0.00073787	-0.0069348
5.5428	-7.5953	-0.0010036	-0.0074711
7.0091	-7.5953	-0.0014645	-0.0081852
8.4754	-7.5953	-0.0020072	-0.0089143
9.9417	-7.5953	-0.002267	-0.0099502
11.408	-7.5953	0	-0
12.874	-7.5953	0	-0
14.341	-7.5953	0	-0
15.807	-7.5953	0	-0
-14.985	-9.0616	0	-0
-13.519	-9.0616	0	-0
-12.053	-9.0616	0	-0
-10.587	-9.0616	0	-0
-9.1202	-9.0616	0	-0
-7.6539	-9.0616	0	-0
-6.1876	-9.0616	0	-0
-4.7213	-9.0616	0	-0
-3.255	-9.0616	0	-0
-1.7887	-9.0616	-0.00014651	-0.0065565
-0.32241	-9.0616	-8.5876e-005	-0.0068879
1.1439	-9.0616	-0.00050316	-0.0070714
2.6102	-9.0616	-0.00075129	-0.0073732
4.0765	-9.0616	-0.00073662	-0.0080146
5.5428	-9.0616	-0.0011779	-0.0086368
7.0091	-9.0616	-0.0016402	-0.0095136
8.4754	-9.0616	-0.0021543	-0.010567
9.9417	-9.0616	-0.0023279	-0.011469
11.408	-9.0616	0	-0
12.874	-9.0616	0	-0
14.341	-9.0616	0	-0
15.807	-9.0616	0	-0
-14.985	-10.528	0	-0
-13.519	-10.528	0	-0
-12.053	-10.528	0	-0
-10.587	-10.528	0	-0
-9.1202	-10.528	0	-0
-7.6539	-10.528	0	-0
-6.1876	-10.528	0	-0
-4.7213	-10.528	0	-0
-3.255	-10.528	0	-0
-1.7887	-10.528	-0.00054017	-0.0076996
-0.32241	-10.528	-0.00052674	-0.0080396
1.1439	-10.528	-0.00087692	-0.0081213
2.6102	-10.528	-0.0011019	-0.0084715
4.0765	-10.528	-0.0012709	-0.0088582
5.5428	-10.528	-0.0015809	-0.0097893
7.0091	-10.528	-0.0018836	-0.010893
8.4754	-10.528	-0.0022378	-0.011925
9.9417	-10.528	-0.0024835	-0.012986
11.408	-10.528	0	-0
12.874	-10.528	0	-0
14.341	-10.528	0	-0
15.807	-10.528	0	-0
-14.985	-11.994	0	-0
-13.519	-11.994	0	-0
-12.053	-11.994	0	-0
-10.587	-11.994	0	-0
-9.1202	-11.994	0	-0
-7.6539	-11.994	0	-0
-6.1876	-11.994	0	-0
-4.7213	-11.994	0	-0
-3.255	-11.994	0	-0
-1.7887	-11.994	0	-0
-0.32241	-11.994	0	-0
1.1439	-11.994	0	-0
2.6102	-11.994	0	-0
4.0765	-11.994	0	-0
5.5428	-11.994	0	-0
7.0091	-11.994	0	-0
8.4754	-11.994	0	-0
9.9417	-11.994	0	-0
11.408	-11.994	0	-0
12.874	-11.994	0	-0
14.341	-11.994	0	-0
15.807	-11.994	0	-0
