#DaVis 7.4.0 2D-vector 96 22 22 "" "[mm]" "" "[mm]" "displacement" "[mm]"
-14.985	18.798	0	-0
-13.519	18.798	0	-0
-12.053	18.798	0	-0
-10.587	18.798	0	-0
-9.1202	18.798	0	-0
-7.6539	18.798	0	-0
-6.1876	18.798	0	-0
-4.7213	18.798	0	-0
-3.255	18.798	0	-0
-1.7887	18.798	0	-0
-0.32241	18.798	-0.0025556	0.030364
1.1439	18.798	-0.0032511	0.039328
2.6102	18.798	0.14167	-0.55254
4.0765	18.798	-0.0052008	0.029833
5.5428	18.798	-0.0062376	0.031436
7.0091	18.798	-0.0076452	0.024103
8.4754	18.798	-0.0083817	0.030808
9.9417	18.798	-0.0054939	0.028677
11.408	18.798	0	-0
12.874	18.798	0	-0
14.341	18.798	0	-0
15.807	18.798	0	-0
-14.985	17.332	0	-0
-13.519	17.332	0	-0
-12.053	17.332	0	-0
-10.587	17.332	0	-0
-9.1202	17.332	0	-0
-7.6539	17.332	0	-0
-6.1876	17.332	0	-0
-4.7213	17.332	0	-0
-3.255	17.332	0	-0
-1.7887	17.332	-0.0011693	0.033334
-0.32241	17.332	-0.0023858	0.033992
1.1439	17.332	-0.00302	0.034027
2.6102	17.332	-0.0036999	0.033197
4.0765	17.332	-0.0044066	0.032436
5.5428	17.332	-0.005786	0.033342
7.0091	17.332	-0.0067373	0.033507
8.4754	17.332	-0.0077964	0.033303
9.9417	17.332	-0.0075069	0.034648
11.408	17.332	0	-0
12.874	17.332	0	-0
14.341	17.332	0	-0
15.807	17.332	0	-0
-14.985	15.866	0	-0
-13.519	15.866	0	-0
-12.053	15.866	0	-0
-10.587	15.866	0	-0
-9.1202	15.866	0	-0
-7.6539	15.866	0	-0
-6.1876	15.866	0	-0
-4.7213	15.866	0	-0
-3.255	15.866	0	-0
-1.7887	15.866	-0.00059277	0.030185
-0.32241	15.866	-0.0016013	0.031274
1.1439	15.866	-0.0021706	0.031239
2.6102	15.866	-0.0028352	0.030894
4.0765	15.866	-0.0036114	0.030612
5.5428	15.866	-0.0042936	0.030293
7.0091	15.866	-0.005011	0.031279
8.4754	15.866	-0.0059344	0.031493
9.9417	15.866	-0.0068339	0.031829
11.408	15.866	0	-0
12.874	15.866	0	-0
14.341	15.866	0	-0
15.807	15.866	0	-0
-14.985	14.399	0	-0
-13.519	14.399	0	-0
-12.053	14.399	0	-0
-10.587	14.399	0	-0
-9.1202	14.399	0	-0
-7.6539	14.399	0	-0
-6.1876	14.399	0	-0
-4.7213	14.399	0	-0
-3.255	14.399	0	-0
-1.7887	14.399	-4.1857e-005	0.02819
-0.32241	14.399	-0.00092514	0.029331
1.1439	14.399	-0.0017507	0.028763
2.6102	14.399	-0.0018989	0.028417
4.0765	14.399	-0.0022218	0.028743
5.5428	14.399	-0.0027905	0.028202
7.0091	14.399	-0.0034318	0.028143
8.4754	14.399	-0.0043405	0.029085
9.9417	14.399	-0.0055008	0.029904
11.408	14.399	0	-0
12.874	14.399	0	-0
14.341	14.399	0	-0
15.807	14.399	0	-0
-14.985	12.933	0	-0
-13.519	12.933	0	-0
-12.053	12.933	0	-0
-10.587	12.933	0	-0
-9.1202	12.933	0	-0
-7.6539	12.933	0	-0
-6.1876	12.933	0	-0
-4.7213	12.933	0	-0
-3.255	12.933	0	-0
-1.7887	12.933	0.001164	0.026182
-0.32241	12.933	0.00030443	0.026319
1.1439	12.933	-0.00022113	0.025544
2.6102	12.933	-0.00062746	0.025303
4.0765	12.933	-0.0010808	0.025453
5.5428	12.933	-0.001721	0.025234
7.0091	12.933	-0.0021615	0.02536
8.4754	12.933	-0.0032714	0.025582
9.9417	12.933	-0.0044419	0.025935
11.408	12.933	0	-0
12.874	12.933	0	-0
14.341	12.933	0	-0
15.807	12.933	0	-0
-14.985	11.467	0	-0
-13.519	11.467	0	-0
-12.053	11.467	0	-0
-10.587	11.467	0	-0
-9.1202	11.467	0	-0
-7.6539	11.467	0	-0
-6.1876	11.467	0	-0
-4.7213	11.467	0	-0
-3.255	11.467	0	-0
-1.7887	11.467	0.0022397	0.023305
-0.32241	11.467	0.0015205	0.023446
1.1439	11.467	0.00063297	0.023172
2.6102	11.467	0.00035575	0.022173
4.0765	11.467	-3.9411e-005	0.02136
5.5428	11.467	-0.00073744	0.021191
7.0091	11.467	-0.0015818	0.021327
8.4754	11.467	-0.0025467	0.022054
9.9417	11.467	-0.0036795	0.022305
11.408	11.467	0	-0
12.874	11.467	0	-0
14.341	11.467	0	-0
15.807	11.467	0	-0
-14.985	10	0	-0
-13.519	10	0	-0
-12.053	10	0	-0
-10.587	10	0	-0
-9.1202	10	0	-0
-7.6539	10	0	-0
-6.1876	10	0	-0
-4.7213	10	0	-0
-3.255	10	0	-0
-1.7887	10	0.0031046	0.021151
-0.32241	10	0.0026447	0.020782
1.1439	10	0.0014088	0.021109
2.6102	10	0.00085654	0.019907
4.0765	10	0.00032065	0.018337
5.5428	10	-0.00017858	0.017605
7.0091	10	-0.0010497	0.017359
8.4754	10	-0.0020746	0.018017
9.9417	10	-0.0030884	0.018946
11.408	10	0	-0
12.874	10	0	-0
14.341	10	0	-0
15.807	10	0	-0
-14.985	8.534	0	-0
-13.519	8.534	0	-0
-12.053	8.534	0	-0
-10.587	8.534	0	-0
-9.1202	8.534	0	-0
-7.6539	8.534	0	-0
-6.1876	8.534	0	-0
-4.7213	8.534	0	-0
-3.255	8.534	0	-0
-1.7887	8.534	0.0032094	0.018859
-0.32241	8.534	0.0028488	0.018284
1.1439	8.534	0.0018226	0.018304
2.6102	8.534	0.00066582	0.017396
4.0765	8.534	0.00011966	0.016345
5.5428	8.534	-0.00025905	0.015151
7.0091	8.534	-0.00089587	0.014662
8.4754	8.534	-0.0022521	0.015275
9.9417	8.534	-0.0032497	0.015892
11.408	8.534	0	-0
12.874	8.534	0	-0
14.341	8.534	0	-0
15.807	8.534	0	-0
-14.985	7.0677	0	-0
-13.519	7.0677	0	-0
-12.053	7.0677	0	-0
-10.587	7.0677	0	-0
-9.1202	7.0677	0	-0
-7.6539	7.0677	0	-0
-6.1876	7.0677	0	-0
-4.7213	7.0677	0	-0
-3.255	7.0677	0	-0
-1.7887	7.0677	0.0035168	0.015773
-0.32241	7.0677	0.003209	0.015104
1.1439	7.0677	0.001984	0.014958
2.6102	7.0677	0.00066082	0.014558
4.0765	7.0677	-0.00077281	0.014222
5.5428	7.0677	-0.0011438	0.013045
7.0091	7.0677	-0.0015118	0.011714
8.4754	7.0677	-0.0028815	0.011804
9.9417	7.0677	-0.0037745	0.012465
11.408	7.0677	0	-0
12.874	7.0677	0	-0
14.341	7.0677	0	-0
15.807	7.0677	0	-0
-14.985	5.6014	0	-0
-13.519	5.6014	0	-0
-12.053	5.6014	0	-0
-10.587	5.6014	0	-0
-9.1202	5.6014	0	-0
-7.6539	5.6014	0	-0
-6.1876	5.6014	0	-0
-4.7213	5.6014	0	-0
-3.255	5.6014	0	-0
-1.7887	5.6014	0.0043156	0.012719
-0.32241	5.6014	0.003914	0.012153
1.1439	5.6014	0.0028131	0.010987
2.6102	5.6014	0.00084442	0.010702
4.0765	5.6014	-0.00070478	0.011304
5.5428	5.6014	-0.0016194	0.010012
7.0091	5.6014	-0.0025387	0.0086242
8.4754	5.6014	-0.0034229	0.0081768
9.9417	5.6014	-0.0041824	0.008729
11.408	5.6014	0	-0
12.874	5.6014	0	-0
14.341	5.6014	0	-0
15.807	5.6014	0	-0
-14.985	4.1351	0	-0
-13.519	4.1351	0	-0
-12.053	4.1351	0	-0
-10.587	4.1351	0	-0
-9.1202	4.1351	0	-0
-7.6539	4.1351	0	-0
-6.1876	4.1351	0	-0
-4.7213	4.1351	0	-0
-3.255	4.1351	0	-0
-1.7887	4.1351	0.0051656	0.0098599
-0.32241	4.1351	0.0044427	0.0087459
1.1439	4.1351	0.0035836	0.0074821
2.6102	4.1351	0.0016366	0.0066044
4.0765	4.1351	0.00020525	0.0069522
5.5428	4.1351	-0.001083	0.0057697
7.0091	4.1351	-0.0025926	0.0050173
8.4754	4.1351	-0.0035478	0.0046027
9.9417	4.1351	-0.0043047	0.0049615
11.408	4.1351	0	-0
12.874	4.1351	0	-0
14.341	4.1351	0	-0
15.807	4.1351	0	-0
-14.985	2.6688	0	-0
-13.519	2.6688	0	-0
-12.053	2.6688	0	-0
-10.587	2.6688	0	-0
-9.1202	2.6688	0	-0
-7.6539	2.6688	0	-0
-6.1876	2.6688	0	-0
-4.7213	2.6688	0	-0
-3.255	2.6688	0	-0
-1.7887	2.6688	0.0056207	0.0059587
-0.32241	2.6688	0.0051432	0.0046987
1.1439	2.6688	0.0039209	0.003514
2.6102	2.6688	0.0027004	0.0030973
4.0765	2.6688	0.0015497	0.002896
5.5428	2.6688	-3.6051e-005	0.002517
7.0091	2.6688	-0.0012664	0.0019983
8.4754	2.6688	-0.0025339	0.0015772
9.9417	2.6688	-0.00339	0.001542
11.408	2.6688	0	-0
12.874	2.6688	0	-0
14.341	2.6688	0	-0
15.807	2.6688	0	-0
-14.985	1.2025	0	-0
-13.519	1.2025	0	-0
-12.053	1.2025	0	-0
-10.587	1.2025	0	-0
-9.1202	1.2025	0	-0
-7.6539	1.2025	0	-0
-6.1876	1.2025	0	-0
-4.7213	1.2025	0	-0
-3.255	1.2025	0	-0
-1.7887	1.2025	0.0058944	0.0028675
-0.32241	1.2025	0.0055274	0.0015157
1.1439	1.2025	0.0040162	0.0005085
2.6102	1.2025	0.0030434	-0.00030379
4.0765	1.2025	0.0019127	-0.00042217
5.5428	1.2025	0.0010796	-0.00074977
7.0091	1.2025	0.00012471	-0.0011027
8.4754	1.2025	-0.001454	-0.001724
9.9417	1.2025	-0.0026472	-0.0020324
11.408	1.2025	0	-0
12.874	1.2025	0	-0
14.341	1.2025	0	-0
15.807	1.2025	0	-0
-14.985	-0.2638	0	-0
-13.519	-0.2638	0	-0
-12.053	-0.2638	0	-0
-10.587	-0.2638	0	-0
-9.1202	-0.2638	0	-0
-7.6539	-0.2638	0	-0
-6.1876	-0.2638	0	-0
-4.7213	-0.2638	0	-0
-3.255	-0.2638	0	-0
-1.7887	-0.2638	0.0054077	-0.00057005
-0.32241	-0.2638	0.0043922	-0.0022917
1.1439	-0.2638	0.0037881	-0.0031878
2.6102	-0.2638	0.0027517	-0.0035378
4.0765	-0.2638	0.0016817	-0.0031132
5.5428	-0.2638	0.00074977	-0.0034966
7.0091	-0.2638	-0.00037863	-0.0045344
8.4754	-0.2638	-0.0017642	-0.0056718
9.9417	-0.2638	-0.0027409	-0.0061292
11.408	-0.2638	0	-0
12.874	-0.2638	0	-0
14.341	-0.2638	0	-0
15.807	-0.2638	0	-0
-14.985	-1.7301	0	-0
-13.519	-1.7301	0	-0
-12.053	-1.7301	0	-0
-10.587	-1.7301	0	-0
-9.1202	-1.7301	0	-0
-7.6539	-1.7301	0	-0
-6.1876	-1.7301	0	-0
-4.7213	-1.7301	0	-0
-3.255	-1.7301	0	-0
-1.7887	-1.7301	0.0041843	-0.0040137
-0.32241	-1.7301	0.0036055	-0.0050468
1.1439	-1.7301	0.0031391	-0.0062642
2.6102	-1.7301	0.0016654	-0.0066949
4.0765	-1.7301	0.0006074	-0.0067964
5.5428	-1.7301	-0.00060477	-0.0067476
7.0091	-1.7301	-0.0016923	-0.008179
8.4754	-1.7301	-0.0029601	-0.0097701
9.9417	-1.7301	-0.0042479	-0.010685
11.408	-1.7301	0	-0
12.874	-1.7301	0	-0
14.341	-1.7301	0	-0
15.807	-1.7301	0	-0
-14.985	-3.1964	0	-0
-13.519	-3.1964	0	-0
-12.053	-3.1964	0	-0
-10.587	-3.1964	0	-0
-9.1202	-3.1964	0	-0
-7.6539	-3.1964	0	-0
-6.1876	-3.1964	0	-0
-4.7213	-3.1964	0	-0
-3.255	-3.1964	0	-0
-1.7887	-3.1964	0.0031763	-0.0071525
-0.32241	-3.1964	0.0026357	-0.0080298
1.1439	-3.1964	0.0023844	-0.0096315
2.6102	-3.1964	0.0010552	-0.01024
4.0765	-3.1964	-0.00024666	-0.01054
5.5428	-3.1964	-0.0018189	-0.011196
7.0091	-3.1964	-0.0034165	-0.012678
8.4754	-3.1964	-0.0048543	-0.014308
9.9417	-3.1964	-0.0058535	-0.015548
11.408	-3.1964	0	-0
12.874	-3.1964	0	-0
14.341	-3.1964	0	-0
15.807	-3.1964	0	-0
-14.985	-4.6627	0	-0
-13.519	-4.6627	0	-0
-12.053	-4.6627	0	-0
-10.587	-4.6627	0	-0
-9.1202	-4.6627	0	-0
-7.6539	-4.6627	0	-0
-6.1876	-4.6627	0	-0
-4.7213	-4.6627	0	-0
-3.255	-4.6627	0	-0
-1.7887	-4.6627	0.0020988	-0.010053
-0.32241	-4.6627	0.0015926	-0.010985
1.1439	-4.6627	0.00091925	-0.011957
2.6102	-4.6627	0.00028232	-0.013319
4.0765	-4.6627	-0.0011412	-0.014274
5.5428	-4.6627	-0.0029247	-0.015385
7.0091	-4.6627	-0.004896	-0.016814
8.4754	-4.6627	-0.0064261	-0.01855
9.9417	-4.6627	-0.0070431	-0.02003
11.408	-4.6627	0	-0
12.874	-4.6627	0	-0
14.341	-4.6627	0	-0
15.807	-4.6627	0	-0
-14.985	-6.129	0	-0
-13.519	-6.129	0	-0
-12.053	-6.129	0	-0
-10.587	-6.129	0	-0
-9.1202	-6.129	0	-0
-7.6539	-6.129	0	-0
-6.1876	-6.129	0	-0
-4.7213	-6.129	0	-0
-3.255	-6.129	0	-0
-1.7887	-6.129	0.00093141	-0.013669
-0.32241	-6.129	0.00067417	-0.014239
1.1439	-6.129	-0.00023113	-0.01511
2.6102	-6.129	-0.0012268	-0.016544
4.0765	-6.129	-0.002523	-0.017429
5.5428	-6.129	-0.0039127	-0.018634
7.0091	-6.129	-0.0055115	-0.020216
8.4754	-6.129	-0.0067638	-0.022082
9.9417	-6.129	-0.0074315	-0.02427
11.408	-6.129	0	-0
12.874	-6.129	0	-0
14.341	-6.129	0	-0
15.807	-6.129	0	-0
-14.985	-7.5953	0	-0
-13.519	-7.5953	0	-0
-12.053	-7.5953	0	-0
-10.587	-7.5953	0	-0
-9.1202	-7.5953	0	-0
-7.6539	-7.5953	0	-0
-6.1876	-7.5953	0	-0
-4.7213	-7.5953	0	-0
-3.255	-7.5953	0	-0
-1.7887	-7.5953	-0.00013033	-0.015673
-0.32241	-7.5953	-0.000452	-0.016751
1.1439	-7.5953	-0.0015702	-0.017787
2.6102	-7.5953	-0.0024508	-0.018641
4.0765	-7.5953	-0.0033623	-0.019753
5.5428	-7.5953	-0.0045279	-0.021495
7.0091	-7.5953	-0.0058385	-0.023602
8.4754	-7.5953	-0.0068135	-0.026226
9.9417	-7.5953	-0.0054798	-0.029046
11.408	-7.5953	0	-0
12.874	-7.5953	0	-0
14.341	-7.5953	0	-0
15.807	-7.5953	0	-0
-14.985	-9.0616	0	-0
-13.519	-9.0616	0	-0
-12.053	-9.0616	0	-0
-10.587	-9.0616	0	-0
-9.1202	-9.0616	0	-0
-7.6539	-9.0616	0	-0
-6.1876	-9.0616	0	-0
-4.7213	-9.0616	0	-0
-3.255	-9.0616	0	-0
-1.7887	-9.0616	-0.0013488	-0.018102
-0.32241	-9.0616	-0.0018585	-0.019004
1.1439	-9.0616	-0.0027466	-0.019522
2.6102	-9.0616	-0.0034534	-0.020655
4.0765	-9.0616	-0.0036791	-0.022018
5.5428	-9.0616	-0.0053166	-0.024559
7.0091	-9.0616	-0.0065252	-0.027625
8.4754	-9.0616	-0.0077856	-0.029806
9.9417	-9.0616	0.0025353	-0.035124
11.408	-9.0616	0	-0
12.874	-9.0616	0	-0
14.341	-9.0616	0	-0
15.807	-9.0616	0	-0
-14.985	-10.528	0	-0
-13.519	-10.528	0	-0
-12.053	-10.528	0	-0
-10.587	-10.528	0	-0
-9.1202	-10.528	0	-0
-7.6539	-10.528	0	-0
-6.1876	-10.528	0	-0
-4.7213	-10.528	0	-0
-3.255	-10.528	0	-0
-1.7887	-10.528	-0.0023886	-0.020826
-0.32241	-10.528	-0.0030866	-0.022018
1.1439	-10.528	-0.0038545	-0.022357
2.6102	-10.528	-0.0045827	-0.02334
4.0765	-10.528	-0.0052471	-0.025674
5.5428	-10.528	-0.0060369	-0.028519
7.0091	-10.528	-0.0070366	-0.031574
8.4754	-10.528	-0.0084248	-0.034533
9.9417	-10.528	0.0016516	-0.040035
11.408	-10.528	0	-0
12.874	-10.528	0	-0
14.341	-10.528	0	-0
15.807	-10.528	0	-0
-14.985	-11.994	0	-0
-13.519	-11.994	0	-0
-12.053	-11.994	0	-0
-10.587	-11.994	0	-0
-9.1202	-11.994	0	-0
-7.6539	-11.994	0	-0
-6.1876	-11.994	0	-0
-4.7213	-11.994	0	-0
-3.255	-11.994	0	-0
-1.7887	-11.994	0	-0
-0.32241	-11.994	0	-0
1.1439	-11.994	0	-0
2.6102	-11.994	0	-0
4.0765	-11.994	0	-0
5.5428	-11.994	0	-0
7.0091	-11.994	0	-0
8.4754	-11.994	0	-0
9.9417	-11.994	0	-0
11.408	-11.994	0	-0
12.874	-11.994	0	-0
14.341	-11.994	0	-0
15.807	-11.994	0	-0
