#DaVis 7.4.0 2D-vector 96 22 22 "" "[mm]" "" "[mm]" "displacement" "[mm]"
-14.985	18.798	0	-0
-13.519	18.798	0	-0
-12.053	18.798	0	-0
-10.587	18.798	0	-0
-9.1202	18.798	0	-0
-7.6539	18.798	0	-0
-6.1876	18.798	0	-0
-4.7213	18.798	0	-0
-3.255	18.798	0	-0
-1.7887	18.798	0	-0
-0.32241	18.798	0.0002078	0.0067442
1.1439	18.798	0.00016146	0.0040092
2.6102	18.798	-0.00039909	0.0049877
4.0765	18.798	-0.00045949	0.0059705
5.5428	18.798	-0.00069197	0.0057825
7.0091	18.798	-0.00084642	0.0060627
8.4754	18.798	-0.0013172	0.0066684
9.9417	18.798	-0.0013512	0.0031863
11.408	18.798	0	-0
12.874	18.798	0	-0
14.341	18.798	0	-0
15.807	18.798	0	-0
-14.985	17.332	0	-0
-13.519	17.332	0	-0
-12.053	17.332	0	-0
-10.587	17.332	0	-0
-9.1202	17.332	0	-0
-7.6539	17.332	0	-0
-6.1876	17.332	0	-0
-4.7213	17.332	0	-0
-3.255	17.332	0	-0
-1.7887	17.332	0.00063179	0.0067829
-0.32241	17.332	0.00016424	0.0063356
1.1439	17.332	3.17e-005	0.006316
2.6102	17.332	-0.00023604	0.0058117
4.0765	17.332	-0.00032342	0.0055656
5.5428	17.332	-0.00063622	0.0062748
7.0091	17.332	-0.00079719	0.006091
8.4754	17.332	-0.0010419	0.0054863
9.9417	17.332	-0.0012612	0.0058622
11.408	17.332	0	-0
12.874	17.332	0	-0
14.341	17.332	0	-0
15.807	17.332	0	-0
-14.985	15.866	0	-0
-13.519	15.866	0	-0
-12.053	15.866	0	-0
-10.587	15.866	0	-0
-9.1202	15.866	0	-0
-7.6539	15.866	0	-0
-6.1876	15.866	0	-0
-4.7213	15.866	0	-0
-3.255	15.866	0	-0
-1.7887	15.866	0.00062253	0.0060034
-0.32241	15.866	0.00021038	0.0057057
1.1439	15.866	6.3603e-005	0.0056452
2.6102	15.866	-7.9994e-005	0.0049689
4.0765	15.866	-0.00035316	0.0054082
5.5428	15.866	-0.00048768	0.005546
7.0091	15.866	-0.00059111	0.0058287
8.4754	15.866	-0.0008459	0.0056552
9.9417	15.866	-0.0010778	0.0053497
11.408	15.866	0	-0
12.874	15.866	0	-0
14.341	15.866	0	-0
15.807	15.866	0	-0
-14.985	14.399	0	-0
-13.519	14.399	0	-0
-12.053	14.399	0	-0
-10.587	14.399	0	-0
-9.1202	14.399	0	-0
-7.6539	14.399	0	-0
-6.1876	14.399	0	-0
-4.7213	14.399	0	-0
-3.255	14.399	0	-0
-1.7887	14.399	0.00071381	0.005637
-0.32241	14.399	0.00028042	0.0054788
1.1439	14.399	0.00017426	0.0052576
2.6102	14.399	3.7662e-005	0.0052025
4.0765	14.399	-0.00017965	0.005166
5.5428	14.399	-0.00026441	0.0050854
7.0091	14.399	-0.00045213	0.004968
8.4754	14.399	-0.00061012	0.0052054
9.9417	14.399	-0.00080114	0.0050574
11.408	14.399	0	-0
12.874	14.399	0	-0
14.341	14.399	0	-0
15.807	14.399	0	-0
-14.985	12.933	0	-0
-13.519	12.933	0	-0
-12.053	12.933	0	-0
-10.587	12.933	0	-0
-9.1202	12.933	0	-0
-7.6539	12.933	0	-0
-6.1876	12.933	0	-0
-4.7213	12.933	0	-0
-3.255	12.933	0	-0
-1.7887	12.933	0.00086372	0.0048927
-0.32241	12.933	0.00047942	0.0049013
1.1439	12.933	0.00033761	0.0048069
2.6102	12.933	0.0004558	0.0045534
4.0765	12.933	5.0167e-005	0.0046288
5.5428	12.933	-6.6736e-005	0.0045639
7.0091	12.933	-0.00018389	0.0045409
8.4754	12.933	-0.0004653	0.0045663
9.9417	12.933	-0.00065609	0.0046428
11.408	12.933	0	-0
12.874	12.933	0	-0
14.341	12.933	0	-0
15.807	12.933	0	-0
-14.985	11.467	0	-0
-13.519	11.467	0	-0
-12.053	11.467	0	-0
-10.587	11.467	0	-0
-9.1202	11.467	0	-0
-7.6539	11.467	0	-0
-6.1876	11.467	0	-0
-4.7213	11.467	0	-0
-3.255	11.467	0	-0
-1.7887	11.467	0.00090284	0.0043521
-0.32241	11.467	0.00056684	0.004384
1.1439	11.467	0.0004149	0.0042504
2.6102	11.467	0.00039408	0.0040915
4.0765	11.467	0.0002717	0.0038184
5.5428	11.467	3.5141e-005	0.0037766
7.0091	11.467	-0.0001286	0.0037146
8.4754	11.467	-0.00032012	0.0038387
9.9417	11.467	-0.00055589	0.0038231
11.408	11.467	0	-0
12.874	11.467	0	-0
14.341	11.467	0	-0
15.807	11.467	0	-0
-14.985	10	0	-0
-13.519	10	0	-0
-12.053	10	0	-0
-10.587	10	0	-0
-9.1202	10	0	-0
-7.6539	10	0	-0
-6.1876	10	0	-0
-4.7213	10	0	-0
-3.255	10	0	-0
-1.7887	10	0.0009303	0.0038579
-0.32241	10	0.00072593	0.0038241
1.1439	10	0.000368	0.003696
2.6102	10	0.00030696	0.0034632
4.0765	10	0.0002392	0.0031795
5.5428	10	0.00014104	0.0030634
7.0091	10	-7.0653e-005	0.0028586
8.4754	10	-0.00033075	0.003041
9.9417	10	-0.00051018	0.0032169
11.408	10	0	-0
12.874	10	0	-0
14.341	10	0	-0
15.807	10	0	-0
-14.985	8.534	0	-0
-13.519	8.534	0	-0
-12.053	8.534	0	-0
-10.587	8.534	0	-0
-9.1202	8.534	0	-0
-7.6539	8.534	0	-0
-6.1876	8.534	0	-0
-4.7213	8.534	0	-0
-3.255	8.534	0	-0
-1.7887	8.534	0.00083783	0.0034018
-0.32241	8.534	0.00072301	0.0032528
1.1439	8.534	0.00038377	0.0032805
2.6102	8.534	0.00025176	0.0029404
4.0765	8.534	0.00028918	0.0023853
5.5428	8.534	0.00010787	0.0024608
7.0091	8.534	-0.00015076	0.0024748
8.4754	8.534	-0.00043101	0.0025412
9.9417	8.534	-0.00059396	0.0026224
11.408	8.534	0	-0
12.874	8.534	0	-0
14.341	8.534	0	-0
15.807	8.534	0	-0
-14.985	7.0677	0	-0
-13.519	7.0677	0	-0
-12.053	7.0677	0	-0
-10.587	7.0677	0	-0
-9.1202	7.0677	0	-0
-7.6539	7.0677	0	-0
-6.1876	7.0677	0	-0
-4.7213	7.0677	0	-0
-3.255	7.0677	0	-0
-1.7887	7.0677	0.00086748	0.0027483
-0.32241	7.0677	0.00080266	0.0026644
1.1439	7.0677	0.00042914	0.0025341
2.6102	7.0677	0.00021578	0.0023743
4.0765	7.0677	-9.0303e-005	0.0023122
5.5428	7.0677	-8.9301e-005	0.0020209
7.0091	7.0677	-0.00031593	0.0018475
8.4754	7.0677	-0.00055873	0.0018674
9.9417	7.0677	-0.00072717	0.0020119
11.408	7.0677	0	-0
12.874	7.0677	0	-0
14.341	7.0677	0	-0
15.807	7.0677	0	-0
-14.985	5.6014	0	-0
-13.519	5.6014	0	-0
-12.053	5.6014	0	-0
-10.587	5.6014	0	-0
-9.1202	5.6014	0	-0
-7.6539	5.6014	0	-0
-6.1876	5.6014	0	-0
-4.7213	5.6014	0	-0
-3.255	5.6014	0	-0
-1.7887	5.6014	0.0010008	0.0023031
-0.32241	5.6014	0.00095105	0.0020323
1.1439	5.6014	0.00068884	0.0016771
2.6102	5.6014	0.00039239	0.0015146
4.0765	5.6014	0.00018411	0.0014478
5.5428	5.6014	-0.00027903	0.0015101
7.0091	5.6014	-0.00056358	0.0012698
8.4754	5.6014	-0.00069161	0.001145
9.9417	5.6014	-0.00082905	0.0012509
11.408	5.6014	0	-0
12.874	5.6014	0	-0
14.341	5.6014	0	-0
15.807	5.6014	0	-0
-14.985	4.1351	0	-0
-13.519	4.1351	0	-0
-12.053	4.1351	0	-0
-10.587	4.1351	0	-0
-9.1202	4.1351	0	-0
-7.6539	4.1351	0	-0
-6.1876	4.1351	0	-0
-4.7213	4.1351	0	-0
-3.255	4.1351	0	-0
-1.7887	4.1351	0.0011325	0.0016831
-0.32241	4.1351	0.00099095	0.0013939
1.1439	4.1351	0.00077299	0.0011483
2.6102	4.1351	0.00046133	0.0010289
4.0765	4.1351	0.00038137	0.00064924
5.5428	4.1351	-0.00021312	0.00085878
7.0091	4.1351	-0.00055323	0.00068294
8.4754	4.1351	-0.00078084	0.00058246
9.9417	4.1351	-0.00088483	0.00065587
11.408	4.1351	0	-0
12.874	4.1351	0	-0
14.341	4.1351	0	-0
15.807	4.1351	0	-0
-14.985	2.6688	0	-0
-13.519	2.6688	0	-0
-12.053	2.6688	0	-0
-10.587	2.6688	0	-0
-9.1202	2.6688	0	-0
-7.6539	2.6688	0	-0
-6.1876	2.6688	0	-0
-4.7213	2.6688	0	-0
-3.255	2.6688	0	-0
-1.7887	2.6688	0.0011032	0.001139
-0.32241	2.6688	0.0011009	0.0007045
1.1439	2.6688	0.00081367	0.00056329
2.6102	2.6688	0.00060258	0.00034548
4.0765	2.6688	0.00026804	0.00031659
5.5428	2.6688	-4.4914e-005	0.00026804
7.0091	2.6688	-0.00034993	0.00019167
8.4754	2.6688	-0.00056033	2.9157e-005
9.9417	2.6688	-0.00072762	0.00013573
11.408	2.6688	0	-0
12.874	2.6688	0	-0
14.341	2.6688	0	-0
15.807	2.6688	0	-0
-14.985	1.2025	0	-0
-13.519	1.2025	0	-0
-12.053	1.2025	0	-0
-10.587	1.2025	0	-0
-9.1202	1.2025	0	-0
-7.6539	1.2025	0	-0
-6.1876	1.2025	0	-0
-4.7213	1.2025	0	-0
-3.255	1.2025	0	-0
-1.7887	1.2025	0.0011393	0.00062225
-0.32241	1.2025	0.0011343	0.00012965
1.1439	1.2025	0.00074568	-4.4754e-005
2.6102	1.2025	0.00057115	-0.00025931
4.0765	1.2025	0.00028108	-0.00015234
5.5428	1.2025	0.00013885	-0.00031639
7.0091	1.2025	-0.00011151	-0.00037946
8.4754	1.2025	-0.00041756	-0.00045353
9.9417	1.2025	-0.00063552	-0.00046396
11.408	1.2025	0	-0
12.874	1.2025	0	-0
14.341	1.2025	0	-0
15.807	1.2025	0	-0
-14.985	-0.2638	0	-0
-13.519	-0.2638	0	-0
-12.053	-0.2638	0	-0
-10.587	-0.2638	0	-0
-9.1202	-0.2638	0	-0
-7.6539	-0.2638	0	-0
-6.1876	-0.2638	0	-0
-4.7213	-0.2638	0	-0
-3.255	-0.2638	0	-0
-1.7887	-0.2638	0.0010487	3.683e-005
-0.32241	-0.2638	0.00087475	-0.00049341
1.1439	-0.2638	0.00076878	-0.00084814
2.6102	-0.2638	0.00048976	-0.0007867
4.0765	-0.2638	0.00034791	-0.00075306
5.5428	-0.2638	8.0722e-005	-0.00081877
7.0091	-0.2638	-0.00016108	-0.0010097
8.4754	-0.2638	-0.00048929	-0.0011368
9.9417	-0.2638	-0.00063656	-0.001218
11.408	-0.2638	0	-0
12.874	-0.2638	0	-0
14.341	-0.2638	0	-0
15.807	-0.2638	0	-0
-14.985	-1.7301	0	-0
-13.519	-1.7301	0	-0
-12.053	-1.7301	0	-0
-10.587	-1.7301	0	-0
-9.1202	-1.7301	0	-0
-7.6539	-1.7301	0	-0
-6.1876	-1.7301	0	-0
-4.7213	-1.7301	0	-0
-3.255	-1.7301	0	-0
-1.7887	-1.7301	0.00079776	-0.00069249
-0.32241	-1.7301	0.00076083	-0.00099435
1.1439	-1.7301	0.0011525	-0.0021206
2.6102	-1.7301	0.00032417	-0.001424
4.0765	-1.7301	0.00016757	-0.0013925
5.5428	-1.7301	-0.00015895	-0.0013586
7.0091	-1.7301	-0.0003876	-0.0015258
8.4754	-1.7301	-0.0007013	-0.0018378
9.9417	-1.7301	-0.00092555	-0.0020165
11.408	-1.7301	0	-0
12.874	-1.7301	0	-0
14.341	-1.7301	0	-0
15.807	-1.7301	0	-0
-14.985	-3.1964	0	-0
-13.519	-3.1964	0	-0
-12.053	-3.1964	0	-0
-10.587	-3.1964	0	-0
-9.1202	-3.1964	0	-0
-7.6539	-3.1964	0	-0
-6.1876	-3.1964	0	-0
-4.7213	-3.1964	0	-0
-3.255	-3.1964	0	-0
-1.7887	-3.1964	0.00058812	-0.0011469
-0.32241	-3.1964	0.00062697	-0.0014981
1.1439	-3.1964	0.00044924	-0.0016554
2.6102	-3.1964	0.00016292	-0.0019638
4.0765	-3.1964	-9.1483e-005	-0.0018977
5.5428	-3.1964	-0.00038156	-0.001999
7.0091	-3.1964	-0.00073842	-0.0021645
8.4754	-3.1964	-0.0010361	-0.0025522
9.9417	-3.1964	-0.0012391	-0.002796
11.408	-3.1964	0	-0
12.874	-3.1964	0	-0
14.341	-3.1964	0	-0
15.807	-3.1964	0	-0
-14.985	-4.6627	0	-0
-13.519	-4.6627	0	-0
-12.053	-4.6627	0	-0
-10.587	-4.6627	0	-0
-9.1202	-4.6627	0	-0
-7.6539	-4.6627	0	-0
-6.1876	-4.6627	0	-0
-4.7213	-4.6627	0	-0
-3.255	-4.6627	0	-0
-1.7887	-4.6627	0.00030978	-0.001533
-0.32241	-4.6627	0.00039714	-0.0018615
1.1439	-4.6627	0.00020461	-0.0020962
2.6102	-4.6627	3.765e-005	-0.0023719
4.0765	-4.6627	-0.00027984	-0.0025092
5.5428	-4.6627	-0.00061084	-0.0026975
7.0091	-4.6627	-0.0010284	-0.0029424
8.4754	-4.6627	-0.0013583	-0.0033311
9.9417	-4.6627	-0.0014401	-0.0036523
11.408	-4.6627	0	-0
12.874	-4.6627	0	-0
14.341	-4.6627	0	-0
15.807	-4.6627	0	-0
-14.985	-6.129	0	-0
-13.519	-6.129	0	-0
-12.053	-6.129	0	-0
-10.587	-6.129	0	-0
-9.1202	-6.129	0	-0
-7.6539	-6.129	0	-0
-6.1876	-6.129	0	-0
-4.7213	-6.129	0	-0
-3.255	-6.129	0	-0
-1.7887	-6.129	-4.6745e-006	-0.0020992
-0.32241	-6.129	0.00024337	-0.0024204
1.1439	-6.129	-9.1172e-005	-0.0026263
2.6102	-6.129	-0.00029464	-0.0028988
4.0765	-6.129	-0.00049954	-0.0031632
5.5428	-6.129	-0.00077226	-0.0033781
7.0091	-6.129	-0.0011219	-0.0036958
8.4754	-6.129	-0.0014186	-0.0040037
9.9417	-6.129	-0.0015713	-0.0044402
11.408	-6.129	0	-0
12.874	-6.129	0	-0
14.341	-6.129	0	-0
15.807	-6.129	0	-0
-14.985	-7.5953	0	-0
-13.519	-7.5953	0	-0
-12.053	-7.5953	0	-0
-10.587	-7.5953	0	-0
-9.1202	-7.5953	0	-0
-7.6539	-7.5953	0	-0
-6.1876	-7.5953	0	-0
-4.7213	-7.5953	0	-0
-3.255	-7.5953	0	-0
-1.7887	-7.5953	-0.00015194	-0.0025995
-0.32241	-7.5953	-2.7581e-005	-0.0029409
1.1439	-7.5953	-0.00034276	-0.0031103
2.6102	-7.5953	-0.00058456	-0.0034387
4.0765	-7.5953	-0.00067709	-0.0036666
5.5428	-7.5953	-0.00087696	-0.003941
7.0091	-7.5953	-0.001146	-0.0043542
8.4754	-7.5953	-0.0014851	-0.0047543
9.9417	-7.5953	-0.0016403	-0.0053294
11.408	-7.5953	0	-0
12.874	-7.5953	0	-0
14.341	-7.5953	0	-0
15.807	-7.5953	0	-0
-14.985	-9.0616	0	-0
-13.519	-9.0616	0	-0
-12.053	-9.0616	0	-0
-10.587	-9.0616	0	-0
-9.1202	-9.0616	0	-0
-7.6539	-9.0616	0	-0
-6.1876	-9.0616	0	-0
-4.7213	-9.0616	0	-0
-3.255	-9.0616	0	-0
-1.7887	-9.0616	-0.00039748	-0.0033051
-0.32241	-9.0616	-0.00034372	-0.0034732
1.1439	-9.0616	-0.00057646	-0.003558
2.6102	-9.0616	-0.0007527	-0.003756
4.0765	-9.0616	-0.00076296	-0.0041613
5.5428	-9.0616	-0.0010678	-0.0045246
7.0091	-9.0616	-0.0013248	-0.0050373
8.4754	-9.0616	-0.0015425	-0.0056128
9.9417	-9.0616	-0.0017104	-0.006087
11.408	-9.0616	0	-0
12.874	-9.0616	0	-0
14.341	-9.0616	0	-0
15.807	-9.0616	0	-0
-14.985	-10.528	0	-0
-13.519	-10.528	0	-0
-12.053	-10.528	0	-0
-10.587	-10.528	0	-0
-9.1202	-10.528	0	-0
-7.6539	-10.528	0	-0
-6.1876	-10.528	0	-0
-4.7213	-10.528	0	-0
-3.255	-10.528	0	-0
-1.7887	-10.528	-0.00067815	-0.0038211
-0.32241	-10.528	-0.00067734	-0.0040342
1.1439	-10.528	-0.00086659	-0.0041667
2.6102	-10.528	-0.00098815	-0.0043342
4.0765	-10.528	-0.00116	-0.00457
5.5428	-10.528	-0.0013411	-0.0051273
7.0091	-10.528	-0.0015276	-0.0057346
8.4754	-10.528	-0.0017211	-0.0063608
9.9417	-10.528	-0.0018462	-0.0068291
11.408	-10.528	0	-0
12.874	-10.528	0	-0
14.341	-10.528	0	-0
15.807	-10.528	0	-0
-14.985	-11.994	0	-0
-13.519	-11.994	0	-0
-12.053	-11.994	0	-0
-10.587	-11.994	0	-0
-9.1202	-11.994	0	-0
-7.6539	-11.994	0	-0
-6.1876	-11.994	0	-0
-4.7213	-11.994	0	-0
-3.255	-11.994	0	-0
-1.7887	-11.994	0	-0
-0.32241	-11.994	0	-0
1.1439	-11.994	0	-0
2.6102	-11.994	0	-0
4.0765	-11.994	0	-0
5.5428	-11.994	0	-0
7.0091	-11.994	0	-0
8.4754	-11.994	0	-0
9.9417	-11.994	0	-0
11.408	-11.994	0	-0
12.874	-11.994	0	-0
14.341	-11.994	0	-0
15.807	-11.994	0	-0
