#DaVis 7.4.0 2D-vector 96 22 22 "" "[mm]" "" "[mm]" "displacement" "[mm]"
-14.985	18.798	0	-0
-13.519	18.798	0	-0
-12.053	18.798	0	-0
-10.587	18.798	0	-0
-9.1202	18.798	0	-0
-7.6539	18.798	0	-0
-6.1876	18.798	0	-0
-4.7213	18.798	0	-0
-3.255	18.798	0	-0
-1.7887	18.798	0	-0
-0.32241	18.798	-0.0028554	0.043942
1.1439	18.798	-0.0040367	0.046355
2.6102	18.798	0.12857	-0.66725
4.0765	18.798	-0.0059312	0.039824
5.5428	18.798	-0.0070018	0.03856
7.0091	18.798	-0.28797	-0.50456
8.4754	18.798	-0.0094076	0.034308
9.9417	18.798	-0.010588	0.039284
11.408	18.798	0	-0
12.874	18.798	0	-0
14.341	18.798	0	-0
15.807	18.798	0	-0
-14.985	17.332	0	-0
-13.519	17.332	0	-0
-12.053	17.332	0	-0
-10.587	17.332	0	-0
-9.1202	17.332	0	-0
-7.6539	17.332	0	-0
-6.1876	17.332	0	-0
-4.7213	17.332	0	-0
-3.255	17.332	0	-0
-1.7887	17.332	-0.0010323	0.039585
-0.32241	17.332	-0.0025855	0.039904
1.1439	17.332	-0.0033931	0.039422
2.6102	17.332	-0.0041793	0.039066
4.0765	17.332	-0.0050268	0.038153
5.5428	17.332	-0.0063712	0.038879
7.0091	17.332	-0.0076402	0.038909
8.4754	17.332	-0.0087298	0.038931
9.9417	17.332	-0.0097417	0.041664
11.408	17.332	0	-0
12.874	17.332	0	-0
14.341	17.332	0	-0
15.807	17.332	0	-0
-14.985	15.866	0	-0
-13.519	15.866	0	-0
-12.053	15.866	0	-0
-10.587	15.866	0	-0
-9.1202	15.866	0	-0
-7.6539	15.866	0	-0
-6.1876	15.866	0	-0
-4.7213	15.866	0	-0
-3.255	15.866	0	-0
-1.7887	15.866	-0.00053778	0.035783
-0.32241	15.866	-0.0017659	0.036501
1.1439	15.866	-0.0024234	0.036529
2.6102	15.866	-0.0032409	0.035631
4.0765	15.866	-0.004146	0.036051
5.5428	15.866	-0.0050241	0.035746
7.0091	15.866	-0.0057242	0.035959
8.4754	15.866	-0.0067826	0.036789
9.9417	15.866	-0.0077907	0.037965
11.408	15.866	0	-0
12.874	15.866	0	-0
14.341	15.866	0	-0
15.807	15.866	0	-0
-14.985	14.399	0	-0
-13.519	14.399	0	-0
-12.053	14.399	0	-0
-10.587	14.399	0	-0
-9.1202	14.399	0	-0
-7.6539	14.399	0	-0
-6.1876	14.399	0	-0
-4.7213	14.399	0	-0
-3.255	14.399	0	-0
-1.7887	14.399	-4.4145e-005	0.032774
-0.32241	14.399	-0.0010288	0.034062
1.1439	14.399	-0.0019916	0.033741
2.6102	14.399	-0.0021341	0.033374
4.0765	14.399	-0.0025628	0.033452
5.5428	14.399	-0.0033183	0.03285
7.0091	14.399	-0.0039936	0.032971
8.4754	14.399	-0.0050786	0.033677
9.9417	14.399	-0.0062455	0.035758
11.408	14.399	0	-0
12.874	14.399	0	-0
14.341	14.399	0	-0
15.807	14.399	0	-0
-14.985	12.933	0	-0
-13.519	12.933	0	-0
-12.053	12.933	0	-0
-10.587	12.933	0	-0
-9.1202	12.933	0	-0
-7.6539	12.933	0	-0
-6.1876	12.933	0	-0
-4.7213	12.933	0	-0
-3.255	12.933	0	-0
-1.7887	12.933	0.0013662	0.030428
-0.32241	12.933	0.0003711	0.030589
1.1439	12.933	-0.00022275	0.030047
2.6102	12.933	-0.00068802	0.029682
4.0765	12.933	-0.0011339	0.029733
5.5428	12.933	-0.001998	0.029543
7.0091	12.933	-0.0024099	0.029676
8.4754	12.933	-0.0037657	0.030001
9.9417	12.933	-0.00512	0.0304
11.408	12.933	0	-0
12.874	12.933	0	-0
14.341	12.933	0	-0
15.807	12.933	0	-0
-14.985	11.467	0	-0
-13.519	11.467	0	-0
-12.053	11.467	0	-0
-10.587	11.467	0	-0
-9.1202	11.467	0	-0
-7.6539	11.467	0	-0
-6.1876	11.467	0	-0
-4.7213	11.467	0	-0
-3.255	11.467	0	-0
-1.7887	11.467	0.0027078	0.026882
-0.32241	11.467	0.0019417	0.027023
1.1439	11.467	0.00082713	0.026779
2.6102	11.467	0.00052488	0.025795
4.0765	11.467	8.4101e-005	0.024834
5.5428	11.467	-0.0007988	0.024567
7.0091	11.467	-0.001753	0.024642
8.4754	11.467	-0.0028254	0.02566
9.9417	11.467	-0.004161	0.026086
11.408	11.467	0	-0
12.874	11.467	0	-0
14.341	11.467	0	-0
15.807	11.467	0	-0
-14.985	10	0	-0
-13.519	10	0	-0
-12.053	10	0	-0
-10.587	10	0	-0
-9.1202	10	0	-0
-7.6539	10	0	-0
-6.1876	10	0	-0
-4.7213	10	0	-0
-3.255	10	0	-0
-1.7887	10	0.003553	0.024345
-0.32241	10	0.0034089	0.02397
1.1439	10	0.0018247	0.024277
2.6102	10	0.0011426	0.022953
4.0765	10	0.00047274	0.021124
5.5428	10	-0.00019848	0.020282
7.0091	10	-0.001341	0.020015
8.4754	10	-0.0022816	0.020924
9.9417	10	-0.0034812	0.022014
11.408	10	0	-0
12.874	10	0	-0
14.341	10	0	-0
15.807	10	0	-0
-14.985	8.534	0	-0
-13.519	8.534	0	-0
-12.053	8.534	0	-0
-10.587	8.534	0	-0
-9.1202	8.534	0	-0
-7.6539	8.534	0	-0
-6.1876	8.534	0	-0
-4.7213	8.534	0	-0
-3.255	8.534	0	-0
-1.7887	8.534	0.0029646	0.02148
-0.32241	8.534	0.0035984	0.021104
1.1439	8.534	0.0023249	0.021192
2.6102	8.534	0.00095865	0.020082
4.0765	8.534	0.00039134	0.018891
5.5428	8.534	-0.00032687	0.017489
7.0091	8.534	-0.0010753	0.01687
8.4754	8.534	-0.0025661	0.017618
9.9417	8.534	-0.0037481	0.018448
11.408	8.534	0	-0
12.874	8.534	0	-0
14.341	8.534	0	-0
15.807	8.534	0	-0
-14.985	7.0677	0	-0
-13.519	7.0677	0	-0
-12.053	7.0677	0	-0
-10.587	7.0677	0	-0
-9.1202	7.0677	0	-0
-7.6539	7.0677	0	-0
-6.1876	7.0677	0	-0
-4.7213	7.0677	0	-0
-3.255	7.0677	0	-0
-1.7887	7.0677	0.0022525	0.018221
-0.32241	7.0677	0.0038576	0.017311
1.1439	7.0677	0.0026414	0.017301
2.6102	7.0677	0.00078582	0.016872
4.0765	7.0677	-0.00061046	0.016203
5.5428	7.0677	-0.0012688	0.014899
7.0091	7.0677	-0.0018549	0.013421
8.4754	7.0677	-0.0034377	0.013481
9.9417	7.0677	-0.0044703	0.014292
11.408	7.0677	0	-0
12.874	7.0677	0	-0
14.341	7.0677	0	-0
15.807	7.0677	0	-0
-14.985	5.6014	0	-0
-13.519	5.6014	0	-0
-12.053	5.6014	0	-0
-10.587	5.6014	0	-0
-9.1202	5.6014	0	-0
-7.6539	5.6014	0	-0
-6.1876	5.6014	0	-0
-4.7213	5.6014	0	-0
-3.255	5.6014	0	-0
-1.7887	5.6014	0.0025714	0.01451
-0.32241	5.6014	0.0043533	0.013566
1.1439	5.6014	0.0036043	0.012491
2.6102	5.6014	0.00095589	0.012132
4.0765	5.6014	-0.00096243	0.012449
5.5428	5.6014	-0.0020114	0.01122
7.0091	5.6014	-0.0031239	0.0096607
8.4754	5.6014	-0.004234	0.0089255
9.9417	5.6014	-0.0050541	0.0094123
11.408	5.6014	0	-0
12.874	5.6014	0	-0
14.341	5.6014	0	-0
15.807	5.6014	0	-0
-14.985	4.1351	0	-0
-13.519	4.1351	0	-0
-12.053	4.1351	0	-0
-10.587	4.1351	0	-0
-9.1202	4.1351	0	-0
-7.6539	4.1351	0	-0
-6.1876	4.1351	0	-0
-4.7213	4.1351	0	-0
-3.255	4.1351	0	-0
-1.7887	4.1351	0.0039937	0.010474
-0.32241	4.1351	0.0053543	0.0095423
1.1439	4.1351	0.0043608	0.0083906
2.6102	4.1351	0.0018647	0.0074928
4.0765	4.1351	0.00027371	0.0073137
5.5428	4.1351	-0.0013841	0.0064222
7.0091	4.1351	-0.0031809	0.0057211
8.4754	4.1351	-0.0044356	0.0049424
9.9417	4.1351	-0.0052478	0.0053213
11.408	4.1351	0	-0
12.874	4.1351	0	-0
14.341	4.1351	0	-0
15.807	4.1351	0	-0
-14.985	2.6688	0	-0
-13.519	2.6688	0	-0
-12.053	2.6688	0	-0
-10.587	2.6688	0	-0
-9.1202	2.6688	0	-0
-7.6539	2.6688	0	-0
-6.1876	2.6688	0	-0
-4.7213	2.6688	0	-0
-3.255	2.6688	0	-0
-1.7887	2.6688	0.0043692	0.0068004
-0.32241	2.6688	0.0058619	0.0051449
1.1439	2.6688	0.0049297	0.0040395
2.6102	2.6688	0.0031303	0.0034466
4.0765	2.6688	0.0016106	0.0031796
5.5428	2.6688	-6.5205e-005	0.002665
7.0091	2.6688	-0.0015834	0.0021364
8.4754	2.6688	-0.003042	0.0017426
9.9417	2.6688	-0.0041109	0.0018007
11.408	2.6688	0	-0
12.874	2.6688	0	-0
14.341	2.6688	0	-0
15.807	2.6688	0	-0
-14.985	1.2025	0	-0
-13.519	1.2025	0	-0
-12.053	1.2025	0	-0
-10.587	1.2025	0	-0
-9.1202	1.2025	0	-0
-7.6539	1.2025	0	-0
-6.1876	1.2025	0	-0
-4.7213	1.2025	0	-0
-3.255	1.2025	0	-0
-1.7887	1.2025	0.0052337	0.0027879
-0.32241	1.2025	0.0065825	0.0015876
1.1439	1.2025	0.0050386	0.000513
2.6102	1.2025	0.0035664	-0.00064899
4.0765	1.2025	0.002266	-0.00096334
5.5428	1.2025	0.0012487	-0.0012832
7.0091	1.2025	9.9192e-005	-0.0017858
8.4754	1.2025	-0.0018073	-0.0023744
9.9417	1.2025	-0.0032118	-0.0025843
11.408	1.2025	0	-0
12.874	1.2025	0	-0
14.341	1.2025	0	-0
15.807	1.2025	0	-0
-14.985	-0.2638	0	-0
-13.519	-0.2638	0	-0
-12.053	-0.2638	0	-0
-10.587	-0.2638	0	-0
-9.1202	-0.2638	0	-0
-7.6539	-0.2638	0	-0
-6.1876	-0.2638	0	-0
-4.7213	-0.2638	0	-0
-3.255	-0.2638	0	-0
-1.7887	-0.2638	0.0054119	-0.0011347
-0.32241	-0.2638	0.0049642	-0.0027537
1.1439	-0.2638	0.0048167	-0.0039929
2.6102	-0.2638	0.0033971	-0.0047954
4.0765	-0.2638	0.0019741	-0.0044669
5.5428	-0.2638	0.00094011	-0.0047135
7.0091	-0.2638	-0.00047267	-0.0059059
8.4754	-0.2638	-0.0021659	-0.0071592
9.9417	-0.2638	-0.0032977	-0.0077704
11.408	-0.2638	0	-0
12.874	-0.2638	0	-0
14.341	-0.2638	0	-0
15.807	-0.2638	0	-0
-14.985	-1.7301	0	-0
-13.519	-1.7301	0	-0
-12.053	-1.7301	0	-0
-10.587	-1.7301	0	-0
-9.1202	-1.7301	0	-0
-7.6539	-1.7301	0	-0
-6.1876	-1.7301	0	-0
-4.7213	-1.7301	0	-0
-3.255	-1.7301	0	-0
-1.7887	-1.7301	0.0043278	-0.0054509
-0.32241	-1.7301	0.0043635	-0.0065285
1.1439	-1.7301	0.0042446	-0.0073861
2.6102	-1.7301	0.0020179	-0.0086087
4.0765	-1.7301	0.000705	-0.0086549
5.5428	-1.7301	-0.00073329	-0.0085679
7.0091	-1.7301	-0.002038	-0.009834
8.4754	-1.7301	-0.003507	-0.011787
9.9417	-1.7301	-0.0050308	-0.01286
11.408	-1.7301	0	-0
12.874	-1.7301	0	-0
14.341	-1.7301	0	-0
15.807	-1.7301	0	-0
-14.985	-3.1964	0	-0
-13.519	-3.1964	0	-0
-12.053	-3.1964	0	-0
-10.587	-3.1964	0	-0
-9.1202	-3.1964	0	-0
-7.6539	-3.1964	0	-0
-6.1876	-3.1964	0	-0
-4.7213	-3.1964	0	-0
-3.255	-3.1964	0	-0
-1.7887	-3.1964	0.0037444	-0.0094346
-0.32241	-3.1964	0.0031521	-0.0099987
1.1439	-3.1964	0.002859	-0.010717
2.6102	-3.1964	0.00097829	-0.012383
4.0765	-3.1964	-0.00038313	-0.012778
5.5428	-3.1964	-0.0021123	-0.013365
7.0091	-3.1964	-0.0039436	-0.015035
8.4754	-3.1964	-0.0056306	-0.017116
9.9417	-3.1964	-0.0068825	-0.018489
11.408	-3.1964	0	-0
12.874	-3.1964	0	-0
14.341	-3.1964	0	-0
15.807	-3.1964	0	-0
-14.985	-4.6627	0	-0
-13.519	-4.6627	0	-0
-12.053	-4.6627	0	-0
-10.587	-4.6627	0	-0
-9.1202	-4.6627	0	-0
-7.6539	-4.6627	0	-0
-6.1876	-4.6627	0	-0
-4.7213	-4.6627	0	-0
-3.255	-4.6627	0	-0
-1.7887	-4.6627	0.0024417	-0.012357
-0.32241	-4.6627	0.0018456	-0.013227
1.1439	-4.6627	0.0010319	-0.014168
2.6102	-4.6627	0.00026893	-0.015899
4.0765	-4.6627	-0.0013765	-0.017286
5.5428	-4.6627	-0.0032496	-0.018523
7.0091	-4.6627	-0.0056649	-0.020252
8.4754	-4.6627	-0.0074102	-0.022261
9.9417	-4.6627	-0.0081155	-0.02403
11.408	-4.6627	0	-0
12.874	-4.6627	0	-0
14.341	-4.6627	0	-0
15.807	-4.6627	0	-0
-14.985	-6.129	0	-0
-13.519	-6.129	0	-0
-12.053	-6.129	0	-0
-10.587	-6.129	0	-0
-9.1202	-6.129	0	-0
-7.6539	-6.129	0	-0
-6.1876	-6.129	0	-0
-4.7213	-6.129	0	-0
-3.255	-6.129	0	-0
-1.7887	-6.129	0.0010052	-0.016603
-0.32241	-6.129	0.00074865	-0.01732
1.1439	-6.129	-0.00043081	-0.01844
2.6102	-6.129	-0.0014774	-0.02008
4.0765	-6.129	-0.002821	-0.021258
5.5428	-6.129	-0.0044217	-0.022428
7.0091	-6.129	-0.0063508	-0.024402
8.4754	-6.129	-0.0079081	-0.026367
9.9417	-6.129	-0.0087232	-0.028647
11.408	-6.129	0	-0
12.874	-6.129	0	-0
14.341	-6.129	0	-0
15.807	-6.129	0	-0
-14.985	-7.5953	0	-0
-13.519	-7.5953	0	-0
-12.053	-7.5953	0	-0
-10.587	-7.5953	0	-0
-9.1202	-7.5953	0	-0
-7.6539	-7.5953	0	-0
-6.1876	-7.5953	0	-0
-4.7213	-7.5953	0	-0
-3.255	-7.5953	0	-0
-1.7887	-7.5953	-0.00011446	-0.019363
-0.32241	-7.5953	-0.00056158	-0.02054
1.1439	-7.5953	-0.0020778	-0.021675
2.6102	-7.5953	-0.00318	-0.022702
4.0765	-7.5953	-0.0040271	-0.023905
5.5428	-7.5953	-0.0053491	-0.025632
7.0091	-7.5953	-0.0067851	-0.027844
8.4754	-7.5953	-0.0081556	-0.030735
9.9417	-7.5953	-0.008913	-0.033795
11.408	-7.5953	0	-0
12.874	-7.5953	0	-0
14.341	-7.5953	0	-0
15.807	-7.5953	0	-0
-14.985	-9.0616	0	-0
-13.519	-9.0616	0	-0
-12.053	-9.0616	0	-0
-10.587	-9.0616	0	-0
-9.1202	-9.0616	0	-0
-7.6539	-9.0616	0	-0
-6.1876	-9.0616	0	-0
-4.7213	-9.0616	0	-0
-3.255	-9.0616	0	-0
-1.7887	-9.0616	-0.0014624	-0.021955
-0.32241	-9.0616	-0.0020986	-0.023106
1.1439	-9.0616	-0.003324	-0.023807
2.6102	-9.0616	-0.0041438	-0.024911
4.0765	-9.0616	-0.0045424	-0.026352
5.5428	-9.0616	-0.0063956	-0.029106
7.0091	-9.0616	-0.0076792	-0.03266
8.4754	-9.0616	-0.0089724	-0.035447
9.9417	-9.0616	-0.0091582	-0.038875
11.408	-9.0616	0	-0
12.874	-9.0616	0	-0
14.341	-9.0616	0	-0
15.807	-9.0616	0	-0
-14.985	-10.528	0	-0
-13.519	-10.528	0	-0
-12.053	-10.528	0	-0
-10.587	-10.528	0	-0
-9.1202	-10.528	0	-0
-7.6539	-10.528	0	-0
-6.1876	-10.528	0	-0
-4.7213	-10.528	0	-0
-3.255	-10.528	0	-0
-1.7887	-10.528	-0.0025783	-0.025378
-0.32241	-10.528	-0.0034175	-0.026745
1.1439	-10.528	-0.004557	-0.026974
2.6102	-10.528	-0.0052657	-0.027959
4.0765	-10.528	-0.0062851	-0.030504
5.5428	-10.528	-0.0071216	-0.034001
7.0091	-10.528	-0.0081677	-0.037488
8.4754	-10.528	-0.0097084	-0.040903
9.9417	-10.528	-0.0095776	-0.044336
11.408	-10.528	0	-0
12.874	-10.528	0	-0
14.341	-10.528	0	-0
15.807	-10.528	0	-0
-14.985	-11.994	0	-0
-13.519	-11.994	0	-0
-12.053	-11.994	0	-0
-10.587	-11.994	0	-0
-9.1202	-11.994	0	-0
-7.6539	-11.994	0	-0
-6.1876	-11.994	0	-0
-4.7213	-11.994	0	-0
-3.255	-11.994	0	-0
-1.7887	-11.994	0	-0
-0.32241	-11.994	0	-0
1.1439	-11.994	0	-0
2.6102	-11.994	0	-0
4.0765	-11.994	0	-0
5.5428	-11.994	0	-0
7.0091	-11.994	0	-0
8.4754	-11.994	0	-0
9.9417	-11.994	0	-0
11.408	-11.994	0	-0
12.874	-11.994	0	-0
14.341	-11.994	0	-0
15.807	-11.994	0	-0
