#DaVis 7.4.0 2D-vector 96 22 22 "" "[mm]" "" "[mm]" "displacement" "[mm]"
-14.985	18.798	0	-0
-13.519	18.798	0	-0
-12.053	18.798	0	-0
-10.587	18.798	0	-0
-9.1202	18.798	0	-0
-7.6539	18.798	0	-0
-6.1876	18.798	0	-0
-4.7213	18.798	0	-0
-3.255	18.798	0	-0
-1.7887	18.798	0	-0
-0.32241	18.798	-0.0021036	0.050077
1.1439	18.798	-0.0031129	0.056474
2.6102	18.798	0.71157	0.96312
4.0765	18.798	-0.0056506	0.04012
5.5428	18.798	-0.008194	0.0447
7.0091	18.798	-0.25089	-0.71813
8.4754	18.798	-0.011622	0.056756
9.9417	18.798	-0.013985	0.056263
11.408	18.798	0	-0
12.874	18.798	0	-0
14.341	18.798	0	-0
15.807	18.798	0	-0
-14.985	17.332	0	-0
-13.519	17.332	0	-0
-12.053	17.332	0	-0
-10.587	17.332	0	-0
-9.1202	17.332	0	-0
-7.6539	17.332	0	-0
-6.1876	17.332	0	-0
-4.7213	17.332	0	-0
-3.255	17.332	0	-0
-1.7887	17.332	-0.00076498	0.056404
-0.32241	17.332	-0.0018911	0.057005
1.1439	17.332	-0.0030168	0.057691
2.6102	17.332	-0.0040948	0.054729
4.0765	17.332	-0.0055844	0.053597
5.5428	17.332	-0.0074793	0.055467
7.0091	17.332	-0.0092286	0.055983
8.4754	17.332	-0.010676	0.055968
9.9417	17.332	-0.012508	0.059475
11.408	17.332	0	-0
12.874	17.332	0	-0
14.341	17.332	0	-0
15.807	17.332	0	-0
-14.985	15.866	0	-0
-13.519	15.866	0	-0
-12.053	15.866	0	-0
-10.587	15.866	0	-0
-9.1202	15.866	0	-0
-7.6539	15.866	0	-0
-6.1876	15.866	0	-0
-4.7213	15.866	0	-0
-3.255	15.866	0	-0
-1.7887	15.866	-0.00082377	0.051468
-0.32241	15.866	-0.0010061	0.053496
1.1439	15.866	-0.00194	0.053159
2.6102	15.866	-0.0030057	0.051938
4.0765	15.866	-0.004523	0.051506
5.5428	15.866	-0.0054082	0.050945
7.0091	15.866	-0.0065454	0.051775
8.4754	15.866	-0.0083042	0.053187
9.9417	15.866	-0.0099074	0.054305
11.408	15.866	0	-0
12.874	15.866	0	-0
14.341	15.866	0	-0
15.807	15.866	0	-0
-14.985	14.399	0	-0
-13.519	14.399	0	-0
-12.053	14.399	0	-0
-10.587	14.399	0	-0
-9.1202	14.399	0	-0
-7.6539	14.399	0	-0
-6.1876	14.399	0	-0
-4.7213	14.399	0	-0
-3.255	14.399	0	-0
-1.7887	14.399	-0.00064972	0.048514
-0.32241	14.399	-0.00046715	0.050408
1.1439	14.399	-0.0011237	0.049289
2.6102	14.399	-0.0018053	0.04871
4.0765	14.399	-0.002673	0.048648
5.5428	14.399	-0.0034885	0.047094
7.0091	14.399	-0.0044298	0.046787
8.4754	14.399	-0.0061058	0.048818
9.9417	14.399	-0.0080001	0.048811
11.408	14.399	0	-0
12.874	14.399	0	-0
14.341	14.399	0	-0
15.807	14.399	0	-0
-14.985	12.933	0	-0
-13.519	12.933	0	-0
-12.053	12.933	0	-0
-10.587	12.933	0	-0
-9.1202	12.933	0	-0
-7.6539	12.933	0	-0
-6.1876	12.933	0	-0
-4.7213	12.933	0	-0
-3.255	12.933	0	-0
-1.7887	12.933	-0.00034456	0.044067
-0.32241	12.933	0.0010893	0.044578
1.1439	12.933	0.0013488	0.044067
2.6102	12.933	0.00036185	0.043223
4.0765	12.933	-0.00041725	0.042849
5.5428	12.933	-0.0016874	0.042331
7.0091	12.933	-0.0023843	0.041884
8.4754	12.933	-0.0043239	0.042289
9.9417	12.933	-0.0063847	0.043096
11.408	12.933	0	-0
12.874	12.933	0	-0
14.341	12.933	0	-0
15.807	12.933	0	-0
-14.985	11.467	0	-0
-13.519	11.467	0	-0
-12.053	11.467	0	-0
-10.587	11.467	0	-0
-9.1202	11.467	0	-0
-7.6539	11.467	0	-0
-6.1876	11.467	0	-0
-4.7213	11.467	0	-0
-3.255	11.467	0	-0
-1.7887	11.467	0.00068502	0.039434
-0.32241	11.467	0.0034866	0.039698
1.1439	11.467	0.002763	0.039377
2.6102	11.467	0.0021023	0.03781
4.0765	11.467	0.001242	0.036376
5.5428	11.467	-6.4055e-005	0.035851
7.0091	11.467	-0.0013871	0.035917
8.4754	11.467	-0.0030994	0.036695
9.9417	11.467	-0.0051399	0.037306
11.408	11.467	0	-0
12.874	11.467	0	-0
14.341	11.467	0	-0
15.807	11.467	0	-0
-14.985	10	0	-0
-13.519	10	0	-0
-12.053	10	0	-0
-10.587	10	0	-0
-9.1202	10	0	-0
-7.6539	10	0	-0
-6.1876	10	0	-0
-4.7213	10	0	-0
-3.255	10	0	-0
-1.7887	10	0.0016504	0.036462
-0.32241	10	0.0054109	0.035733
1.1439	10	0.0037971	0.036027
2.6102	10	0.0022467	0.034033
4.0765	10	0.0015066	0.031202
5.5428	10	0.00047985	0.029745
7.0091	10	-0.0010823	0.029702
8.4754	10	-0.0024743	0.030457
9.9417	10	-0.0043	0.032012
11.408	10	0	-0
12.874	10	0	-0
14.341	10	0	-0
15.807	10	0	-0
-14.985	8.534	0	-0
-13.519	8.534	0	-0
-12.053	8.534	0	-0
-10.587	8.534	0	-0
-9.1202	8.534	0	-0
-7.6539	8.534	0	-0
-6.1876	8.534	0	-0
-4.7213	8.534	0	-0
-3.255	8.534	0	-0
-1.7887	8.534	-0.00044018	0.031871
-0.32241	8.534	0.005253	0.03151
1.1439	8.534	0.0043214	0.031522
2.6102	8.534	0.0017737	0.02973
4.0765	8.534	0.0010092	0.027573
5.5428	8.534	1.6176e-005	0.025446
7.0091	8.534	-0.00096069	0.024362
8.4754	8.534	-0.0029665	0.025492
9.9417	8.534	-0.0047837	0.026796
11.408	8.534	0	-0
12.874	8.534	0	-0
14.341	8.534	0	-0
15.807	8.534	0	-0
-14.985	7.0677	0	-0
-13.519	7.0677	0	-0
-12.053	7.0677	0	-0
-10.587	7.0677	0	-0
-9.1202	7.0677	0	-0
-7.6539	7.0677	0	-0
-6.1876	7.0677	0	-0
-4.7213	7.0677	0	-0
-3.255	7.0677	0	-0
-1.7887	7.0677	-0.0010581	0.027449
-0.32241	7.0677	0.0052113	0.026347
1.1439	7.0677	0.0043282	0.025844
2.6102	7.0677	0.0016947	0.024913
4.0765	7.0677	-0.00011954	0.023648
5.5428	7.0677	-0.0010745	0.021831
7.0091	7.0677	-0.0021168	0.019587
8.4754	7.0677	-0.0044648	0.019771
9.9417	7.0677	-0.0060433	0.021075
11.408	7.0677	0	-0
12.874	7.0677	0	-0
14.341	7.0677	0	-0
15.807	7.0677	0	-0
-14.985	5.6014	0	-0
-13.519	5.6014	0	-0
-12.053	5.6014	0	-0
-10.587	5.6014	0	-0
-9.1202	5.6014	0	-0
-7.6539	5.6014	0	-0
-6.1876	5.6014	0	-0
-4.7213	5.6014	0	-0
-3.255	5.6014	0	-0
-1.7887	5.6014	0.00049018	0.022492
-0.32241	5.6014	0.0061324	0.020966
1.1439	5.6014	0.0059127	0.019341
2.6102	5.6014	0.0021278	0.018432
4.0765	5.6014	-0.00063549	0.018815
5.5428	5.6014	-0.0022935	0.017166
7.0091	5.6014	-0.0040653	0.014596
8.4754	5.6014	-0.0055528	0.013708
9.9417	5.6014	-0.0068657	0.014779
11.408	5.6014	0	-0
12.874	5.6014	0	-0
14.341	5.6014	0	-0
15.807	5.6014	0	-0
-14.985	4.1351	0	-0
-13.519	4.1351	0	-0
-12.053	4.1351	0	-0
-10.587	4.1351	0	-0
-9.1202	4.1351	0	-0
-7.6539	4.1351	0	-0
-6.1876	4.1351	0	-0
-4.7213	4.1351	0	-0
-3.255	4.1351	0	-0
-1.7887	4.1351	0.0037	0.016371
-0.32241	4.1351	0.0079909	0.015253
1.1439	4.1351	0.0068506	0.01332
2.6102	4.1351	0.0032241	0.01192
4.0765	4.1351	0.00086724	0.011779
5.5428	4.1351	-0.0016438	0.0099675
7.0091	4.1351	-0.0043357	0.0088116
8.4754	4.1351	-0.005947	0.0078271
9.9417	4.1351	-0.0071707	0.0084281
11.408	4.1351	0	-0
12.874	4.1351	0	-0
14.341	4.1351	0	-0
15.807	4.1351	0	-0
-14.985	2.6688	0	-0
-13.519	2.6688	0	-0
-12.053	2.6688	0	-0
-10.587	2.6688	0	-0
-9.1202	2.6688	0	-0
-7.6539	2.6688	0	-0
-6.1876	2.6688	0	-0
-4.7213	2.6688	0	-0
-3.255	2.6688	0	-0
-1.7887	2.6688	0.0045354	0.010996
-0.32241	2.6688	0.0084823	0.0088242
1.1439	2.6688	0.0072948	0.0068683
2.6102	2.6688	0.004483	0.0063127
4.0765	2.6688	0.0019494	0.0057508
5.5428	2.6688	-2.9166e-005	0.0046126
7.0091	2.6688	-0.0024356	0.0034287
8.4754	2.6688	-0.0042773	0.0028282
9.9417	2.6688	-0.005953	0.0029046
11.408	2.6688	0	-0
12.874	2.6688	0	-0
14.341	2.6688	0	-0
15.807	2.6688	0	-0
-14.985	1.2025	0	-0
-13.519	1.2025	0	-0
-12.053	1.2025	0	-0
-10.587	1.2025	0	-0
-9.1202	1.2025	0	-0
-7.6539	1.2025	0	-0
-6.1876	1.2025	0	-0
-4.7213	1.2025	0	-0
-3.255	1.2025	0	-0
-1.7887	1.2025	0.0044179	0.0055228
-0.32241	1.2025	0.0092543	0.0035954
1.1439	1.2025	0.0068107	0.0019421
2.6102	1.2025	0.0045661	0.00048575
4.0765	1.2025	0.0029217	-0.0002157
5.5428	1.2025	0.0015016	-0.00082515
7.0091	1.2025	-0.00028264	-0.0019061
8.4754	1.2025	-0.0029197	-0.0028692
9.9417	1.2025	-0.0048548	-0.0034559
11.408	1.2025	0	-0
12.874	1.2025	0	-0
14.341	1.2025	0	-0
15.807	1.2025	0	-0
-14.985	-0.2638	0	-0
-13.519	-0.2638	0	-0
-12.053	-0.2638	0	-0
-10.587	-0.2638	0	-0
-9.1202	-0.2638	0	-0
-7.6539	-0.2638	0	-0
-6.1876	-0.2638	0	-0
-4.7213	-0.2638	0	-0
-3.255	-0.2638	0	-0
-1.7887	-0.2638	0.0047364	0.00037255
-0.32241	-0.2638	0.0060697	-0.0024339
1.1439	-0.2638	0.0064591	-0.0042553
2.6102	-0.2638	0.0043015	-0.0054679
4.0765	-0.2638	0.0023538	-0.0054379
5.5428	-0.2638	0.00079743	-0.0058218
7.0091	-0.2638	-0.0010835	-0.0077359
8.4754	-0.2638	-0.0035059	-0.0094482
9.9417	-0.2638	-0.005078	-0.010187
11.408	-0.2638	0	-0
12.874	-0.2638	0	-0
14.341	-0.2638	0	-0
15.807	-0.2638	0	-0
-14.985	-1.7301	0	-0
-13.519	-1.7301	0	-0
-12.053	-1.7301	0	-0
-10.587	-1.7301	0	-0
-9.1202	-1.7301	0	-0
-7.6539	-1.7301	0	-0
-6.1876	-1.7301	0	-0
-4.7213	-1.7301	0	-0
-3.255	-1.7301	0	-0
-1.7887	-1.7301	0.0029697	-0.0060199
-0.32241	-1.7301	0.0050819	-0.0077521
1.1439	-1.7301	0.0051183	-0.0084379
2.6102	-1.7301	0.0026073	-0.010614
4.0765	-1.7301	0.00052469	-0.010815
5.5428	-1.7301	-0.0014654	-0.010933
7.0091	-1.7301	-0.0034884	-0.012988
8.4754	-1.7301	-0.005457	-0.015928
9.9417	-1.7301	-0.0075809	-0.017536
11.408	-1.7301	0	-0
12.874	-1.7301	0	-0
14.341	-1.7301	0	-0
15.807	-1.7301	0	-0
-14.985	-3.1964	0	-0
-13.519	-3.1964	0	-0
-12.053	-3.1964	0	-0
-10.587	-3.1964	0	-0
-9.1202	-3.1964	0	-0
-7.6539	-3.1964	0	-0
-6.1876	-3.1964	0	-0
-4.7213	-3.1964	0	-0
-3.255	-3.1964	0	-0
-1.7887	-3.1964	0.0027379	-0.011572
-0.32241	-3.1964	0.0033503	-0.012399
1.1439	-3.1964	0.0030987	-0.013121
2.6102	-3.1964	0.001045	-0.015785
4.0765	-3.1964	-0.0010411	-0.016771
5.5428	-3.1964	-0.0035174	-0.01824
7.0091	-3.1964	-0.0060253	-0.020779
8.4754	-3.1964	-0.0084229	-0.02353
9.9417	-3.1964	-0.010107	-0.02551
11.408	-3.1964	0	-0
12.874	-3.1964	0	-0
14.341	-3.1964	0	-0
15.807	-3.1964	0	-0
-14.985	-4.6627	0	-0
-13.519	-4.6627	0	-0
-12.053	-4.6627	0	-0
-10.587	-4.6627	0	-0
-9.1202	-4.6627	0	-0
-7.6539	-4.6627	0	-0
-6.1876	-4.6627	0	-0
-4.7213	-4.6627	0	-0
-3.255	-4.6627	0	-0
-1.7887	-4.6627	0.00087777	-0.016138
-0.32241	-4.6627	0.001831	-0.01736
1.1439	-4.6627	0.0011302	-0.018682
2.6102	-4.6627	-0.00017373	-0.021442
4.0765	-4.6627	-0.0023244	-0.023531
5.5428	-4.6627	-0.0051127	-0.0255
7.0091	-4.6627	-0.0083332	-0.028086
8.4754	-4.6627	-0.010742	-0.030761
9.9417	-4.6627	-0.011789	-0.033238
11.408	-4.6627	0	-0
12.874	-4.6627	0	-0
14.341	-4.6627	0	-0
15.807	-4.6627	0	-0
-14.985	-6.129	0	-0
-13.519	-6.129	0	-0
-12.053	-6.129	0	-0
-10.587	-6.129	0	-0
-9.1202	-6.129	0	-0
-7.6539	-6.129	0	-0
-6.1876	-6.129	0	-0
-4.7213	-6.129	0	-0
-3.255	-6.129	0	-0
-1.7887	-6.129	-0.00062221	-0.022515
-0.32241	-6.129	0.00053173	-0.023059
1.1439	-6.129	-0.00083685	-0.024638
2.6102	-6.129	-0.0025386	-0.026922
4.0765	-6.129	-0.0045328	-0.028723
5.5428	-6.129	-0.006772	-0.030893
7.0091	-6.129	-0.0092937	-0.033724
8.4754	-6.129	-0.011541	-0.036766
9.9417	-6.129	-0.012575	-0.039883
11.408	-6.129	0	-0
12.874	-6.129	0	-0
14.341	-6.129	0	-0
15.807	-6.129	0	-0
-14.985	-7.5953	0	-0
-13.519	-7.5953	0	-0
-12.053	-7.5953	0	-0
-10.587	-7.5953	0	-0
-9.1202	-7.5953	0	-0
-7.6539	-7.5953	0	-0
-6.1876	-7.5953	0	-0
-4.7213	-7.5953	0	-0
-3.255	-7.5953	0	-0
-1.7887	-7.5953	-0.0017322	-0.025844
-0.32241	-7.5953	-0.0014169	-0.027603
1.1439	-7.5953	-0.0034452	-0.02923
2.6102	-7.5953	-0.0049977	-0.030705
4.0765	-7.5953	-0.0062403	-0.032628
5.5428	-7.5953	-0.0080605	-0.035233
7.0091	-7.5953	-0.010148	-0.038499
8.4754	-7.5953	-0.01192	-0.042562
9.9417	-7.5953	-0.012854	-0.047104
11.408	-7.5953	0	-0
12.874	-7.5953	0	-0
14.341	-7.5953	0	-0
15.807	-7.5953	0	-0
-14.985	-9.0616	0	-0
-13.519	-9.0616	0	-0
-12.053	-9.0616	0	-0
-10.587	-9.0616	0	-0
-9.1202	-9.0616	0	-0
-7.6539	-9.0616	0	-0
-6.1876	-9.0616	0	-0
-4.7213	-9.0616	0	-0
-3.255	-9.0616	0	-0
-1.7887	-9.0616	-0.003113	-0.029774
-0.32241	-9.0616	-0.0036881	-0.031106
1.1439	-9.0616	-0.0052262	-0.032028
2.6102	-9.0616	-0.0064115	-0.033942
4.0765	-9.0616	-0.0073355	-0.036176
5.5428	-9.0616	-0.0096034	-0.04013
7.0091	-9.0616	-0.011631	-0.04491
8.4754	-9.0616	-0.013278	-0.049068
9.9417	-9.0616	-0.012943	-0.053798
11.408	-9.0616	0	-0
12.874	-9.0616	0	-0
14.341	-9.0616	0	-0
15.807	-9.0616	0	-0
-14.985	-10.528	0	-0
-13.519	-10.528	0	-0
-12.053	-10.528	0	-0
-10.587	-10.528	0	-0
-9.1202	-10.528	0	-0
-7.6539	-10.528	0	-0
-6.1876	-10.528	0	-0
-4.7213	-10.528	0	-0
-3.255	-10.528	0	-0
-1.7887	-10.528	-0.0044622	-0.034226
-0.32241	-10.528	-0.0055676	-0.036042
1.1439	-10.528	-0.0071344	-0.036768
2.6102	-10.528	-0.0079898	-0.038144
4.0765	-10.528	-0.0095462	-0.041693
5.5428	-10.528	-0.010979	-0.046659
7.0091	-10.528	-0.012438	-0.051631
8.4754	-10.528	-0.014694	-0.056609
9.9417	-10.528	-0.0068486	-0.061171
11.408	-10.528	0	-0
12.874	-10.528	0	-0
14.341	-10.528	0	-0
15.807	-10.528	0	-0
-14.985	-11.994	0	-0
-13.519	-11.994	0	-0
-12.053	-11.994	0	-0
-10.587	-11.994	0	-0
-9.1202	-11.994	0	-0
-7.6539	-11.994	0	-0
-6.1876	-11.994	0	-0
-4.7213	-11.994	0	-0
-3.255	-11.994	0	-0
-1.7887	-11.994	0	-0
-0.32241	-11.994	0	-0
1.1439	-11.994	0	-0
2.6102	-11.994	0	-0
4.0765	-11.994	0	-0
5.5428	-11.994	0	-0
7.0091	-11.994	0	-0
8.4754	-11.994	0	-0
9.9417	-11.994	0	-0
11.408	-11.994	0	-0
12.874	-11.994	0	-0
14.341	-11.994	0	-0
15.807	-11.994	0	-0
