#DaVis 7.4.0 2D-vector 96 22 22 "" "[mm]" "" "[mm]" "displacement" "[mm]"
-14.985	18.798	0	-0
-13.519	18.798	0	-0
-12.053	18.798	0	-0
-10.587	18.798	0	-0
-9.1202	18.798	0	-0
-7.6539	18.798	0	-0
-6.1876	18.798	0	-0
-4.7213	18.798	0	-0
-3.255	18.798	0	-0
-1.7887	18.798	0	-0
-0.32241	18.798	0.0043548	-0.47859
1.1439	18.798	0.0045836	0.077664
2.6102	18.798	0.78833	0.64064
4.0765	18.798	0.012209	-0.55024
5.5428	18.798	0.023733	-0.55401
7.0091	18.798	-0.57204	0.81058
8.4754	18.798	0.046288	0.80302
9.9417	18.798	0.0098394	0.70069
11.408	18.798	0	-0
12.874	18.798	0	-0
14.341	18.798	0	-0
15.807	18.798	0	-0
-14.985	17.332	0	-0
-13.519	17.332	0	-0
-12.053	17.332	0	-0
-10.587	17.332	0	-0
-9.1202	17.332	0	-0
-7.6539	17.332	0	-0
-6.1876	17.332	0	-0
-4.7213	17.332	0	-0
-3.255	17.332	0	-0
-1.7887	17.332	0.0094989	0.089764
-0.32241	17.332	0.0065088	0.088994
1.1439	17.332	0.004427	0.085206
2.6102	17.332	0.0028327	0.092761
4.0765	17.332	0.11776	-0.13269
5.5428	17.332	-0.0022751	0.069396
7.0091	17.332	-0.0050774	0.076654
8.4754	17.332	-0.0069159	0.081044
9.9417	17.332	-0.00819	0.081219
11.408	17.332	0	-0
12.874	17.332	0	-0
14.341	17.332	0	-0
15.807	17.332	0	-0
-14.985	15.866	0	-0
-13.519	15.866	0	-0
-12.053	15.866	0	-0
-10.587	15.866	0	-0
-9.1202	15.866	0	-0
-7.6539	15.866	0	-0
-6.1876	15.866	0	-0
-4.7213	15.866	0	-0
-3.255	15.866	0	-0
-1.7887	15.866	0.0077607	0.084886
-0.32241	15.866	0.0058746	0.085054
1.1439	15.866	0.0042885	0.083596
2.6102	15.866	0.0021904	0.080034
4.0765	15.866	0.00071835	0.078609
5.5428	15.866	-0.0012683	0.077301
7.0091	15.866	-0.0028824	0.076178
8.4754	15.866	-0.0054396	0.076322
9.9417	15.866	-0.0064073	0.076361
11.408	15.866	0	-0
12.874	15.866	0	-0
14.341	15.866	0	-0
15.807	15.866	0	-0
-14.985	14.399	0	-0
-13.519	14.399	0	-0
-12.053	14.399	0	-0
-10.587	14.399	0	-0
-9.1202	14.399	0	-0
-7.6539	14.399	0	-0
-6.1876	14.399	0	-0
-4.7213	14.399	0	-0
-3.255	14.399	0	-0
-1.7887	14.399	0.0069613	0.081277
-0.32241	14.399	0.0052857	0.080496
1.1439	14.399	0.0034448	0.07876
2.6102	14.399	0.0026649	0.076788
4.0765	14.399	0.0015328	0.074628
5.5428	14.399	0.00021316	0.070695
7.0091	14.399	-0.0015081	0.069963
8.4754	14.399	-0.0036698	0.070162
9.9417	14.399	-0.0050768	0.069905
11.408	14.399	0	-0
12.874	14.399	0	-0
14.341	14.399	0	-0
15.807	14.399	0	-0
-14.985	12.933	0	-0
-13.519	12.933	0	-0
-12.053	12.933	0	-0
-10.587	12.933	0	-0
-9.1202	12.933	0	-0
-7.6539	12.933	0	-0
-6.1876	12.933	0	-0
-4.7213	12.933	0	-0
-3.255	12.933	0	-0
-1.7887	12.933	0.0078722	0.074219
-0.32241	12.933	0.0061888	0.073338
1.1439	12.933	0.0050072	0.071056
2.6102	12.933	0.0046908	0.068578
4.0765	12.933	0.0033497	0.06665
5.5428	12.933	0.0013131	0.065005
7.0091	12.933	-0.00041551	0.063559
8.4754	12.933	-0.0032983	0.062785
9.9417	12.933	-0.0041452	0.06191
11.408	12.933	0	-0
12.874	12.933	0	-0
14.341	12.933	0	-0
15.807	12.933	0	-0
-14.985	11.467	0	-0
-13.519	11.467	0	-0
-12.053	11.467	0	-0
-10.587	11.467	0	-0
-9.1202	11.467	0	-0
-7.6539	11.467	0	-0
-6.1876	11.467	0	-0
-4.7213	11.467	0	-0
-3.255	11.467	0	-0
-1.7887	11.467	0.0095521	0.066563
-0.32241	11.467	0.0077365	0.065716
1.1439	11.467	0.0065965	0.063985
2.6102	11.467	0.0062153	0.060742
4.0765	11.467	0.0043689	0.057524
5.5428	11.467	0.0019207	0.055983
7.0091	11.467	-0.00097707	0.055086
8.4754	11.467	-0.0035594	0.055095
9.9417	11.467	-0.003668	0.054443
11.408	11.467	0	-0
12.874	11.467	0	-0
14.341	11.467	0	-0
15.807	11.467	0	-0
-14.985	10	0	-0
-13.519	10	0	-0
-12.053	10	0	-0
-10.587	10	0	-0
-9.1202	10	0	-0
-7.6539	10	0	-0
-6.1876	10	0	-0
-4.7213	10	0	-0
-3.255	10	0	-0
-1.7887	10	0.008859	0.060523
-0.32241	10	0.0090783	0.058871
1.1439	10	0.0059444	0.058152
2.6102	10	0.004915	0.054078
4.0765	10	0.0034563	0.049049
5.5428	10	0.0015517	0.04614
7.0091	10	-0.0021845	0.045761
8.4754	10	-0.0039654	0.046583
9.9417	10	-0.0032816	0.047372
11.408	10	0	-0
12.874	10	0	-0
14.341	10	0	-0
15.807	10	0	-0
-14.985	8.534	0	-0
-13.519	8.534	0	-0
-12.053	8.534	0	-0
-10.587	8.534	0	-0
-9.1202	8.534	0	-0
-7.6539	8.534	0	-0
-6.1876	8.534	0	-0
-4.7213	8.534	0	-0
-3.255	8.534	0	-0
-1.7887	8.534	0.0089768	0.053761
-0.32241	8.534	0.007983	0.051795
1.1439	8.534	0.0049774	0.050884
2.6102	8.534	0.0029641	0.047259
4.0765	8.534	0.0016832	0.043035
5.5428	8.534	-2.7526e-005	0.039303
7.0091	8.534	-0.0026695	0.038133
8.4754	8.534	-0.0051583	0.039747
9.9417	8.534	-0.0043361	0.040433
11.408	8.534	0	-0
12.874	8.534	0	-0
14.341	8.534	0	-0
15.807	8.534	0	-0
-14.985	7.0677	0	-0
-13.519	7.0677	0	-0
-12.053	7.0677	0	-0
-10.587	7.0677	0	-0
-9.1202	7.0677	0	-0
-7.6539	7.0677	0	-0
-6.1876	7.0677	0	-0
-4.7213	7.0677	0	-0
-3.255	7.0677	0	-0
-1.7887	7.0677	0.0057572	0.045892
-0.32241	7.0677	0.0078219	0.043336
1.1439	7.0677	0.0047658	0.04213
2.6102	7.0677	0.0019362	0.03978
4.0765	7.0677	-0.00019771	0.036063
5.5428	7.0677	-0.0014425	0.033138
7.0091	7.0677	-0.0042738	0.030331
8.4754	7.0677	-0.008014	0.031505
9.9417	7.0677	-0.0066727	0.032763
11.408	7.0677	0	-0
12.874	7.0677	0	-0
14.341	7.0677	0	-0
15.807	7.0677	0	-0
-14.985	5.6014	0	-0
-13.519	5.6014	0	-0
-12.053	5.6014	0	-0
-10.587	5.6014	0	-0
-9.1202	5.6014	0	-0
-7.6539	5.6014	0	-0
-6.1876	5.6014	0	-0
-4.7213	5.6014	0	-0
-3.255	5.6014	0	-0
-1.7887	5.6014	0.00062921	0.035999
-0.32241	5.6014	0.0092971	0.033104
1.1439	5.6014	0.0062587	0.030607
2.6102	5.6014	0.0022379	0.029144
4.0765	5.6014	-0.0016183	0.028395
5.5428	5.6014	-0.0036552	0.025811
7.0091	5.6014	-0.0072559	0.022756
8.4754	5.6014	-0.0092868	0.021928
9.9417	5.6014	-0.0077269	0.023483
11.408	5.6014	0	-0
12.874	5.6014	0	-0
14.341	5.6014	0	-0
15.807	5.6014	0	-0
-14.985	4.1351	0	-0
-13.519	4.1351	0	-0
-12.053	4.1351	0	-0
-10.587	4.1351	0	-0
-9.1202	4.1351	0	-0
-7.6539	4.1351	0	-0
-6.1876	4.1351	0	-0
-4.7213	4.1351	0	-0
-3.255	4.1351	0	-0
-1.7887	4.1351	0.0072575	0.025747
-0.32241	4.1351	0.01093	0.022865
1.1439	4.1351	0.0084676	0.020367
2.6102	4.1351	0.0040999	0.018393
4.0765	4.1351	0.00026273	0.017629
5.5428	4.1351	-0.0028898	0.015483
7.0091	4.1351	-0.0074613	0.01409
8.4754	4.1351	-0.0096556	0.013217
9.9417	4.1351	-0.0086542	0.014164
11.408	4.1351	0	-0
12.874	4.1351	0	-0
14.341	4.1351	0	-0
15.807	4.1351	0	-0
-14.985	2.6688	0	-0
-13.519	2.6688	0	-0
-12.053	2.6688	0	-0
-10.587	2.6688	0	-0
-9.1202	2.6688	0	-0
-7.6539	2.6688	0	-0
-6.1876	2.6688	0	-0
-4.7213	2.6688	0	-0
-3.255	2.6688	0	-0
-1.7887	2.6688	0.0070814	0.015832
-0.32241	2.6688	0.012574	0.012855
1.1439	2.6688	0.010127	0.01028
2.6102	2.6688	0.006141	0.0089897
4.0765	2.6688	0.002949	0.0076414
5.5428	2.6688	-0.00022897	0.0066695
7.0091	2.6688	-0.0043141	0.0049518
8.4754	2.6688	-0.0073285	0.003846
9.9417	2.6688	-0.0073421	0.0039425
11.408	2.6688	0	-0
12.874	2.6688	0	-0
14.341	2.6688	0	-0
15.807	2.6688	0	-0
-14.985	1.2025	0	-0
-13.519	1.2025	0	-0
-12.053	1.2025	0	-0
-10.587	1.2025	0	-0
-9.1202	1.2025	0	-0
-7.6539	1.2025	0	-0
-6.1876	1.2025	0	-0
-4.7213	1.2025	0	-0
-3.255	1.2025	0	-0
-1.7887	1.2025	0.010616	0.0074785
-0.32241	1.2025	0.013404	0.0046544
1.1439	1.2025	0.0095598	0.002296
2.6102	1.2025	0.0068459	0.00027024
4.0765	1.2025	0.0039534	-0.00051673
5.5428	1.2025	0.0015989	-0.0014788
7.0091	1.2025	-0.0017434	-0.0030942
8.4754	1.2025	-0.0057216	-0.0050427
9.9417	1.2025	-0.0060223	-0.0062879
11.408	1.2025	0	-0
12.874	1.2025	0	-0
14.341	1.2025	0	-0
15.807	1.2025	0	-0
-14.985	-0.2638	0	-0
-13.519	-0.2638	0	-0
-12.053	-0.2638	0	-0
-10.587	-0.2638	0	-0
-9.1202	-0.2638	0	-0
-7.6539	-0.2638	0	-0
-6.1876	-0.2638	0	-0
-4.7213	-0.2638	0	-0
-3.255	-0.2638	0	-0
-1.7887	-0.2638	0.010402	-0.00079603
-0.32241	-0.2638	0.010823	-0.003998
1.1439	-0.2638	0.0086593	-0.0061139
2.6102	-0.2638	0.0059495	-0.0080319
4.0765	-0.2638	0.0027394	-0.0081809
5.5428	-0.2638	-0.00016319	-0.0092206
7.0091	-0.2638	-0.0038995	-0.012394
8.4754	-0.2638	-0.0066817	-0.01447
9.9417	-0.2638	-0.0057324	-0.015815
11.408	-0.2638	0	-0
12.874	-0.2638	0	-0
14.341	-0.2638	0	-0
15.807	-0.2638	0	-0
-14.985	-1.7301	0	-0
-13.519	-1.7301	0	-0
-12.053	-1.7301	0	-0
-10.587	-1.7301	0	-0
-9.1202	-1.7301	0	-0
-7.6539	-1.7301	0	-0
-6.1876	-1.7301	0	-0
-4.7213	-1.7301	0	-0
-3.255	-1.7301	0	-0
-1.7887	-1.7301	0.0082811	-0.0089618
-0.32241	-1.7301	0.0089761	-0.01159
1.1439	-1.7301	0.0074351	-0.013674
2.6102	-1.7301	0.0036386	-0.016473
4.0765	-1.7301	0.00012294	-0.016805
5.5428	-1.7301	-0.0035341	-0.017039
7.0091	-1.7301	-0.0072041	-0.020027
8.4754	-1.7301	-0.0095458	-0.023401
9.9417	-1.7301	-0.0073187	-0.025173
11.408	-1.7301	0	-0
12.874	-1.7301	0	-0
14.341	-1.7301	0	-0
15.807	-1.7301	0	-0
-14.985	-3.1964	0	-0
-13.519	-3.1964	0	-0
-12.053	-3.1964	0	-0
-10.587	-3.1964	0	-0
-9.1202	-3.1964	0	-0
-7.6539	-3.1964	0	-0
-6.1876	-3.1964	0	-0
-4.7213	-3.1964	0	-0
-3.255	-3.1964	0	-0
-1.7887	-3.1964	0.0084328	-0.016129
-0.32241	-3.1964	0.0066631	-0.018359
1.1439	-3.1964	0.0049696	-0.020941
2.6102	-3.1964	0.0013369	-0.024633
4.0765	-3.1964	-0.002002	-0.026393
5.5428	-3.1964	-0.0060378	-0.027882
7.0091	-3.1964	-0.010216	-0.030735
8.4754	-3.1964	-0.013157	-0.034017
9.9417	-3.1964	-0.0080825	-0.036129
11.408	-3.1964	0	-0
12.874	-3.1964	0	-0
14.341	-3.1964	0	-0
15.807	-3.1964	0	-0
-14.985	-4.6627	0	-0
-13.519	-4.6627	0	-0
-12.053	-4.6627	0	-0
-10.587	-4.6627	0	-0
-9.1202	-4.6627	0	-0
-7.6539	-4.6627	0	-0
-6.1876	-4.6627	0	-0
-4.7213	-4.6627	0	-0
-3.255	-4.6627	0	-0
-1.7887	-4.6627	0.0059694	-0.022555
-0.32241	-4.6627	0.0040508	-0.025257
1.1439	-4.6627	0.0025583	-0.028563
2.6102	-4.6627	0.00014889	-0.033446
4.0765	-4.6627	-0.0035358	-0.036814
5.5428	-4.6627	-0.007349	-0.039622
7.0091	-4.6627	-0.012473	-0.043055
8.4754	-4.6627	-0.01584	-0.047166
9.9417	-4.6627	-0.0093447	-0.050521
11.408	-4.6627	0	-0
12.874	-4.6627	0	-0
14.341	-4.6627	0	-0
15.807	-4.6627	0	-0
-14.985	-6.129	0	-0
-13.519	-6.129	0	-0
-12.053	-6.129	0	-0
-10.587	-6.129	0	-0
-9.1202	-6.129	0	-0
-7.6539	-6.129	0	-0
-6.1876	-6.129	0	-0
-4.7213	-6.129	0	-0
-3.255	-6.129	0	-0
-1.7887	-6.129	0.0037956	-0.03056
-0.32241	-6.129	0.0014571	-0.03322
1.1439	-6.129	-0.0013755	-0.037172
2.6102	-6.129	-0.0031222	-0.042807
4.0765	-6.129	-0.0058028	-0.046553
5.5428	-6.129	-0.0086877	-0.050207
7.0091	-6.129	-0.012824	-0.054356
8.4754	-6.129	-0.016083	-0.059349
9.9417	-6.129	-0.0084633	-0.065618
11.408	-6.129	0	-0
12.874	-6.129	0	-0
14.341	-6.129	0	-0
15.807	-6.129	0	-0
-14.985	-7.5953	0	-0
-13.519	-7.5953	0	-0
-12.053	-7.5953	0	-0
-10.587	-7.5953	0	-0
-9.1202	-7.5953	0	-0
-7.6539	-7.5953	0	-0
-6.1876	-7.5953	0	-0
-4.7213	-7.5953	0	-0
-3.255	-7.5953	0	-0
-1.7887	-7.5953	-0.00044294	-0.034514
-0.32241	-7.5953	-0.0034095	-0.039599
1.1439	-7.5953	-0.0062739	-0.044477
2.6102	-7.5953	-0.0078818	-0.049043
4.0765	-7.5953	-0.0090459	-0.053527
5.5428	-7.5953	-0.010898	-0.059242
7.0091	-7.5953	-0.015079	-0.065456
8.4754	-7.5953	-0.016454	-0.072659
9.9417	-7.5953	-0.0026545	-0.082162
11.408	-7.5953	0	-0
12.874	-7.5953	0	-0
14.341	-7.5953	0	-0
15.807	-7.5953	0	-0
-14.985	-9.0616	0	-0
-13.519	-9.0616	0	-0
-12.053	-9.0616	0	-0
-10.587	-9.0616	0	-0
-9.1202	-9.0616	0	-0
-7.6539	-9.0616	0	-0
-6.1876	-9.0616	0	-0
-4.7213	-9.0616	0	-0
-3.255	-9.0616	0	-0
-1.7887	-9.0616	-0.00413	-0.039268
-0.32241	-9.0616	-0.0085116	-0.044274
1.1439	-9.0616	-0.010953	-0.04846
2.6102	-9.0616	-0.012616	-0.053946
4.0765	-9.0616	-0.013344	-0.059769
5.5428	-9.0616	-0.016863	-0.068758
7.0091	-9.0616	-0.019463	-0.078535
8.4754	-9.0616	-0.021134	-0.08709
9.9417	-9.0616	-0.0047768	-0.098462
11.408	-9.0616	0	-0
12.874	-9.0616	0	-0
14.341	-9.0616	0	-0
15.807	-9.0616	0	-0
-14.985	-10.528	0	-0
-13.519	-10.528	0	-0
-12.053	-10.528	0	-0
-10.587	-10.528	0	-0
-9.1202	-10.528	0	-0
-7.6539	-10.528	0	-0
-6.1876	-10.528	0	-0
-4.7213	-10.528	0	-0
-3.255	-10.528	0	-0
-1.7887	-10.528	-0.0044224	-0.044448
-0.32241	-10.528	-0.014994	-0.050167
1.1439	-10.528	-0.017978	-0.054729
2.6102	-10.528	-0.019658	-0.060195
4.0765	-10.528	-0.022234	-0.068831
5.5428	-10.528	-0.02507	-0.080369
7.0091	-10.528	-0.026163	-0.092065
8.4754	-10.528	-0.028433	-0.10374
9.9417	-10.528	-0.010625	-0.11624
11.408	-10.528	0	-0
12.874	-10.528	0	-0
14.341	-10.528	0	-0
15.807	-10.528	0	-0
-14.985	-11.994	0	-0
-13.519	-11.994	0	-0
-12.053	-11.994	0	-0
-10.587	-11.994	0	-0
-9.1202	-11.994	0	-0
-7.6539	-11.994	0	-0
-6.1876	-11.994	0	-0
-4.7213	-11.994	0	-0
-3.255	-11.994	0	-0
-1.7887	-11.994	0	-0
-0.32241	-11.994	0	-0
1.1439	-11.994	0	-0
2.6102	-11.994	0	-0
4.0765	-11.994	0	-0
5.5428	-11.994	0	-0
7.0091	-11.994	0	-0
8.4754	-11.994	0	-0
9.9417	-11.994	0	-0
11.408	-11.994	0	-0
12.874	-11.994	0	-0
14.341	-11.994	0	-0
15.807	-11.994	0	-0
