#DaVis 7.4.0 2D-vector 96 22 22 "" "[mm]" "" "[mm]" "displacement" "[mm]"
-14.985	18.798	0	-0
-13.519	18.798	0	-0
-12.053	18.798	0	-0
-10.587	18.798	0	-0
-9.1202	18.798	0	-0
-7.6539	18.798	0	-0
-6.1876	18.798	0	-0
-4.7213	18.798	0	-0
-3.255	18.798	0	-0
-1.7887	18.798	0	-0
-0.32241	18.798	0.0031172	-0.42883
1.1439	18.798	0.0034339	0.077561
2.6102	18.798	0.3798	0.67315
4.0765	18.798	0.012277	-0.54448
5.5428	18.798	-0.45448	-0.49245
7.0091	18.798	-0.57885	0.84823
8.4754	18.798	-0.0072002	0.068282
9.9417	18.798	0.01079	0.71084
11.408	18.798	0	-0
12.874	18.798	0	-0
14.341	18.798	0	-0
15.807	18.798	0	-0
-14.985	17.332	0	-0
-13.519	17.332	0	-0
-12.053	17.332	0	-0
-10.587	17.332	0	-0
-9.1202	17.332	0	-0
-7.6539	17.332	0	-0
-6.1876	17.332	0	-0
-4.7213	17.332	0	-0
-3.255	17.332	0	-0
-1.7887	17.332	0.0074119	0.083432
-0.32241	17.332	0.0048334	0.08384
1.1439	17.332	0.0029841	0.079855
2.6102	17.332	0.001388	0.07263
4.0765	17.332	-0.00040064	0.072062
5.5428	17.332	-0.0033675	0.065738
7.0091	17.332	-0.0060645	0.071983
8.4754	17.332	-0.0073835	0.078729
9.9417	17.332	-0.0083588	0.078544
11.408	17.332	0	-0
12.874	17.332	0	-0
14.341	17.332	0	-0
15.807	17.332	0	-0
-14.985	15.866	0	-0
-13.519	15.866	0	-0
-12.053	15.866	0	-0
-10.587	15.866	0	-0
-9.1202	15.866	0	-0
-7.6539	15.866	0	-0
-6.1876	15.866	0	-0
-4.7213	15.866	0	-0
-3.255	15.866	0	-0
-1.7887	15.866	0.0064934	0.080668
-0.32241	15.866	0.0045641	0.079834
1.1439	15.866	0.0032063	0.07786
2.6102	15.866	0.0012056	0.074491
4.0765	15.866	-0.00026896	0.073217
5.5428	15.866	-0.0021671	0.072406
7.0091	15.866	-0.0038026	0.072021
8.4754	15.866	-0.0059279	0.072129
9.9417	15.866	-0.006239	0.072684
11.408	15.866	0	-0
12.874	15.866	0	-0
14.341	15.866	0	-0
15.807	15.866	0	-0
-14.985	14.399	0	-0
-13.519	14.399	0	-0
-12.053	14.399	0	-0
-10.587	14.399	0	-0
-9.1202	14.399	0	-0
-7.6539	14.399	0	-0
-6.1876	14.399	0	-0
-4.7213	14.399	0	-0
-3.255	14.399	0	-0
-1.7887	14.399	0.0059273	0.075037
-0.32241	14.399	0.0043063	0.075263
1.1439	14.399	0.0025021	0.073732
2.6102	14.399	0.0018869	0.071722
4.0765	14.399	0.00086857	0.070139
5.5428	14.399	-0.00042536	0.066892
7.0091	14.399	-0.0021786	0.06553
8.4754	14.399	-0.0040219	0.065695
9.9417	14.399	-0.004244	0.065194
11.408	14.399	0	-0
12.874	14.399	0	-0
14.341	14.399	0	-0
15.807	14.399	0	-0
-14.985	12.933	0	-0
-13.519	12.933	0	-0
-12.053	12.933	0	-0
-10.587	12.933	0	-0
-9.1202	12.933	0	-0
-7.6539	12.933	0	-0
-6.1876	12.933	0	-0
-4.7213	12.933	0	-0
-3.255	12.933	0	-0
-1.7887	12.933	0.0071071	0.069135
-0.32241	12.933	0.005417	0.068792
1.1439	12.933	0.0044942	0.066518
2.6102	12.933	0.0040649	0.063921
4.0765	12.933	0.0027845	0.062259
5.5428	12.933	0.0009193	0.060747
7.0091	12.933	-0.00084267	0.059341
8.4754	12.933	-0.0035138	0.058705
9.9417	12.933	-0.0033876	0.058247
11.408	12.933	0	-0
12.874	12.933	0	-0
14.341	12.933	0	-0
15.807	12.933	0	-0
-14.985	11.467	0	-0
-13.519	11.467	0	-0
-12.053	11.467	0	-0
-10.587	11.467	0	-0
-9.1202	11.467	0	-0
-7.6539	11.467	0	-0
-6.1876	11.467	0	-0
-4.7213	11.467	0	-0
-3.255	11.467	0	-0
-1.7887	11.467	0.0087934	0.061861
-0.32241	11.467	0.0071166	0.061204
1.1439	11.467	0.0060373	0.059642
2.6102	11.467	0.0056893	0.056697
4.0765	11.467	0.0038802	0.053643
5.5428	11.467	0.0016838	0.052073
7.0091	11.467	-0.0010654	0.05108
8.4754	11.467	-0.0034368	0.051073
9.9417	11.467	-0.002975	0.050813
11.408	11.467	0	-0
12.874	11.467	0	-0
14.341	11.467	0	-0
15.807	11.467	0	-0
-14.985	10	0	-0
-13.519	10	0	-0
-12.053	10	0	-0
-10.587	10	0	-0
-9.1202	10	0	-0
-7.6539	10	0	-0
-6.1876	10	0	-0
-4.7213	10	0	-0
-3.255	10	0	-0
-1.7887	10	0.0097841	0.056319
-0.32241	10	0.0084688	0.054938
1.1439	10	0.0056337	0.054091
2.6102	10	0.0046465	0.050193
4.0765	10	0.0031968	0.045474
5.5428	10	0.001468	0.042742
7.0091	10	-0.0018701	0.04226
8.4754	10	-0.0036193	0.043027
9.9417	10	-0.0026453	0.043919
11.408	10	0	-0
12.874	10	0	-0
14.341	10	0	-0
15.807	10	0	-0
-14.985	8.534	0	-0
-13.519	8.534	0	-0
-12.053	8.534	0	-0
-10.587	8.534	0	-0
-9.1202	8.534	0	-0
-7.6539	8.534	0	-0
-6.1876	8.534	0	-0
-4.7213	8.534	0	-0
-3.255	8.534	0	-0
-1.7887	8.534	0.0088856	0.050199
-0.32241	8.534	0.0075002	0.048412
1.1439	8.534	0.0047473	0.047438
2.6102	8.534	0.002789	0.043931
4.0765	8.534	0.0015622	0.040039
5.5428	8.534	3.9297e-005	0.036403
7.0091	8.534	-0.0024051	0.03506
8.4754	8.534	-0.0046615	0.036486
9.9417	8.534	-0.0037189	0.037222
11.408	8.534	0	-0
12.874	8.534	0	-0
14.341	8.534	0	-0
15.807	8.534	0	-0
-14.985	7.0677	0	-0
-13.519	7.0677	0	-0
-12.053	7.0677	0	-0
-10.587	7.0677	0	-0
-9.1202	7.0677	0	-0
-7.6539	7.0677	0	-0
-6.1876	7.0677	0	-0
-4.7213	7.0677	0	-0
-3.255	7.0677	0	-0
-1.7887	7.0677	0.0089621	0.042863
-0.32241	7.0677	0.0074534	0.040453
1.1439	7.0677	0.0045682	0.039309
2.6102	7.0677	0.0018421	0.036857
4.0765	7.0677	-0.00048281	0.033877
5.5428	7.0677	-0.001497	0.030965
7.0091	7.0677	-0.0040489	0.02793
8.4754	7.0677	-0.0074305	0.028676
9.9417	7.0677	-0.0059099	0.029854
11.408	7.0677	0	-0
12.874	7.0677	0	-0
14.341	7.0677	0	-0
15.807	7.0677	0	-0
-14.985	5.6014	0	-0
-13.519	5.6014	0	-0
-12.053	5.6014	0	-0
-10.587	5.6014	0	-0
-9.1202	5.6014	0	-0
-7.6539	5.6014	0	-0
-6.1876	5.6014	0	-0
-4.7213	5.6014	0	-0
-3.255	5.6014	0	-0
-1.7887	5.6014	0.0098066	0.033663
-0.32241	5.6014	0.0088106	0.031002
1.1439	5.6014	0.0059533	0.028506
2.6102	5.6014	0.0020809	0.026933
4.0765	5.6014	-0.0016018	0.026386
5.5428	5.6014	-0.0036484	0.024045
7.0091	5.6014	-0.0070427	0.020753
8.4754	5.6014	-0.0088513	0.019731
9.9417	5.6014	-0.007075	0.021065
11.408	5.6014	0	-0
12.874	5.6014	0	-0
14.341	5.6014	0	-0
15.807	5.6014	0	-0
-14.985	4.1351	0	-0
-13.519	4.1351	0	-0
-12.053	4.1351	0	-0
-10.587	4.1351	0	-0
-9.1202	4.1351	0	-0
-7.6539	4.1351	0	-0
-6.1876	4.1351	0	-0
-4.7213	4.1351	0	-0
-3.255	4.1351	0	-0
-1.7887	4.1351	0.0076143	0.024427
-0.32241	4.1351	0.010231	0.021732
1.1439	4.1351	0.0077691	0.019217
2.6102	4.1351	0.0036987	0.017256
4.0765	4.1351	7.7414e-005	0.016152
5.5428	4.1351	-0.0030527	0.014279
7.0091	4.1351	-0.0074444	0.012698
8.4754	4.1351	-0.0093674	0.01173
9.9417	4.1351	-0.0081621	0.012616
11.408	4.1351	0	-0
12.874	4.1351	0	-0
14.341	4.1351	0	-0
15.807	4.1351	0	-0
-14.985	2.6688	0	-0
-13.519	2.6688	0	-0
-12.053	2.6688	0	-0
-10.587	2.6688	0	-0
-9.1202	2.6688	0	-0
-7.6539	2.6688	0	-0
-6.1876	2.6688	0	-0
-4.7213	2.6688	0	-0
-3.255	2.6688	0	-0
-1.7887	2.6688	0.006472	0.015161
-0.32241	2.6688	0.011649	0.012219
1.1439	2.6688	0.0092577	0.0097203
2.6102	2.6688	0.0055881	0.0085144
4.0765	2.6688	0.0024899	0.0072707
5.5428	2.6688	-0.00060901	0.0061874
7.0091	2.6688	-0.0045602	0.0045747
8.4754	2.6688	-0.0071065	0.0034047
9.9417	2.6688	-0.0068162	0.0035129
11.408	2.6688	0	-0
12.874	2.6688	0	-0
14.341	2.6688	0	-0
15.807	2.6688	0	-0
-14.985	1.2025	0	-0
-13.519	1.2025	0	-0
-12.053	1.2025	0	-0
-10.587	1.2025	0	-0
-9.1202	1.2025	0	-0
-7.6539	1.2025	0	-0
-6.1876	1.2025	0	-0
-4.7213	1.2025	0	-0
-3.255	1.2025	0	-0
-1.7887	1.2025	0.0099044	0.0072142
-0.32241	1.2025	0.012388	0.0043853
1.1439	1.2025	0.0088061	0.0020124
2.6102	1.2025	0.0063302	0.00013084
4.0765	1.2025	0.003664	-0.0006107
5.5428	1.2025	0.0012765	-0.0015833
7.0091	1.2025	-0.0018617	-0.0029761
8.4754	1.2025	-0.0053512	-0.0045555
9.9417	1.2025	-0.0054471	-0.0057537
11.408	1.2025	0	-0
12.874	1.2025	0	-0
14.341	1.2025	0	-0
15.807	1.2025	0	-0
-14.985	-0.2638	0	-0
-13.519	-0.2638	0	-0
-12.053	-0.2638	0	-0
-10.587	-0.2638	0	-0
-9.1202	-0.2638	0	-0
-7.6539	-0.2638	0	-0
-6.1876	-0.2638	0	-0
-4.7213	-0.2638	0	-0
-3.255	-0.2638	0	-0
-1.7887	-0.2638	0.01101	-0.00093318
-0.32241	-0.2638	0.010016	-0.0040151
1.1439	-0.2638	0.008044	-0.006177
2.6102	-0.2638	0.0054861	-0.0078175
4.0765	-0.2638	0.0025758	-0.0077488
5.5428	-0.2638	-9.5871e-005	-0.0086626
7.0091	-0.2638	-0.0035898	-0.011485
8.4754	-0.2638	-0.0062095	-0.013603
9.9417	-0.2638	-0.0051138	-0.014994
11.408	-0.2638	0	-0
12.874	-0.2638	0	-0
14.341	-0.2638	0	-0
15.807	-0.2638	0	-0
-14.985	-1.7301	0	-0
-13.519	-1.7301	0	-0
-12.053	-1.7301	0	-0
-10.587	-1.7301	0	-0
-9.1202	-1.7301	0	-0
-7.6539	-1.7301	0	-0
-6.1876	-1.7301	0	-0
-4.7213	-1.7301	0	-0
-3.255	-1.7301	0	-0
-1.7887	-1.7301	0.0098238	-0.0089647
-0.32241	-1.7301	0.0082116	-0.011247
1.1439	-1.7301	0.0067046	-0.013342
2.6102	-1.7301	0.0033852	-0.015942
4.0765	-1.7301	0.00021184	-0.016098
5.5428	-1.7301	-0.0032204	-0.016144
7.0091	-1.7301	-0.0067804	-0.018708
8.4754	-1.7301	-0.0090119	-0.022232
9.9417	-1.7301	-0.00611	-0.024018
11.408	-1.7301	0	-0
12.874	-1.7301	0	-0
14.341	-1.7301	0	-0
15.807	-1.7301	0	-0
-14.985	-3.1964	0	-0
-13.519	-3.1964	0	-0
-12.053	-3.1964	0	-0
-10.587	-3.1964	0	-0
-9.1202	-3.1964	0	-0
-7.6539	-3.1964	0	-0
-6.1876	-3.1964	0	-0
-4.7213	-3.1964	0	-0
-3.255	-3.1964	0	-0
-1.7887	-3.1964	0.0077776	-0.015893
-0.32241	-3.1964	0.0060691	-0.017884
1.1439	-3.1964	0.0043788	-0.020119
2.6102	-3.1964	0.0012685	-0.023549
4.0765	-3.1964	-0.0017647	-0.025006
5.5428	-3.1964	-0.0056862	-0.026402
7.0091	-3.1964	-0.0097736	-0.029272
8.4754	-3.1964	-0.012615	-0.032385
9.9417	-3.1964	-0.0073967	-0.034653
11.408	-3.1964	0	-0
12.874	-3.1964	0	-0
14.341	-3.1964	0	-0
15.807	-3.1964	0	-0
-14.985	-4.6627	0	-0
-13.519	-4.6627	0	-0
-12.053	-4.6627	0	-0
-10.587	-4.6627	0	-0
-9.1202	-4.6627	0	-0
-7.6539	-4.6627	0	-0
-6.1876	-4.6627	0	-0
-4.7213	-4.6627	0	-0
-3.255	-4.6627	0	-0
-1.7887	-4.6627	0.0054619	-0.022103
-0.32241	-4.6627	0.003473	-0.024414
1.1439	-4.6627	0.0020989	-0.027244
2.6102	-4.6627	0.0001063	-0.031746
4.0765	-4.6627	-0.0032683	-0.034731
5.5428	-4.6627	-0.0070261	-0.037323
7.0091	-4.6627	-0.012053	-0.04045
8.4754	-4.6627	-0.015152	-0.044192
9.9417	-4.6627	-0.0084043	-0.047727
11.408	-4.6627	0	-0
12.874	-4.6627	0	-0
14.341	-4.6627	0	-0
15.807	-4.6627	0	-0
-14.985	-6.129	0	-0
-13.519	-6.129	0	-0
-12.053	-6.129	0	-0
-10.587	-6.129	0	-0
-9.1202	-6.129	0	-0
-7.6539	-6.129	0	-0
-6.1876	-6.129	0	-0
-4.7213	-6.129	0	-0
-3.255	-6.129	0	-0
-1.7887	-6.129	0.0035817	-0.030043
-0.32241	-6.129	0.0011066	-0.032019
1.1439	-6.129	-0.001508	-0.035161
2.6102	-6.129	-0.0031674	-0.039952
4.0765	-6.129	-0.0056017	-0.04324
5.5428	-6.129	-0.0084387	-0.046457
7.0091	-6.129	-0.012432	-0.050226
8.4754	-6.129	-0.015219	-0.054671
9.9417	-6.129	-0.0075743	-0.060507
11.408	-6.129	0	-0
12.874	-6.129	0	-0
14.341	-6.129	0	-0
15.807	-6.129	0	-0
-14.985	-7.5953	0	-0
-13.519	-7.5953	0	-0
-12.053	-7.5953	0	-0
-10.587	-7.5953	0	-0
-9.1202	-7.5953	0	-0
-7.6539	-7.5953	0	-0
-6.1876	-7.5953	0	-0
-4.7213	-7.5953	0	-0
-3.255	-7.5953	0	-0
-1.7887	-7.5953	-8.6886e-008	-0.034092
-0.32241	-7.5953	-0.0031102	-0.038171
1.1439	-7.5953	-0.0059276	-0.042082
2.6102	-7.5953	-0.0074236	-0.045756
4.0765	-7.5953	-0.0087192	-0.049296
5.5428	-7.5953	-0.010379	-0.053918
7.0091	-7.5953	-0.013982	-0.058943
8.4754	-7.5953	-0.015102	-0.065645
9.9417	-7.5953	-0.0013739	-0.074856
11.408	-7.5953	0	-0
12.874	-7.5953	0	-0
14.341	-7.5953	0	-0
15.807	-7.5953	0	-0
-14.985	-9.0616	0	-0
-13.519	-9.0616	0	-0
-12.053	-9.0616	0	-0
-10.587	-9.0616	0	-0
-9.1202	-9.0616	0	-0
-7.6539	-9.0616	0	-0
-6.1876	-9.0616	0	-0
-4.7213	-9.0616	0	-0
-3.255	-9.0616	0	-0
-1.7887	-9.0616	-0.0034925	-0.039058
-0.32241	-9.0616	-0.0072224	-0.042872
1.1439	-9.0616	-0.0096763	-0.04597
2.6102	-9.0616	-0.011235	-0.050194
4.0765	-9.0616	-0.011973	-0.054757
5.5428	-9.0616	-0.015228	-0.06211
7.0091	-9.0616	-0.017382	-0.070915
8.4754	-9.0616	-0.018984	-0.078151
9.9417	-9.0616	-0.0029077	-0.088952
11.408	-9.0616	0	-0
12.874	-9.0616	0	-0
14.341	-9.0616	0	-0
15.807	-9.0616	0	-0
-14.985	-10.528	0	-0
-13.519	-10.528	0	-0
-12.053	-10.528	0	-0
-10.587	-10.528	0	-0
-9.1202	-10.528	0	-0
-7.6539	-10.528	0	-0
-6.1876	-10.528	0	-0
-4.7213	-10.528	0	-0
-3.255	-10.528	0	-0
-1.7887	-10.528	-0.0032918	-0.044393
-0.32241	-10.528	-0.011852	-0.048736
1.1439	-10.528	-0.014836	-0.05184
2.6102	-10.528	-0.016498	-0.056
4.0765	-10.528	-0.018674	-0.06307
5.5428	-10.528	-0.02118	-0.072793
7.0091	-10.528	-0.022354	-0.082641
8.4754	-10.528	-0.02456	-0.092742
9.9417	-10.528	-0.0077929	-0.10406
11.408	-10.528	0	-0
12.874	-10.528	0	-0
14.341	-10.528	0	-0
15.807	-10.528	0	-0
-14.985	-11.994	0	-0
-13.519	-11.994	0	-0
-12.053	-11.994	0	-0
-10.587	-11.994	0	-0
-9.1202	-11.994	0	-0
-7.6539	-11.994	0	-0
-6.1876	-11.994	0	-0
-4.7213	-11.994	0	-0
-3.255	-11.994	0	-0
-1.7887	-11.994	0	-0
-0.32241	-11.994	0	-0
1.1439	-11.994	0	-0
2.6102	-11.994	0	-0
4.0765	-11.994	0	-0
5.5428	-11.994	0	-0
7.0091	-11.994	0	-0
8.4754	-11.994	0	-0
9.9417	-11.994	0	-0
11.408	-11.994	0	-0
12.874	-11.994	0	-0
14.341	-11.994	0	-0
15.807	-11.994	0	-0
