#DaVis 7.4.0 2D-vector 96 22 22 "" "[mm]" "" "[mm]" "displacement" "[mm]"
-14.985	18.798	0	-0
-13.519	18.798	0	-0
-12.053	18.798	0	-0
-10.587	18.798	0	-0
-9.1202	18.798	0	-0
-7.6539	18.798	0	-0
-6.1876	18.798	0	-0
-4.7213	18.798	0	-0
-3.255	18.798	0	-0
-1.7887	18.798	0	-0
-0.32241	18.798	-0.0022411	0.051784
1.1439	18.798	-0.0034737	0.060256
2.6102	18.798	0.36856	0.93356
4.0765	18.798	0.36155	-0.1785
5.5428	18.798	-0.0091312	0.051311
7.0091	18.798	-0.26032	-0.73542
8.4754	18.798	-0.012656	0.055409
9.9417	18.798	-0.011501	0.052621
11.408	18.798	0	-0
12.874	18.798	0	-0
14.341	18.798	0	-0
15.807	18.798	0	-0
-14.985	17.332	0	-0
-13.519	17.332	0	-0
-12.053	17.332	0	-0
-10.587	17.332	0	-0
-9.1202	17.332	0	-0
-7.6539	17.332	0	-0
-6.1876	17.332	0	-0
-4.7213	17.332	0	-0
-3.255	17.332	0	-0
-1.7887	17.332	-0.00022061	0.060542
-0.32241	17.332	-0.0020891	0.0615
1.1439	17.332	-0.0033359	0.062106
2.6102	17.332	-0.0045704	0.059633
4.0765	17.332	-0.0061977	0.058453
5.5428	17.332	-0.0081687	0.059887
7.0091	17.332	-0.010235	0.059798
8.4754	17.332	-0.011628	0.059947
9.9417	17.332	-0.011921	0.062609
11.408	17.332	0	-0
12.874	17.332	0	-0
14.341	17.332	0	-0
15.807	17.332	0	-0
-14.985	15.866	0	-0
-13.519	15.866	0	-0
-12.053	15.866	0	-0
-10.587	15.866	0	-0
-9.1202	15.866	0	-0
-7.6539	15.866	0	-0
-6.1876	15.866	0	-0
-4.7213	15.866	0	-0
-3.255	15.866	0	-0
-1.7887	15.866	0.00034765	0.055016
-0.32241	15.866	-0.0012001	0.056864
1.1439	15.866	-0.002312	0.057055
2.6102	15.866	-0.003467	0.055714
4.0765	15.866	-0.0048427	0.055375
5.5428	15.866	-0.0058837	0.054817
7.0091	15.866	-0.0073111	0.055363
8.4754	15.866	-0.0090176	0.056467
9.9417	15.866	-0.0092057	0.056869
11.408	15.866	0	-0
12.874	15.866	0	-0
14.341	15.866	0	-0
15.807	15.866	0	-0
-14.985	14.399	0	-0
-13.519	14.399	0	-0
-12.053	14.399	0	-0
-10.587	14.399	0	-0
-9.1202	14.399	0	-0
-7.6539	14.399	0	-0
-6.1876	14.399	0	-0
-4.7213	14.399	0	-0
-3.255	14.399	0	-0
-1.7887	14.399	0.0008172	0.052159
-0.32241	14.399	-0.00038796	0.053455
1.1439	14.399	-0.0016576	0.053068
2.6102	14.399	-0.0019771	0.052212
4.0765	14.399	-0.0028273	0.051895
5.5428	14.399	-0.0037608	0.050314
7.0091	14.399	-0.0047786	0.050231
8.4754	14.399	-0.0065797	0.051688
9.9417	14.399	-0.0087308	0.051959
11.408	14.399	0	-0
12.874	14.399	0	-0
14.341	14.399	0	-0
15.807	14.399	0	-0
-14.985	12.933	0	-0
-13.519	12.933	0	-0
-12.053	12.933	0	-0
-10.587	12.933	0	-0
-9.1202	12.933	0	-0
-7.6539	12.933	0	-0
-6.1876	12.933	0	-0
-4.7213	12.933	0	-0
-3.255	12.933	0	-0
-1.7887	12.933	0.0027824	0.047646
-0.32241	12.933	0.0015198	0.048061
1.1439	12.933	0.00079728	0.047484
2.6102	12.933	0.00021026	0.046606
4.0765	12.933	-0.00052039	0.046153
5.5428	12.933	-0.0018508	0.045643
7.0091	12.933	-0.0026692	0.045445
8.4754	12.933	-0.004809	0.04571
9.9417	12.933	-0.0069905	0.046546
11.408	12.933	0	-0
12.874	12.933	0	-0
14.341	12.933	0	-0
15.807	12.933	0	-0
-14.985	11.467	0	-0
-13.519	11.467	0	-0
-12.053	11.467	0	-0
-10.587	11.467	0	-0
-9.1202	11.467	0	-0
-7.6539	11.467	0	-0
-6.1876	11.467	0	-0
-4.7213	11.467	0	-0
-3.255	11.467	0	-0
-1.7887	11.467	0.0047669	0.042812
-0.32241	11.467	0.0037034	0.043095
1.1439	11.467	0.0024684	0.042684
2.6102	11.467	0.0022932	0.040952
4.0765	11.467	0.001175	0.039343
5.5428	11.467	-0.0001748	0.038646
7.0091	11.467	-0.0016266	0.03869
8.4754	11.467	-0.0035047	0.039784
9.9417	11.467	-0.0057096	0.04043
11.408	11.467	0	-0
12.874	11.467	0	-0
14.341	11.467	0	-0
15.807	11.467	0	-0
-14.985	10	0	-0
-13.519	10	0	-0
-12.053	10	0	-0
-10.587	10	0	-0
-9.1202	10	0	-0
-7.6539	10	0	-0
-6.1876	10	0	-0
-4.7213	10	0	-0
-3.255	10	0	-0
-1.7887	10	0.0059532	0.038943
-0.32241	10	0.0054829	0.038418
1.1439	10	0.003242	0.038791
2.6102	10	0.0023449	0.03663
4.0765	10	0.0014244	0.033571
5.5428	10	0.00033275	0.032054
7.0091	10	-0.001333	0.032016
8.4754	10	-0.0028291	0.032911
9.9417	10	-0.0048398	0.03461
11.408	10	0	-0
12.874	10	0	-0
14.341	10	0	-0
15.807	10	0	-0
-14.985	8.534	0	-0
-13.519	8.534	0	-0
-12.053	8.534	0	-0
-10.587	8.534	0	-0
-9.1202	8.534	0	-0
-7.6539	8.534	0	-0
-6.1876	8.534	0	-0
-4.7213	8.534	0	-0
-3.255	8.534	0	-0
-1.7887	8.534	0.0054753	0.034781
-0.32241	8.534	0.00563	0.034122
1.1439	8.534	0.0036409	0.034189
2.6102	8.534	0.0017562	0.032106
4.0765	8.534	0.00085134	0.029928
5.5428	8.534	-0.00021969	0.027684
7.0091	8.534	-0.0011853	0.026508
8.4754	8.534	-0.0033276	0.027761
9.9417	8.534	-0.0052742	0.029255
11.408	8.534	0	-0
12.874	8.534	0	-0
14.341	8.534	0	-0
15.807	8.534	0	-0
-14.985	7.0677	0	-0
-13.519	7.0677	0	-0
-12.053	7.0677	0	-0
-10.587	7.0677	0	-0
-9.1202	7.0677	0	-0
-7.6539	7.0677	0	-0
-6.1876	7.0677	0	-0
-4.7213	7.0677	0	-0
-3.255	7.0677	0	-0
-1.7887	7.0677	0.0051056	0.02983
-0.32241	7.0677	0.0059504	0.028714
1.1439	7.0677	0.0041633	0.02838
2.6102	7.0677	0.0015577	0.027223
4.0765	7.0677	-0.00043307	0.025293
5.5428	7.0677	-0.0012386	0.023526
7.0091	7.0677	-0.0023983	0.02119
8.4754	7.0677	-0.0049173	0.021502
9.9417	7.0677	-0.0066489	0.023071
11.408	7.0677	0	-0
12.874	7.0677	0	-0
14.341	7.0677	0	-0
15.807	7.0677	0	-0
-14.985	5.6014	0	-0
-13.519	5.6014	0	-0
-12.053	5.6014	0	-0
-10.587	5.6014	0	-0
-9.1202	5.6014	0	-0
-7.6539	5.6014	0	-0
-6.1876	5.6014	0	-0
-4.7213	5.6014	0	-0
-3.255	5.6014	0	-0
-1.7887	5.6014	0.00347	0.024136
-0.32241	5.6014	0.0068819	0.022701
1.1439	5.6014	0.0055664	0.021047
2.6102	5.6014	0.0020714	0.020032
4.0765	5.6014	-0.00086908	0.020273
5.5428	5.6014	-0.0025483	0.018585
7.0091	5.6014	-0.0044275	0.015987
8.4754	5.6014	-0.0060055	0.015133
9.9417	5.6014	-0.0075444	0.016292
11.408	5.6014	0	-0
12.874	5.6014	0	-0
14.341	5.6014	0	-0
15.807	5.6014	0	-0
-14.985	4.1351	0	-0
-13.519	4.1351	0	-0
-12.053	4.1351	0	-0
-10.587	4.1351	0	-0
-9.1202	4.1351	0	-0
-7.6539	4.1351	0	-0
-6.1876	4.1351	0	-0
-4.7213	4.1351	0	-0
-3.255	4.1351	0	-0
-1.7887	4.1351	0.0028878	0.018207
-0.32241	4.1351	0.008159	0.016858
1.1439	4.1351	0.0062818	0.014862
2.6102	4.1351	0.0032219	0.013219
4.0765	4.1351	0.0010268	0.012906
5.5428	4.1351	-0.0018753	0.011047
7.0091	4.1351	-0.0046815	0.0099712
8.4754	4.1351	-0.0064906	0.0090495
9.9417	4.1351	-0.00792	0.0098224
11.408	4.1351	0	-0
12.874	4.1351	0	-0
14.341	4.1351	0	-0
15.807	4.1351	0	-0
-14.985	2.6688	0	-0
-13.519	2.6688	0	-0
-12.053	2.6688	0	-0
-10.587	2.6688	0	-0
-9.1202	2.6688	0	-0
-7.6539	2.6688	0	-0
-6.1876	2.6688	0	-0
-4.7213	2.6688	0	-0
-3.255	2.6688	0	-0
-1.7887	2.6688	0.0023559	0.011937
-0.32241	2.6688	0.0088778	0.0096076
1.1439	2.6688	0.0073184	0.0076207
2.6102	2.6688	0.0046885	0.0068724
4.0765	2.6688	0.0020798	0.0061353
5.5428	2.6688	-0.00013258	0.0050024
7.0091	2.6688	-0.0026365	0.0037872
8.4754	2.6688	-0.0046416	0.0031844
9.9417	2.6688	-0.0065185	0.0034029
11.408	2.6688	0	-0
12.874	2.6688	0	-0
14.341	2.6688	0	-0
15.807	2.6688	0	-0
-14.985	1.2025	0	-0
-13.519	1.2025	0	-0
-12.053	1.2025	0	-0
-10.587	1.2025	0	-0
-9.1202	1.2025	0	-0
-7.6539	1.2025	0	-0
-6.1876	1.2025	0	-0
-4.7213	1.2025	0	-0
-3.255	1.2025	0	-0
-1.7887	1.2025	0.0056506	0.0059275
-0.32241	1.2025	0.0095785	0.003835
1.1439	1.2025	0.0070415	0.0019977
2.6102	1.2025	0.0048597	0.00042705
4.0765	1.2025	0.0030919	-0.00020563
5.5428	1.2025	0.0014258	-0.00079512
7.0091	1.2025	-0.00043396	-0.0017721
8.4754	1.2025	-0.0031262	-0.0027903
9.9417	1.2025	-0.0053372	-0.0032757
11.408	1.2025	0	-0
12.874	1.2025	0	-0
14.341	1.2025	0	-0
15.807	1.2025	0	-0
-14.985	-0.2638	0	-0
-13.519	-0.2638	0	-0
-12.053	-0.2638	0	-0
-10.587	-0.2638	0	-0
-9.1202	-0.2638	0	-0
-7.6539	-0.2638	0	-0
-6.1876	-0.2638	0	-0
-4.7213	-0.2638	0	-0
-3.255	-0.2638	0	-0
-1.7887	-0.2638	0.006218	-0.00024263
-0.32241	-0.2638	0.007329	-0.0026166
1.1439	-0.2638	0.0064406	-0.004426
2.6102	-0.2638	0.0044966	-0.0057623
4.0765	-0.2638	0.0023693	-0.0056551
5.5428	-0.2638	0.00080591	-0.00612
7.0091	-0.2638	-0.0011718	-0.0080632
8.4754	-0.2638	-0.0037515	-0.0099474
9.9417	-0.2638	-0.0055112	-0.010685
11.408	-0.2638	0	-0
12.874	-0.2638	0	-0
14.341	-0.2638	0	-0
15.807	-0.2638	0	-0
-14.985	-1.7301	0	-0
-13.519	-1.7301	0	-0
-12.053	-1.7301	0	-0
-10.587	-1.7301	0	-0
-9.1202	-1.7301	0	-0
-7.6539	-1.7301	0	-0
-6.1876	-1.7301	0	-0
-4.7213	-1.7301	0	-0
-3.255	-1.7301	0	-0
-1.7887	-1.7301	0.0017979	-0.0065264
-0.32241	-1.7301	0.0061529	-0.0082706
1.1439	-1.7301	0.0052265	-0.0095251
2.6102	-1.7301	0.0028758	-0.011457
4.0765	-1.7301	0.00057852	-0.011539
5.5428	-1.7301	-0.0014385	-0.011653
7.0091	-1.7301	-0.0036672	-0.01368
8.4754	-1.7301	-0.0057538	-0.016778
9.9417	-1.7301	-0.0081028	-0.018392
11.408	-1.7301	0	-0
12.874	-1.7301	0	-0
14.341	-1.7301	0	-0
15.807	-1.7301	0	-0
-14.985	-3.1964	0	-0
-13.519	-3.1964	0	-0
-12.053	-3.1964	0	-0
-10.587	-3.1964	0	-0
-9.1202	-3.1964	0	-0
-7.6539	-3.1964	0	-0
-6.1876	-3.1964	0	-0
-4.7213	-3.1964	0	-0
-3.255	-3.1964	0	-0
-1.7887	-3.1964	0.0042749	-0.01222
-0.32241	-3.1964	0.004291	-0.013304
1.1439	-3.1964	0.0033576	-0.014775
2.6102	-3.1964	0.0011953	-0.016918
4.0765	-3.1964	-0.00098169	-0.017791
5.5428	-3.1964	-0.0035163	-0.019185
7.0091	-3.1964	-0.006209	-0.022004
8.4754	-3.1964	-0.0089144	-0.024944
9.9417	-3.1964	-0.010663	-0.026909
11.408	-3.1964	0	-0
12.874	-3.1964	0	-0
14.341	-3.1964	0	-0
15.807	-3.1964	0	-0
-14.985	-4.6627	0	-0
-13.519	-4.6627	0	-0
-12.053	-4.6627	0	-0
-10.587	-4.6627	0	-0
-9.1202	-4.6627	0	-0
-7.6539	-4.6627	0	-0
-6.1876	-4.6627	0	-0
-4.7213	-4.6627	0	-0
-3.255	-4.6627	0	-0
-1.7887	-4.6627	0.0034828	-0.017396
-0.32241	-4.6627	0.0024811	-0.018595
1.1439	-4.6627	0.0012194	-0.01991
2.6102	-4.6627	4.8864e-005	-0.022872
4.0765	-4.6627	-0.0022348	-0.025045
5.5428	-4.6627	-0.0051344	-0.027135
7.0091	-4.6627	-0.0086734	-0.029903
8.4754	-4.6627	-0.011444	-0.03257
9.9417	-4.6627	-0.011674	-0.035341
11.408	-4.6627	0	-0
12.874	-4.6627	0	-0
14.341	-4.6627	0	-0
15.807	-4.6627	0	-0
-14.985	-6.129	0	-0
-13.519	-6.129	0	-0
-12.053	-6.129	0	-0
-10.587	-6.129	0	-0
-9.1202	-6.129	0	-0
-7.6539	-6.129	0	-0
-6.1876	-6.129	0	-0
-4.7213	-6.129	0	-0
-3.255	-6.129	0	-0
-1.7887	-6.129	0.0013875	-0.023974
-0.32241	-6.129	0.00092625	-0.024737
1.1439	-6.129	-0.00087458	-0.026303
2.6102	-6.129	-0.002316	-0.028802
4.0765	-6.129	-0.0044536	-0.030644
5.5428	-6.129	-0.0068492	-0.032938
7.0091	-6.129	-0.010048	-0.035831
8.4754	-6.129	-0.012101	-0.039002
9.9417	-6.129	-0.011276	-0.042818
11.408	-6.129	0	-0
12.874	-6.129	0	-0
14.341	-6.129	0	-0
15.807	-6.129	0	-0
-14.985	-7.5953	0	-0
-13.519	-7.5953	0	-0
-12.053	-7.5953	0	-0
-10.587	-7.5953	0	-0
-9.1202	-7.5953	0	-0
-7.6539	-7.5953	0	-0
-6.1876	-7.5953	0	-0
-4.7213	-7.5953	0	-0
-3.255	-7.5953	0	-0
-1.7887	-7.5953	-0.0005945	-0.027777
-0.32241	-7.5953	-0.0013268	-0.029637
1.1439	-7.5953	-0.0032949	-0.031312
2.6102	-7.5953	-0.0048519	-0.032818
4.0765	-7.5953	-0.0062677	-0.034801
5.5428	-7.5953	-0.0082398	-0.037582
7.0091	-7.5953	-0.011119	-0.040893
8.4754	-7.5953	-0.012	-0.045487
9.9417	-7.5953	-0.010818	-0.050636
11.408	-7.5953	0	-0
12.874	-7.5953	0	-0
14.341	-7.5953	0	-0
15.807	-7.5953	0	-0
-14.985	-9.0616	0	-0
-13.519	-9.0616	0	-0
-12.053	-9.0616	0	-0
-10.587	-9.0616	0	-0
-9.1202	-9.0616	0	-0
-7.6539	-9.0616	0	-0
-6.1876	-9.0616	0	-0
-4.7213	-9.0616	0	-0
-3.255	-9.0616	0	-0
-1.7887	-9.0616	-0.0027373	-0.031847
-0.32241	-9.0616	-0.0037782	-0.033301
1.1439	-9.0616	-0.0051947	-0.03415
2.6102	-9.0616	-0.0064713	-0.0362
4.0765	-9.0616	-0.0075048	-0.038584
5.5428	-9.0616	-0.01008	-0.042807
7.0091	-9.0616	-0.012322	-0.047887
8.4754	-9.0616	-0.013754	-0.052594
9.9417	-9.0616	-0.010358	-0.058182
11.408	-9.0616	0	-0
12.874	-9.0616	0	-0
14.341	-9.0616	0	-0
15.807	-9.0616	0	-0
-14.985	-10.528	0	-0
-13.519	-10.528	0	-0
-12.053	-10.528	0	-0
-10.587	-10.528	0	-0
-9.1202	-10.528	0	-0
-7.6539	-10.528	0	-0
-6.1876	-10.528	0	-0
-4.7213	-10.528	0	-0
-3.255	-10.528	0	-0
-1.7887	-10.528	-0.0045819	-0.036447
-0.32241	-10.528	-0.0058178	-0.03844
1.1439	-10.528	-0.0072787	-0.039208
2.6102	-10.528	-0.0080815	-0.040758
4.0765	-10.528	-0.010076	-0.044439
5.5428	-10.528	-0.01158	-0.049741
7.0091	-10.528	-0.012683	-0.055237
8.4754	-10.528	-0.014803	-0.060843
9.9417	-10.528	-0.0095397	-0.066728
11.408	-10.528	0	-0
12.874	-10.528	0	-0
14.341	-10.528	0	-0
15.807	-10.528	0	-0
-14.985	-11.994	0	-0
-13.519	-11.994	0	-0
-12.053	-11.994	0	-0
-10.587	-11.994	0	-0
-9.1202	-11.994	0	-0
-7.6539	-11.994	0	-0
-6.1876	-11.994	0	-0
-4.7213	-11.994	0	-0
-3.255	-11.994	0	-0
-1.7887	-11.994	0	-0
-0.32241	-11.994	0	-0
1.1439	-11.994	0	-0
2.6102	-11.994	0	-0
4.0765	-11.994	0	-0
5.5428	-11.994	0	-0
7.0091	-11.994	0	-0
8.4754	-11.994	0	-0
9.9417	-11.994	0	-0
11.408	-11.994	0	-0
12.874	-11.994	0	-0
14.341	-11.994	0	-0
15.807	-11.994	0	-0
