#DaVis 7.4.0 2D-vector 96 22 22 "" "[mm]" "" "[mm]" "displacement" "[mm]"
-14.985	18.798	0	-0
-13.519	18.798	0	-0
-12.053	18.798	0	-0
-10.587	18.798	0	-0
-9.1202	18.798	0	-0
-7.6539	18.798	0	-0
-6.1876	18.798	0	-0
-4.7213	18.798	0	-0
-3.255	18.798	0	-0
-1.7887	18.798	0	-0
-0.32241	18.798	-0.0016816	0.057535
1.1439	18.798	-0.0030627	0.065054
2.6102	18.798	0.41857	0.88767
4.0765	18.798	-0.76634	-0.23883
5.5428	18.798	-0.0087258	0.057475
7.0091	18.798	-0.16161	-0.89443
8.4754	18.798	-0.012741	0.055224
9.9417	18.798	-0.011515	0.056859
11.408	18.798	0	-0
12.874	18.798	0	-0
14.341	18.798	0	-0
15.807	18.798	0	-0
-14.985	17.332	0	-0
-13.519	17.332	0	-0
-12.053	17.332	0	-0
-10.587	17.332	0	-0
-9.1202	17.332	0	-0
-7.6539	17.332	0	-0
-6.1876	17.332	0	-0
-4.7213	17.332	0	-0
-3.255	17.332	0	-0
-1.7887	17.332	0.00059044	0.065187
-0.32241	17.332	-0.0014181	0.065795
1.1439	17.332	-0.0028047	0.065963
2.6102	17.332	-0.0041603	0.063468
4.0765	17.332	-0.005688	0.062122
5.5428	17.332	-0.0077766	0.063412
7.0091	17.332	-0.010112	0.063058
8.4754	17.332	-0.011564	0.063158
9.9417	17.332	-0.011934	0.065625
11.408	17.332	0	-0
12.874	17.332	0	-0
14.341	17.332	0	-0
15.807	17.332	0	-0
-14.985	15.866	0	-0
-13.519	15.866	0	-0
-12.053	15.866	0	-0
-10.587	15.866	0	-0
-9.1202	15.866	0	-0
-7.6539	15.866	0	-0
-6.1876	15.866	0	-0
-4.7213	15.866	0	-0
-3.255	15.866	0	-0
-1.7887	15.866	0.0010688	0.059079
-0.32241	15.866	-0.00049185	0.060792
1.1439	15.866	-0.0017454	0.060776
2.6102	15.866	-0.0030247	0.059218
4.0765	15.866	-0.0044376	0.058924
5.5428	15.866	-0.0055581	0.058149
7.0091	15.866	-0.007184	0.058599
8.4754	15.866	-0.0088795	0.059589
9.9417	15.866	-0.0092783	0.059872
11.408	15.866	0	-0
12.874	15.866	0	-0
14.341	15.866	0	-0
15.807	15.866	0	-0
-14.985	14.399	0	-0
-13.519	14.399	0	-0
-12.053	14.399	0	-0
-10.587	14.399	0	-0
-9.1202	14.399	0	-0
-7.6539	14.399	0	-0
-6.1876	14.399	0	-0
-4.7213	14.399	0	-0
-3.255	14.399	0	-0
-1.7887	14.399	0.0014946	0.055933
-0.32241	14.399	0.0002104	0.057241
1.1439	14.399	-0.0011984	0.056751
2.6102	14.399	-0.0015638	0.055591
4.0765	14.399	-0.0024618	0.055026
5.5428	14.399	-0.0034578	0.053247
7.0091	14.399	-0.0045351	0.05315
8.4754	14.399	-0.0064591	0.054425
9.9417	14.399	-0.0088075	0.054834
11.408	14.399	0	-0
12.874	14.399	0	-0
14.341	14.399	0	-0
15.807	14.399	0	-0
-14.985	12.933	0	-0
-13.519	12.933	0	-0
-12.053	12.933	0	-0
-10.587	12.933	0	-0
-9.1202	12.933	0	-0
-7.6539	12.933	0	-0
-6.1876	12.933	0	-0
-4.7213	12.933	0	-0
-3.255	12.933	0	-0
-1.7887	12.933	0.0034307	0.050941
-0.32241	12.933	0.0020662	0.051297
1.1439	12.933	0.0011296	0.050662
2.6102	12.933	0.00072362	0.049693
4.0765	12.933	-2.3526e-005	0.049019
5.5428	12.933	-0.001467	0.04828
7.0091	12.933	-0.002433	0.048124
8.4754	12.933	-0.0047514	0.048266
9.9417	12.933	-0.0070722	0.048884
11.408	12.933	0	-0
12.874	12.933	0	-0
14.341	12.933	0	-0
15.807	12.933	0	-0
-14.985	11.467	0	-0
-13.519	11.467	0	-0
-12.053	11.467	0	-0
-10.587	11.467	0	-0
-9.1202	11.467	0	-0
-7.6539	11.467	0	-0
-6.1876	11.467	0	-0
-4.7213	11.467	0	-0
-3.255	11.467	0	-0
-1.7887	11.467	0.0048984	0.0458
-0.32241	11.467	0.0044725	0.046046
1.1439	11.467	0.0030966	0.045715
2.6102	11.467	0.0030114	0.043898
4.0765	11.467	0.001641	0.04197
5.5428	11.467	0.00015466	0.041064
7.0091	11.467	-0.0014228	0.040903
8.4754	11.467	-0.0034834	0.041991
9.9417	11.467	-0.0058211	0.042473
11.408	11.467	0	-0
12.874	11.467	0	-0
14.341	11.467	0	-0
15.807	11.467	0	-0
-14.985	10	0	-0
-13.519	10	0	-0
-12.053	10	0	-0
-10.587	10	0	-0
-9.1202	10	0	-0
-7.6539	10	0	-0
-6.1876	10	0	-0
-4.7213	10	0	-0
-3.255	10	0	-0
-1.7887	10	0.0053755	0.041943
-0.32241	10	0.0062871	0.04123
1.1439	10	0.0041507	0.041496
2.6102	10	0.0028584	0.038983
4.0765	10	0.0018395	0.035592
5.5428	10	0.00062196	0.033836
7.0091	10	-0.0011878	0.033692
8.4754	10	-0.002815	0.034674
9.9417	10	-0.0049868	0.036382
11.408	10	0	-0
12.874	10	0	-0
14.341	10	0	-0
15.807	10	0	-0
-14.985	8.534	0	-0
-13.519	8.534	0	-0
-12.053	8.534	0	-0
-10.587	8.534	0	-0
-9.1202	8.534	0	-0
-7.6539	8.534	0	-0
-6.1876	8.534	0	-0
-4.7213	8.534	0	-0
-3.255	8.534	0	-0
-1.7887	8.534	0.003988	0.037341
-0.32241	8.534	0.0059903	0.036574
1.1439	8.534	0.0044532	0.036393
2.6102	8.534	0.0020898	0.034066
4.0765	8.534	0.0010753	0.031662
5.5428	8.534	-8.4718e-005	0.029209
7.0091	8.534	-0.0011535	0.02798
8.4754	8.534	-0.0034475	0.029232
9.9417	8.534	-0.0055181	0.030693
11.408	8.534	0	-0
12.874	8.534	0	-0
14.341	8.534	0	-0
15.807	8.534	0	-0
-14.985	7.0677	0	-0
-13.519	7.0677	0	-0
-12.053	7.0677	0	-0
-10.587	7.0677	0	-0
-9.1202	7.0677	0	-0
-7.6539	7.0677	0	-0
-6.1876	7.0677	0	-0
-4.7213	7.0677	0	-0
-3.255	7.0677	0	-0
-1.7887	7.0677	0.0028004	0.031893
-0.32241	7.0677	0.0060598	0.030662
1.1439	7.0677	0.004391	0.030309
2.6102	7.0677	0.0017637	0.02901
4.0765	7.0677	-0.00055224	0.026813
5.5428	7.0677	-0.0012343	0.024928
7.0091	7.0677	-0.0024846	0.022399
8.4754	7.0677	-0.0052194	0.022659
9.9417	7.0677	-0.0070529	0.024212
11.408	7.0677	0	-0
12.874	7.0677	0	-0
14.341	7.0677	0	-0
15.807	7.0677	0	-0
-14.985	5.6014	0	-0
-13.519	5.6014	0	-0
-12.053	5.6014	0	-0
-10.587	5.6014	0	-0
-9.1202	5.6014	0	-0
-7.6539	5.6014	0	-0
-6.1876	5.6014	0	-0
-4.7213	5.6014	0	-0
-3.255	5.6014	0	-0
-1.7887	5.6014	0.0034554	0.025951
-0.32241	5.6014	0.0069438	0.024342
1.1439	5.6014	0.0058642	0.022622
2.6102	5.6014	0.0022605	0.02147
4.0765	5.6014	-0.00082644	0.021484
5.5428	5.6014	-0.0026224	0.01961
7.0091	5.6014	-0.004653	0.016835
8.4754	5.6014	-0.0063821	0.01588
9.9417	5.6014	-0.0080352	0.017029
11.408	5.6014	0	-0
12.874	5.6014	0	-0
14.341	5.6014	0	-0
15.807	5.6014	0	-0
-14.985	4.1351	0	-0
-13.519	4.1351	0	-0
-12.053	4.1351	0	-0
-10.587	4.1351	0	-0
-9.1202	4.1351	0	-0
-7.6539	4.1351	0	-0
-6.1876	4.1351	0	-0
-4.7213	4.1351	0	-0
-3.255	4.1351	0	-0
-1.7887	4.1351	0.0060064	0.019059
-0.32241	4.1351	0.0087029	0.017855
1.1439	4.1351	0.007199	0.016124
2.6102	4.1351	0.0033549	0.014385
4.0765	4.1351	0.0011916	0.013746
5.5428	4.1351	-0.0019785	0.011824
7.0091	4.1351	-0.0049713	0.010542
8.4754	4.1351	-0.0069074	0.0095544
9.9417	4.1351	-0.0084897	0.010291
11.408	4.1351	0	-0
12.874	4.1351	0	-0
14.341	4.1351	0	-0
15.807	4.1351	0	-0
-14.985	2.6688	0	-0
-13.519	2.6688	0	-0
-12.053	2.6688	0	-0
-10.587	2.6688	0	-0
-9.1202	2.6688	0	-0
-7.6539	2.6688	0	-0
-6.1876	2.6688	0	-0
-4.7213	2.6688	0	-0
-3.255	2.6688	0	-0
-1.7887	2.6688	0.0065602	0.013186
-0.32241	2.6688	0.0093258	0.010448
1.1439	2.6688	0.0081754	0.0082697
2.6102	2.6688	0.0049454	0.007484
4.0765	2.6688	0.002265	0.0065562
5.5428	2.6688	-0.00018872	0.0053564
7.0091	2.6688	-0.0028419	0.0040406
8.4754	2.6688	-0.0049971	0.0032727
9.9417	2.6688	-0.0070162	0.0035558
11.408	2.6688	0	-0
12.874	2.6688	0	-0
14.341	2.6688	0	-0
15.807	2.6688	0	-0
-14.985	1.2025	0	-0
-13.519	1.2025	0	-0
-12.053	1.2025	0	-0
-10.587	1.2025	0	-0
-9.1202	1.2025	0	-0
-7.6539	1.2025	0	-0
-6.1876	1.2025	0	-0
-4.7213	1.2025	0	-0
-3.255	1.2025	0	-0
-1.7887	1.2025	0.0072921	0.0065423
-0.32241	1.2025	0.010291	0.00416
1.1439	1.2025	0.0073501	0.0022316
2.6102	1.2025	0.0052075	0.00055222
4.0765	1.2025	0.0032848	-0.00018298
5.5428	1.2025	0.0013157	-0.00087269
7.0091	1.2025	-0.00065324	-0.0018453
8.4754	1.2025	-0.0035153	-0.0029714
9.9417	1.2025	-0.0058095	-0.0033808
11.408	1.2025	0	-0
12.874	1.2025	0	-0
14.341	1.2025	0	-0
15.807	1.2025	0	-0
-14.985	-0.2638	0	-0
-13.519	-0.2638	0	-0
-12.053	-0.2638	0	-0
-10.587	-0.2638	0	-0
-9.1202	-0.2638	0	-0
-7.6539	-0.2638	0	-0
-6.1876	-0.2638	0	-0
-4.7213	-0.2638	0	-0
-3.255	-0.2638	0	-0
-1.7887	-0.2638	0.0066943	0.00014613
-0.32241	-0.2638	0.0074633	-0.0025553
1.1439	-0.2638	0.0068938	-0.0044788
2.6102	-0.2638	0.0046939	-0.0059501
4.0765	-0.2638	0.0024104	-0.0058945
5.5428	-0.2638	0.0006837	-0.0064687
7.0091	-0.2638	-0.0014472	-0.0084921
8.4754	-0.2638	-0.0041862	-0.010456
9.9417	-0.2638	-0.0060501	-0.011282
11.408	-0.2638	0	-0
12.874	-0.2638	0	-0
14.341	-0.2638	0	-0
15.807	-0.2638	0	-0
-14.985	-1.7301	0	-0
-13.519	-1.7301	0	-0
-12.053	-1.7301	0	-0
-10.587	-1.7301	0	-0
-9.1202	-1.7301	0	-0
-7.6539	-1.7301	0	-0
-6.1876	-1.7301	0	-0
-4.7213	-1.7301	0	-0
-3.255	-1.7301	0	-0
-1.7887	-1.7301	0.0029457	-0.0066734
-0.32241	-1.7301	0.0063808	-0.0086134
1.1439	-1.7301	0.0056711	-0.010208
2.6102	-1.7301	0.0030549	-0.012015
4.0765	-1.7301	0.00057783	-0.012129
5.5428	-1.7301	-0.00164	-0.012248
7.0091	-1.7301	-0.004075	-0.014456
8.4754	-1.7301	-0.0062755	-0.017668
9.9417	-1.7301	-0.0087669	-0.019381
11.408	-1.7301	0	-0
12.874	-1.7301	0	-0
14.341	-1.7301	0	-0
15.807	-1.7301	0	-0
-14.985	-3.1964	0	-0
-13.519	-3.1964	0	-0
-12.053	-3.1964	0	-0
-10.587	-3.1964	0	-0
-9.1202	-3.1964	0	-0
-7.6539	-3.1964	0	-0
-6.1876	-3.1964	0	-0
-4.7213	-3.1964	0	-0
-3.255	-3.1964	0	-0
-1.7887	-3.1964	0.0052	-0.012729
-0.32241	-3.1964	0.0045623	-0.013876
1.1439	-3.1964	0.0034985	-0.015594
2.6102	-3.1964	0.0012875	-0.017856
4.0765	-3.1964	-0.0009801	-0.018956
5.5428	-3.1964	-0.0037682	-0.020382
7.0091	-3.1964	-0.006668	-0.023251
8.4754	-3.1964	-0.0095953	-0.02622
9.9417	-3.1964	-0.011226	-0.028263
11.408	-3.1964	0	-0
12.874	-3.1964	0	-0
14.341	-3.1964	0	-0
15.807	-3.1964	0	-0
-14.985	-4.6627	0	-0
-13.519	-4.6627	0	-0
-12.053	-4.6627	0	-0
-10.587	-4.6627	0	-0
-9.1202	-4.6627	0	-0
-7.6539	-4.6627	0	-0
-6.1876	-4.6627	0	-0
-4.7213	-4.6627	0	-0
-3.255	-4.6627	0	-0
-1.7887	-4.6627	0.003678	-0.018176
-0.32241	-4.6627	0.0026504	-0.019492
1.1439	-4.6627	0.0013074	-0.021
2.6102	-4.6627	3.2722e-005	-0.024175
4.0765	-4.6627	-0.0023522	-0.026416
5.5428	-4.6627	-0.0054258	-0.028677
7.0091	-4.6627	-0.0093296	-0.031585
8.4754	-4.6627	-0.012119	-0.03446
9.9417	-4.6627	-0.012148	-0.037417
11.408	-4.6627	0	-0
12.874	-4.6627	0	-0
14.341	-4.6627	0	-0
15.807	-4.6627	0	-0
-14.985	-6.129	0	-0
-13.519	-6.129	0	-0
-12.053	-6.129	0	-0
-10.587	-6.129	0	-0
-9.1202	-6.129	0	-0
-7.6539	-6.129	0	-0
-6.1876	-6.129	0	-0
-4.7213	-6.129	0	-0
-3.255	-6.129	0	-0
-1.7887	-6.129	0.0015031	-0.025217
-0.32241	-6.129	0.00096419	-0.026007
1.1439	-6.129	-0.00097857	-0.027594
2.6102	-6.129	-0.0024956	-0.030355
4.0765	-6.129	-0.0046974	-0.032354
5.5428	-6.129	-0.0072588	-0.034845
7.0091	-6.129	-0.010586	-0.038092
8.4754	-6.129	-0.012748	-0.041374
9.9417	-6.129	-0.011664	-0.045356
11.408	-6.129	0	-0
12.874	-6.129	0	-0
14.341	-6.129	0	-0
15.807	-6.129	0	-0
-14.985	-7.5953	0	-0
-13.519	-7.5953	0	-0
-12.053	-7.5953	0	-0
-10.587	-7.5953	0	-0
-9.1202	-7.5953	0	-0
-7.6539	-7.5953	0	-0
-6.1876	-7.5953	0	-0
-4.7213	-7.5953	0	-0
-3.255	-7.5953	0	-0
-1.7887	-7.5953	-0.00067384	-0.029105
-0.32241	-7.5953	-0.0015207	-0.031152
1.1439	-7.5953	-0.0035854	-0.033023
2.6102	-7.5953	-0.0052272	-0.034699
4.0765	-7.5953	-0.0067313	-0.036834
5.5428	-7.5953	-0.0087577	-0.039805
7.0091	-7.5953	-0.011645	-0.043238
8.4754	-7.5953	-0.012484	-0.048405
9.9417	-7.5953	-0.011101	-0.05387
11.408	-7.5953	0	-0
12.874	-7.5953	0	-0
14.341	-7.5953	0	-0
15.807	-7.5953	0	-0
-14.985	-9.0616	0	-0
-13.519	-9.0616	0	-0
-12.053	-9.0616	0	-0
-10.587	-9.0616	0	-0
-9.1202	-9.0616	0	-0
-7.6539	-9.0616	0	-0
-6.1876	-9.0616	0	-0
-4.7213	-9.0616	0	-0
-3.255	-9.0616	0	-0
-1.7887	-9.0616	-0.0029874	-0.033526
-0.32241	-9.0616	-0.004078	-0.035119
1.1439	-9.0616	-0.005641	-0.036075
2.6102	-9.0616	-0.0070151	-0.038239
4.0765	-9.0616	-0.0080936	-0.04072
5.5428	-9.0616	-0.010821	-0.045271
7.0091	-9.0616	-0.012982	-0.050965
8.4754	-9.0616	-0.014573	-0.055776
9.9417	-9.0616	-0.010773	-0.061805
11.408	-9.0616	0	-0
12.874	-9.0616	0	-0
14.341	-9.0616	0	-0
15.807	-9.0616	0	-0
-14.985	-10.528	0	-0
-13.519	-10.528	0	-0
-12.053	-10.528	0	-0
-10.587	-10.528	0	-0
-9.1202	-10.528	0	-0
-7.6539	-10.528	0	-0
-6.1876	-10.528	0	-0
-4.7213	-10.528	0	-0
-3.255	-10.528	0	-0
-1.7887	-10.528	-0.0050208	-0.038468
-0.32241	-10.528	-0.0063712	-0.040477
1.1439	-10.528	-0.0079987	-0.041263
2.6102	-10.528	-0.0088398	-0.042912
4.0765	-10.528	-0.01097	-0.046851
5.5428	-10.528	-0.01268	-0.052734
7.0091	-10.528	-0.013791	-0.058684
8.4754	-10.528	-0.016156	-0.064714
9.9417	-10.528	-0.010212	-0.071176
11.408	-10.528	0	-0
12.874	-10.528	0	-0
14.341	-10.528	0	-0
15.807	-10.528	0	-0
-14.985	-11.994	0	-0
-13.519	-11.994	0	-0
-12.053	-11.994	0	-0
-10.587	-11.994	0	-0
-9.1202	-11.994	0	-0
-7.6539	-11.994	0	-0
-6.1876	-11.994	0	-0
-4.7213	-11.994	0	-0
-3.255	-11.994	0	-0
-1.7887	-11.994	0	-0
-0.32241	-11.994	0	-0
1.1439	-11.994	0	-0
2.6102	-11.994	0	-0
4.0765	-11.994	0	-0
5.5428	-11.994	0	-0
7.0091	-11.994	0	-0
8.4754	-11.994	0	-0
9.9417	-11.994	0	-0
11.408	-11.994	0	-0
12.874	-11.994	0	-0
14.341	-11.994	0	-0
15.807	-11.994	0	-0
