#DaVis 7.4.0 2D-vector 96 22 22 "" "[mm]" "" "[mm]" "displacement" "[mm]"
-14.985	18.798	0	-0
-13.519	18.798	0	-0
-12.053	18.798	0	-0
-10.587	18.798	0	-0
-9.1202	18.798	0	-0
-7.6539	18.798	0	-0
-6.1876	18.798	0	-0
-4.7213	18.798	0	-0
-3.255	18.798	0	-0
-1.7887	18.798	0	-0
-0.32241	18.798	0.0035551	-0.46331
1.1439	18.798	0.0037936	0.075761
2.6102	18.798	-0.87496	0.64812
4.0765	18.798	0.013819	-0.54384
5.5428	18.798	-0.46718	-0.51483
7.0091	18.798	-0.58246	0.82821
8.4754	18.798	-0.0070071	0.066075
9.9417	18.798	0.011285	0.70733
11.408	18.798	0	-0
12.874	18.798	0	-0
14.341	18.798	0	-0
15.807	18.798	0	-0
-14.985	17.332	0	-0
-13.519	17.332	0	-0
-12.053	17.332	0	-0
-10.587	17.332	0	-0
-9.1202	17.332	0	-0
-7.6539	17.332	0	-0
-6.1876	17.332	0	-0
-4.7213	17.332	0	-0
-3.255	17.332	0	-0
-1.7887	17.332	0.0086631	0.086984
-0.32241	17.332	0.0057037	0.086783
1.1439	17.332	0.0036186	0.082488
2.6102	17.332	0.0018396	0.084342
4.0765	17.332	-0.00020485	0.084452
5.5428	17.332	-0.0031461	0.069256
7.0091	17.332	-0.0059171	0.074283
8.4754	17.332	-0.0073042	0.080269
9.9417	17.332	-0.0084308	0.079786
11.408	17.332	0	-0
12.874	17.332	0	-0
14.341	17.332	0	-0
15.807	17.332	0	-0
-14.985	15.866	0	-0
-13.519	15.866	0	-0
-12.053	15.866	0	-0
-10.587	15.866	0	-0
-9.1202	15.866	0	-0
-7.6539	15.866	0	-0
-6.1876	15.866	0	-0
-4.7213	15.866	0	-0
-3.255	15.866	0	-0
-1.7887	15.866	0.0071735	0.082566
-0.32241	15.866	0.0050703	0.082454
1.1439	15.866	0.0034562	0.081202
2.6102	15.866	0.0015041	0.077848
4.0765	15.866	-4.4294e-005	0.076379
5.5428	15.866	-0.0020737	0.075208
7.0091	15.866	-0.0037713	0.074405
8.4754	15.866	-0.0059082	0.074377
9.9417	15.866	-0.0048193	0.074691
11.408	15.866	0	-0
12.874	15.866	0	-0
14.341	15.866	0	-0
15.807	15.866	0	-0
-14.985	14.399	0	-0
-13.519	14.399	0	-0
-12.053	14.399	0	-0
-10.587	14.399	0	-0
-9.1202	14.399	0	-0
-7.6539	14.399	0	-0
-6.1876	14.399	0	-0
-4.7213	14.399	0	-0
-3.255	14.399	0	-0
-1.7887	14.399	0.0065655	0.078674
-0.32241	14.399	0.0046718	0.078235
1.1439	14.399	0.002842	0.076548
2.6102	14.399	0.0021032	0.074429
4.0765	14.399	0.00096817	0.072709
5.5428	14.399	-0.00044331	0.069176
7.0091	14.399	-0.0022771	0.067985
8.4754	14.399	-0.0041864	0.068317
9.9417	14.399	-0.00095059	0.068103
11.408	14.399	0	-0
12.874	14.399	0	-0
14.341	14.399	0	-0
15.807	14.399	0	-0
-14.985	12.933	0	-0
-13.519	12.933	0	-0
-12.053	12.933	0	-0
-10.587	12.933	0	-0
-9.1202	12.933	0	-0
-7.6539	12.933	0	-0
-6.1876	12.933	0	-0
-4.7213	12.933	0	-0
-3.255	12.933	0	-0
-1.7887	12.933	0.0076129	0.071908
-0.32241	12.933	0.005686	0.071111
1.1439	12.933	0.0045494	0.069147
2.6102	12.933	0.0041917	0.066605
4.0765	12.933	0.0028633	0.064767
5.5428	12.933	0.0008347	0.063285
7.0091	12.933	-0.001049	0.061846
8.4754	12.933	-0.0038241	0.060943
9.9417	12.933	-0.0012062	0.060366
11.408	12.933	0	-0
12.874	12.933	0	-0
14.341	12.933	0	-0
15.807	12.933	0	-0
-14.985	11.467	0	-0
-13.519	11.467	0	-0
-12.053	11.467	0	-0
-10.587	11.467	0	-0
-9.1202	11.467	0	-0
-7.6539	11.467	0	-0
-6.1876	11.467	0	-0
-4.7213	11.467	0	-0
-3.255	11.467	0	-0
-1.7887	11.467	0.0093069	0.064437
-0.32241	11.467	0.0072475	0.063775
1.1439	11.467	0.0061153	0.06197
2.6102	11.467	0.005877	0.058723
4.0765	11.467	0.0039883	0.055687
5.5428	11.467	0.0016425	0.054252
7.0091	11.467	-0.001388	0.053354
8.4754	11.467	-0.0039756	0.05323
9.9417	11.467	-0.0034127	0.052852
11.408	11.467	0	-0
12.874	11.467	0	-0
14.341	11.467	0	-0
15.807	11.467	0	-0
-14.985	10	0	-0
-13.519	10	0	-0
-12.053	10	0	-0
-10.587	10	0	-0
-9.1202	10	0	-0
-7.6539	10	0	-0
-6.1876	10	0	-0
-4.7213	10	0	-0
-3.255	10	0	-0
-1.7887	10	0.010271	0.058497
-0.32241	10	0.0086656	0.056853
1.1439	10	0.005648	0.056219
2.6102	10	0.0046335	0.052458
4.0765	10	0.0032334	0.047522
5.5428	10	0.0013565	0.04467
7.0091	10	-0.0023746	0.044289
8.4754	10	-0.004258	0.044991
9.9417	10	-0.0032992	0.045963
11.408	10	0	-0
12.874	10	0	-0
14.341	10	0	-0
15.807	10	0	-0
-14.985	8.534	0	-0
-13.519	8.534	0	-0
-12.053	8.534	0	-0
-10.587	8.534	0	-0
-9.1202	8.534	0	-0
-7.6539	8.534	0	-0
-6.1876	8.534	0	-0
-4.7213	8.534	0	-0
-3.255	8.534	0	-0
-1.7887	8.534	0.0092193	0.051924
-0.32241	8.534	0.0075811	0.050155
1.1439	8.534	0.0047017	0.049298
2.6102	8.534	0.0027503	0.045853
4.0765	8.534	0.0014933	0.041673
5.5428	8.534	-0.00025982	0.038079
7.0091	8.534	-0.0029095	0.036911
8.4754	8.534	-0.0053662	0.038391
9.9417	8.534	-0.002074	0.039066
11.408	8.534	0	-0
12.874	8.534	0	-0
14.341	8.534	0	-0
15.807	8.534	0	-0
-14.985	7.0677	0	-0
-13.519	7.0677	0	-0
-12.053	7.0677	0	-0
-10.587	7.0677	0	-0
-9.1202	7.0677	0	-0
-7.6539	7.0677	0	-0
-6.1876	7.0677	0	-0
-4.7213	7.0677	0	-0
-3.255	7.0677	0	-0
-1.7887	7.0677	0.0092887	0.044578
-0.32241	7.0677	0.0074553	0.042074
1.1439	7.0677	0.0045491	0.040721
2.6102	7.0677	0.0017408	0.03852
4.0765	7.0677	-0.00055213	0.035177
5.5428	7.0677	-0.0017837	0.032251
7.0091	7.0677	-0.0044504	0.02931
8.4754	7.0677	-0.0080684	0.030338
9.9417	7.0677	-0.0022159	0.031564
11.408	7.0677	0	-0
12.874	7.0677	0	-0
14.341	7.0677	0	-0
15.807	7.0677	0	-0
-14.985	5.6014	0	-0
-13.519	5.6014	0	-0
-12.053	5.6014	0	-0
-10.587	5.6014	0	-0
-9.1202	5.6014	0	-0
-7.6539	5.6014	0	-0
-6.1876	5.6014	0	-0
-4.7213	5.6014	0	-0
-3.255	5.6014	0	-0
-1.7887	5.6014	0.01097	0.034834
-0.32241	5.6014	0.0089672	0.032253
1.1439	5.6014	0.006047	0.029697
2.6102	5.6014	0.0020467	0.028154
4.0765	5.6014	-0.0017903	0.027483
5.5428	5.6014	-0.0039718	0.025027
7.0091	5.6014	-0.0074395	0.021924
8.4754	5.6014	-0.0093453	0.021082
9.9417	5.6014	-0.001651	0.022642
11.408	5.6014	0	-0
12.874	5.6014	0	-0
14.341	5.6014	0	-0
15.807	5.6014	0	-0
-14.985	4.1351	0	-0
-13.519	4.1351	0	-0
-12.053	4.1351	0	-0
-10.587	4.1351	0	-0
-9.1202	4.1351	0	-0
-7.6539	4.1351	0	-0
-6.1876	4.1351	0	-0
-4.7213	4.1351	0	-0
-3.255	4.1351	0	-0
-1.7887	4.1351	0.012895	0.024917
-0.32241	4.1351	0.010372	0.022464
1.1439	4.1351	0.0080117	0.019841
2.6102	4.1351	0.0038719	0.017803
4.0765	4.1351	-7.2236e-006	0.016987
5.5428	4.1351	-0.0032437	0.014879
7.0091	4.1351	-0.0077291	0.013488
8.4754	4.1351	-0.009847	0.012659
9.9417	4.1351	-0.0058041	0.013605
11.408	4.1351	0	-0
12.874	4.1351	0	-0
14.341	4.1351	0	-0
15.807	4.1351	0	-0
-14.985	2.6688	0	-0
-13.519	2.6688	0	-0
-12.053	2.6688	0	-0
-10.587	2.6688	0	-0
-9.1202	2.6688	0	-0
-7.6539	2.6688	0	-0
-6.1876	2.6688	0	-0
-4.7213	2.6688	0	-0
-3.255	2.6688	0	-0
-1.7887	2.6688	0.013631	0.01529
-0.32241	2.6688	0.011925	0.012696
1.1439	2.6688	0.00962	0.0099669
2.6102	2.6688	0.0059135	0.008667
4.0765	2.6688	0.0026539	0.0074456
5.5428	2.6688	-0.00058027	0.0064442
7.0091	2.6688	-0.0047091	0.0048277
8.4754	2.6688	-0.0075359	0.0038297
9.9417	2.6688	-0.0046439	0.003929
11.408	2.6688	0	-0
12.874	2.6688	0	-0
14.341	2.6688	0	-0
15.807	2.6688	0	-0
-14.985	1.2025	0	-0
-13.519	1.2025	0	-0
-12.053	1.2025	0	-0
-10.587	1.2025	0	-0
-9.1202	1.2025	0	-0
-7.6539	1.2025	0	-0
-6.1876	1.2025	0	-0
-4.7213	1.2025	0	-0
-3.255	1.2025	0	-0
-1.7887	1.2025	0.014337	0.0072434
-0.32241	1.2025	0.012815	0.004702
1.1439	1.2025	0.0091634	0.002089
2.6102	1.2025	0.0066052	0.00020651
4.0765	1.2025	0.0038238	-0.00058645
5.5428	1.2025	0.0013863	-0.0014879
7.0091	1.2025	-0.0019818	-0.0030317
8.4754	1.2025	-0.005859	-0.0047455
9.9417	1.2025	-0.0033853	-0.0058992
11.408	1.2025	0	-0
12.874	1.2025	0	-0
14.341	1.2025	0	-0
15.807	1.2025	0	-0
-14.985	-0.2638	0	-0
-13.519	-0.2638	0	-0
-12.053	-0.2638	0	-0
-10.587	-0.2638	0	-0
-9.1202	-0.2638	0	-0
-7.6539	-0.2638	0	-0
-6.1876	-0.2638	0	-0
-4.7213	-0.2638	0	-0
-3.255	-0.2638	0	-0
-1.7887	-0.2638	0.012989	-0.0011954
-0.32241	-0.2638	0.010378	-0.0040903
1.1439	-0.2638	0.0084029	-0.0062697
2.6102	-0.2638	0.0057348	-0.0078151
4.0765	-0.2638	0.0027177	-0.0077676
5.5428	-0.2638	-0.00020906	-0.0087994
7.0091	-0.2638	-0.0038611	-0.011905
8.4754	-0.2638	-0.0066885	-0.014018
9.9417	-0.2638	-0.0011592	-0.015399
11.408	-0.2638	0	-0
12.874	-0.2638	0	-0
14.341	-0.2638	0	-0
15.807	-0.2638	0	-0
-14.985	-1.7301	0	-0
-13.519	-1.7301	0	-0
-12.053	-1.7301	0	-0
-10.587	-1.7301	0	-0
-9.1202	-1.7301	0	-0
-7.6539	-1.7301	0	-0
-6.1876	-1.7301	0	-0
-4.7213	-1.7301	0	-0
-3.255	-1.7301	0	-0
-1.7887	-1.7301	0.010414	-0.0092696
-0.32241	-1.7301	0.0086751	-0.011473
1.1439	-1.7301	0.007208	-0.013708
2.6102	-1.7301	0.0035678	-0.016364
4.0765	-1.7301	0.00016977	-0.01657
5.5428	-1.7301	-0.0033964	-0.016832
7.0091	-1.7301	-0.0070627	-0.019352
8.4754	-1.7301	-0.0093091	-0.022862
9.9417	-1.7301	-0.004693	-0.024646
11.408	-1.7301	0	-0
12.874	-1.7301	0	-0
14.341	-1.7301	0	-0
15.807	-1.7301	0	-0
-14.985	-3.1964	0	-0
-13.519	-3.1964	0	-0
-12.053	-3.1964	0	-0
-10.587	-3.1964	0	-0
-9.1202	-3.1964	0	-0
-7.6539	-3.1964	0	-0
-6.1876	-3.1964	0	-0
-4.7213	-3.1964	0	-0
-3.255	-3.1964	0	-0
-1.7887	-3.1964	0.0090384	-0.016246
-0.32241	-3.1964	0.0067113	-0.018469
1.1439	-3.1964	0.0047631	-0.02079
2.6102	-3.1964	0.0014311	-0.024361
4.0765	-3.1964	-0.0018406	-0.025872
5.5428	-3.1964	-0.0059102	-0.027225
7.0091	-3.1964	-0.0099133	-0.030115
8.4754	-3.1964	-0.012819	-0.033264
9.9417	-3.1964	-0.0077821	-0.035571
11.408	-3.1964	0	-0
12.874	-3.1964	0	-0
14.341	-3.1964	0	-0
15.807	-3.1964	0	-0
-14.985	-4.6627	0	-0
-13.519	-4.6627	0	-0
-12.053	-4.6627	0	-0
-10.587	-4.6627	0	-0
-9.1202	-4.6627	0	-0
-7.6539	-4.6627	0	-0
-6.1876	-4.6627	0	-0
-4.7213	-4.6627	0	-0
-3.255	-4.6627	0	-0
-1.7887	-4.6627	0.0069614	-0.02258
-0.32241	-4.6627	0.0041031	-0.024973
1.1439	-4.6627	0.0021821	-0.02805
2.6102	-4.6627	0.00040002	-0.032932
4.0765	-4.6627	-0.0033118	-0.03607
5.5428	-4.6627	-0.0072117	-0.038542
7.0091	-4.6627	-0.012122	-0.041764
8.4754	-4.6627	-0.015391	-0.045704
9.9417	-4.6627	-0.0088483	-0.049271
11.408	-4.6627	0	-0
12.874	-4.6627	0	-0
14.341	-4.6627	0	-0
15.807	-4.6627	0	-0
-14.985	-6.129	0	-0
-13.519	-6.129	0	-0
-12.053	-6.129	0	-0
-10.587	-6.129	0	-0
-9.1202	-6.129	0	-0
-7.6539	-6.129	0	-0
-6.1876	-6.129	0	-0
-4.7213	-6.129	0	-0
-3.255	-6.129	0	-0
-1.7887	-6.129	0.0051485	-0.030529
-0.32241	-6.129	0.0016154	-0.032947
1.1439	-6.129	-0.0013021	-0.036576
2.6102	-6.129	-0.003123	-0.041586
4.0765	-6.129	-0.0056587	-0.044957
5.5428	-6.129	-0.0085211	-0.048397
7.0091	-6.129	-0.012636	-0.052386
8.4754	-6.129	-0.015584	-0.057152
9.9417	-6.129	-0.0077439	-0.063198
11.408	-6.129	0	-0
12.874	-6.129	0	-0
14.341	-6.129	0	-0
15.807	-6.129	0	-0
-14.985	-7.5953	0	-0
-13.519	-7.5953	0	-0
-12.053	-7.5953	0	-0
-10.587	-7.5953	0	-0
-9.1202	-7.5953	0	-0
-7.6539	-7.5953	0	-0
-6.1876	-7.5953	0	-0
-4.7213	-7.5953	0	-0
-3.255	-7.5953	0	-0
-1.7887	-7.5953	0.0010703	-0.034699
-0.32241	-7.5953	-0.0029288	-0.039229
1.1439	-7.5953	-0.0059264	-0.043511
2.6102	-7.5953	-0.0076042	-0.047686
4.0765	-7.5953	-0.0086971	-0.051637
5.5428	-7.5953	-0.010451	-0.056771
7.0091	-7.5953	-0.014671	-0.062337
8.4754	-7.5953	-0.015553	-0.06946
9.9417	-7.5953	-0.0012242	-0.078742
11.408	-7.5953	0	-0
12.874	-7.5953	0	-0
14.341	-7.5953	0	-0
15.807	-7.5953	0	-0
-14.985	-9.0616	0	-0
-13.519	-9.0616	0	-0
-12.053	-9.0616	0	-0
-10.587	-9.0616	0	-0
-9.1202	-9.0616	0	-0
-7.6539	-9.0616	0	-0
-6.1876	-9.0616	0	-0
-4.7213	-9.0616	0	-0
-3.255	-9.0616	0	-0
-1.7887	-9.0616	-0.00064683	-0.039395
-0.32241	-9.0616	-0.0074679	-0.043859
1.1439	-9.0616	-0.010047	-0.047552
2.6102	-9.0616	-0.011725	-0.052358
4.0765	-9.0616	-0.012473	-0.057532
5.5428	-9.0616	-0.015983	-0.065713
7.0091	-9.0616	-0.018357	-0.075244
8.4754	-9.0616	-0.01988	-0.083049
9.9417	-9.0616	-0.0026106	-0.09446
11.408	-9.0616	0	-0
12.874	-9.0616	0	-0
14.341	-9.0616	0	-0
15.807	-9.0616	0	-0
-14.985	-10.528	0	-0
-13.519	-10.528	0	-0
-12.053	-10.528	0	-0
-10.587	-10.528	0	-0
-9.1202	-10.528	0	-0
-7.6539	-10.528	0	-0
-6.1876	-10.528	0	-0
-4.7213	-10.528	0	-0
-3.255	-10.528	0	-0
-1.7887	-10.528	-0.0018577	-0.044651
-0.32241	-10.528	-0.01311	-0.049807
1.1439	-10.528	-0.01632	-0.053624
2.6102	-10.528	-0.018366	-0.058315
4.0765	-10.528	-0.020392	-0.066269
5.5428	-10.528	-0.022863	-0.076884
7.0091	-10.528	-0.023987	-0.08775
8.4754	-10.528	-0.026045	-0.09862
9.9417	-10.528	-0.0085523	-0.11097
11.408	-10.528	0	-0
12.874	-10.528	0	-0
14.341	-10.528	0	-0
15.807	-10.528	0	-0
-14.985	-11.994	0	-0
-13.519	-11.994	0	-0
-12.053	-11.994	0	-0
-10.587	-11.994	0	-0
-9.1202	-11.994	0	-0
-7.6539	-11.994	0	-0
-6.1876	-11.994	0	-0
-4.7213	-11.994	0	-0
-3.255	-11.994	0	-0
-1.7887	-11.994	0	-0
-0.32241	-11.994	0	-0
1.1439	-11.994	0	-0
2.6102	-11.994	0	-0
4.0765	-11.994	0	-0
5.5428	-11.994	0	-0
7.0091	-11.994	0	-0
8.4754	-11.994	0	-0
9.9417	-11.994	0	-0
11.408	-11.994	0	-0
12.874	-11.994	0	-0
14.341	-11.994	0	-0
15.807	-11.994	0	-0
