#DaVis 7.4.0 2D-vector 96 22 22 "" "[mm]" "" "[mm]" "displacement" "[mm]"
-14.985	18.798	0	-0
-13.519	18.798	0	-0
-12.053	18.798	0	-0
-10.587	18.798	0	-0
-9.1202	18.798	0	-0
-7.6539	18.798	0	-0
-6.1876	18.798	0	-0
-4.7213	18.798	0	-0
-3.255	18.798	0	-0
-1.7887	18.798	0	-0
-0.32241	18.798	-0.0020236	0.055417
1.1439	18.798	-0.0033417	0.062098
2.6102	18.798	0.37323	0.93157
4.0765	18.798	0.36701	-0.18186
5.5428	18.798	-0.0091174	0.053743
7.0091	18.798	-0.26042	-0.73497
8.4754	18.798	-0.012713	0.056087
9.9417	18.798	-0.014341	0.054102
11.408	18.798	0	-0
12.874	18.798	0	-0
14.341	18.798	0	-0
15.807	18.798	0	-0
-14.985	17.332	0	-0
-13.519	17.332	0	-0
-12.053	17.332	0	-0
-10.587	17.332	0	-0
-9.1202	17.332	0	-0
-7.6539	17.332	0	-0
-6.1876	17.332	0	-0
-4.7213	17.332	0	-0
-3.255	17.332	0	-0
-1.7887	17.332	-0.00083467	0.061255
-0.32241	17.332	-0.0019385	0.062171
1.1439	17.332	-0.003174	0.062502
2.6102	17.332	-0.0044558	0.060347
4.0765	17.332	-0.0061974	0.05933
5.5428	17.332	-0.0081012	0.060657
7.0091	17.332	-0.010075	0.060432
8.4754	17.332	-0.011617	0.060631
9.9417	17.332	-0.013347	0.062987
11.408	17.332	0	-0
12.874	17.332	0	-0
14.341	17.332	0	-0
15.807	17.332	0	-0
-14.985	15.866	0	-0
-13.519	15.866	0	-0
-12.053	15.866	0	-0
-10.587	15.866	0	-0
-9.1202	15.866	0	-0
-7.6539	15.866	0	-0
-6.1876	15.866	0	-0
-4.7213	15.866	0	-0
-3.255	15.866	0	-0
-1.7887	15.866	-0.0011568	0.055742
-0.32241	15.866	-0.001003	0.057551
1.1439	15.866	-0.0021345	0.05765
2.6102	15.866	-0.0032482	0.056283
4.0765	15.866	-0.0049461	0.056079
5.5428	15.866	-0.0059493	0.055454
7.0091	15.866	-0.0073169	0.055966
8.4754	15.866	-0.0089674	0.057031
9.9417	15.866	-0.010728	0.057198
11.408	15.866	0	-0
12.874	15.866	0	-0
14.341	15.866	0	-0
15.807	15.866	0	-0
-14.985	14.399	0	-0
-13.519	14.399	0	-0
-12.053	14.399	0	-0
-10.587	14.399	0	-0
-9.1202	14.399	0	-0
-7.6539	14.399	0	-0
-6.1876	14.399	0	-0
-4.7213	14.399	0	-0
-3.255	14.399	0	-0
-1.7887	14.399	-0.0010691	0.053105
-0.32241	14.399	-0.00057203	0.0541
1.1439	14.399	-0.0012867	0.053779
2.6102	14.399	-0.0020194	0.052934
4.0765	14.399	-0.0028838	0.052605
5.5428	14.399	-0.0038666	0.05095
7.0091	14.399	-0.0049146	0.050824
8.4754	14.399	-0.0066208	0.052346
9.9417	14.399	-0.0087605	0.052399
11.408	14.399	0	-0
12.874	14.399	0	-0
14.341	14.399	0	-0
15.807	14.399	0	-0
-14.985	12.933	0	-0
-13.519	12.933	0	-0
-12.053	12.933	0	-0
-10.587	12.933	0	-0
-9.1202	12.933	0	-0
-7.6539	12.933	0	-0
-6.1876	12.933	0	-0
-4.7213	12.933	0	-0
-3.255	12.933	0	-0
-1.7887	12.933	-0.00068505	0.048193
-0.32241	12.933	0.0010059	0.048715
1.1439	12.933	0.001077	0.048111
2.6102	12.933	0.00038008	0.047278
4.0765	12.933	-0.00044106	0.046673
5.5428	12.933	-0.0018771	0.046096
7.0091	12.933	-0.002722	0.045819
8.4754	12.933	-0.0049061	0.046157
9.9417	12.933	-0.0070415	0.046995
11.408	12.933	0	-0
12.874	12.933	0	-0
14.341	12.933	0	-0
15.807	12.933	0	-0
-14.985	11.467	0	-0
-13.519	11.467	0	-0
-12.053	11.467	0	-0
-10.587	11.467	0	-0
-9.1202	11.467	0	-0
-7.6539	11.467	0	-0
-6.1876	11.467	0	-0
-4.7213	11.467	0	-0
-3.255	11.467	0	-0
-1.7887	11.467	0.0005679	0.042884
-0.32241	11.467	0.0036972	0.04328
1.1439	11.467	0.0029998	0.042948
2.6102	11.467	0.0025274	0.041133
4.0765	11.467	0.0013594	0.039583
5.5428	11.467	-0.00016201	0.038962
7.0091	11.467	-0.0016688	0.038927
8.4754	11.467	-0.0035986	0.039866
9.9417	11.467	-0.0057976	0.040544
11.408	11.467	0	-0
12.874	11.467	0	-0
14.341	11.467	0	-0
15.807	11.467	0	-0
-14.985	10	0	-0
-13.519	10	0	-0
-12.053	10	0	-0
-10.587	10	0	-0
-9.1202	10	0	-0
-7.6539	10	0	-0
-6.1876	10	0	-0
-4.7213	10	0	-0
-3.255	10	0	-0
-1.7887	10	0.0017595	0.039637
-0.32241	10	0.0057581	0.038897
1.1439	10	0.0042301	0.039248
2.6102	10	0.002402	0.037106
4.0765	10	0.0015522	0.034005
5.5428	10	0.00037637	0.032411
7.0091	10	-0.001376	0.032385
8.4754	10	-0.0029218	0.03324
9.9417	10	-0.0048854	0.034917
11.408	10	0	-0
12.874	10	0	-0
14.341	10	0	-0
15.807	10	0	-0
-14.985	8.534	0	-0
-13.519	8.534	0	-0
-12.053	8.534	0	-0
-10.587	8.534	0	-0
-9.1202	8.534	0	-0
-7.6539	8.534	0	-0
-6.1876	8.534	0	-0
-4.7213	8.534	0	-0
-3.255	8.534	0	-0
-1.7887	8.534	-0.00026545	0.034751
-0.32241	8.534	0.0056033	0.03444
1.1439	8.534	0.0044	0.034596
2.6102	8.534	0.0018073	0.032489
4.0765	8.534	0.00092837	0.030102
5.5428	8.534	-0.00018528	0.0278
7.0091	8.534	-0.0012916	0.026667
8.4754	8.534	-0.0034887	0.027911
9.9417	8.534	-0.0054165	0.029378
11.408	8.534	0	-0
12.874	8.534	0	-0
14.341	8.534	0	-0
15.807	8.534	0	-0
-14.985	7.0677	0	-0
-13.519	7.0677	0	-0
-12.053	7.0677	0	-0
-10.587	7.0677	0	-0
-9.1202	7.0677	0	-0
-7.6539	7.0677	0	-0
-6.1876	7.0677	0	-0
-4.7213	7.0677	0	-0
-3.255	7.0677	0	-0
-1.7887	7.0677	-0.00057716	0.030136
-0.32241	7.0677	0.0055469	0.028974
1.1439	7.0677	0.0043986	0.0285
2.6102	7.0677	0.0016596	0.027299
4.0765	7.0677	-0.00041803	0.025448
5.5428	7.0677	-0.0012839	0.023773
7.0091	7.0677	-0.0025077	0.021448
8.4754	7.0677	-0.005104	0.021689
9.9417	7.0677	-0.0068195	0.023223
11.408	7.0677	0	-0
12.874	7.0677	0	-0
14.341	7.0677	0	-0
15.807	7.0677	0	-0
-14.985	5.6014	0	-0
-13.519	5.6014	0	-0
-12.053	5.6014	0	-0
-10.587	5.6014	0	-0
-9.1202	5.6014	0	-0
-7.6539	5.6014	0	-0
-6.1876	5.6014	0	-0
-4.7213	5.6014	0	-0
-3.255	5.6014	0	-0
-1.7887	5.6014	0.0011467	0.024489
-0.32241	5.6014	0.0066802	0.022901
1.1439	5.6014	0.0060939	0.021318
2.6102	5.6014	0.0021418	0.020282
4.0765	5.6014	-0.0008115	0.020554
5.5428	5.6014	-0.0026607	0.018862
7.0091	5.6014	-0.00461	0.016083
8.4754	5.6014	-0.006235	0.015146
9.9417	5.6014	-0.0076936	0.016354
11.408	5.6014	0	-0
12.874	5.6014	0	-0
14.341	5.6014	0	-0
15.807	5.6014	0	-0
-14.985	4.1351	0	-0
-13.519	4.1351	0	-0
-12.053	4.1351	0	-0
-10.587	4.1351	0	-0
-9.1202	4.1351	0	-0
-7.6539	4.1351	0	-0
-6.1876	4.1351	0	-0
-4.7213	4.1351	0	-0
-3.255	4.1351	0	-0
-1.7887	4.1351	0.004056	0.017863
-0.32241	4.1351	0.0085878	0.016855
1.1439	4.1351	0.007072	0.014948
2.6102	4.1351	0.0033259	0.013273
4.0765	4.1351	0.0011254	0.01292
5.5428	4.1351	-0.0019616	0.011106
7.0091	4.1351	-0.0049121	0.0098776
8.4754	4.1351	-0.0067606	0.0088846
9.9417	4.1351	-0.0081075	0.0096492
11.408	4.1351	0	-0
12.874	4.1351	0	-0
14.341	4.1351	0	-0
15.807	4.1351	0	-0
-14.985	2.6688	0	-0
-13.519	2.6688	0	-0
-12.053	2.6688	0	-0
-10.587	2.6688	0	-0
-9.1202	2.6688	0	-0
-7.6539	2.6688	0	-0
-6.1876	2.6688	0	-0
-4.7213	2.6688	0	-0
-3.255	2.6688	0	-0
-1.7887	2.6688	0.0014208	0.012045
-0.32241	2.6688	0.0091576	0.0097906
1.1439	2.6688	0.0078159	0.0077192
2.6102	2.6688	0.0048657	0.0070342
4.0765	2.6688	0.0021903	0.006355
5.5428	2.6688	-0.00016538	0.0052002
7.0091	2.6688	-0.0028053	0.0039737
8.4754	2.6688	-0.0048507	0.0033874
9.9417	2.6688	-0.0066964	0.0035966
11.408	2.6688	0	-0
12.874	2.6688	0	-0
14.341	2.6688	0	-0
15.807	2.6688	0	-0
-14.985	1.2025	0	-0
-13.519	1.2025	0	-0
-12.053	1.2025	0	-0
-10.587	1.2025	0	-0
-9.1202	1.2025	0	-0
-7.6539	1.2025	0	-0
-6.1876	1.2025	0	-0
-4.7213	1.2025	0	-0
-3.255	1.2025	0	-0
-1.7887	1.2025	0.0046948	0.0062213
-0.32241	1.2025	0.0099435	0.0040904
1.1439	1.2025	0.0072441	0.0022768
2.6102	1.2025	0.0049721	0.00062068
4.0765	1.2025	0.0032028	-5.8709e-005
5.5428	1.2025	0.001393	-0.00075078
7.0091	1.2025	-0.00057109	-0.0018343
8.4754	1.2025	-0.00339	-0.002869
9.9417	1.2025	-0.0055065	-0.0032018
11.408	1.2025	0	-0
12.874	1.2025	0	-0
14.341	1.2025	0	-0
15.807	1.2025	0	-0
-14.985	-0.2638	0	-0
-13.519	-0.2638	0	-0
-12.053	-0.2638	0	-0
-10.587	-0.2638	0	-0
-9.1202	-0.2638	0	-0
-7.6539	-0.2638	0	-0
-6.1876	-0.2638	0	-0
-4.7213	-0.2638	0	-0
-3.255	-0.2638	0	-0
-1.7887	-0.2638	0.0053744	0.00061352
-0.32241	-0.2638	0.0066764	-0.0024948
1.1439	-0.2638	0.0069335	-0.0043935
2.6102	-0.2638	0.0045449	-0.0056453
4.0765	-0.2638	0.0024624	-0.0055185
5.5428	-0.2638	0.00074932	-0.0060377
7.0091	-0.2638	-0.0013497	-0.0080703
8.4754	-0.2638	-0.0039748	-0.0098461
9.9417	-0.2638	-0.0057015	-0.010547
11.408	-0.2638	0	-0
12.874	-0.2638	0	-0
14.341	-0.2638	0	-0
15.807	-0.2638	0	-0
-14.985	-1.7301	0	-0
-13.519	-1.7301	0	-0
-12.053	-1.7301	0	-0
-10.587	-1.7301	0	-0
-9.1202	-1.7301	0	-0
-7.6539	-1.7301	0	-0
-6.1876	-1.7301	0	-0
-4.7213	-1.7301	0	-0
-3.255	-1.7301	0	-0
-1.7887	-1.7301	0.00077984	-0.0063674
-0.32241	-1.7301	0.0055216	-0.0082481
1.1439	-1.7301	0.0058203	-0.0095466
2.6102	-1.7301	0.0028839	-0.011265
4.0765	-1.7301	0.00059962	-0.011439
5.5428	-1.7301	-0.0015556	-0.011574
7.0091	-1.7301	-0.0038777	-0.013872
8.4754	-1.7301	-0.006026	-0.016901
9.9417	-1.7301	-0.008328	-0.018425
11.408	-1.7301	0	-0
12.874	-1.7301	0	-0
14.341	-1.7301	0	-0
15.807	-1.7301	0	-0
-14.985	-3.1964	0	-0
-13.519	-3.1964	0	-0
-12.053	-3.1964	0	-0
-10.587	-3.1964	0	-0
-9.1202	-3.1964	0	-0
-7.6539	-3.1964	0	-0
-6.1876	-3.1964	0	-0
-4.7213	-3.1964	0	-0
-3.255	-3.1964	0	-0
-1.7887	-3.1964	0.0021085	-0.012199
-0.32241	-3.1964	0.0036777	-0.013214
1.1439	-3.1964	0.0034965	-0.014829
2.6102	-3.1964	0.0013559	-0.017036
4.0765	-3.1964	-0.0009885	-0.018052
5.5428	-3.1964	-0.0037081	-0.019441
7.0091	-3.1964	-0.0064482	-0.022193
8.4754	-3.1964	-0.0091295	-0.025025
9.9417	-3.1964	-0.010998	-0.027
11.408	-3.1964	0	-0
12.874	-3.1964	0	-0
14.341	-3.1964	0	-0
15.807	-3.1964	0	-0
-14.985	-4.6627	0	-0
-13.519	-4.6627	0	-0
-12.053	-4.6627	0	-0
-10.587	-4.6627	0	-0
-9.1202	-4.6627	0	-0
-7.6539	-4.6627	0	-0
-6.1876	-4.6627	0	-0
-4.7213	-4.6627	0	-0
-3.255	-4.6627	0	-0
-1.7887	-4.6627	0.00055664	-0.017086
-0.32241	-4.6627	0.0020744	-0.018638
1.1439	-4.6627	0.0014142	-0.020138
2.6102	-4.6627	-6.7742e-006	-0.023007
4.0765	-4.6627	-0.002384	-0.025103
5.5428	-4.6627	-0.0053741	-0.027236
7.0091	-4.6627	-0.0088595	-0.030006
8.4754	-4.6627	-0.011536	-0.032941
9.9417	-4.6627	-0.012674	-0.035542
11.408	-4.6627	0	-0
12.874	-4.6627	0	-0
14.341	-4.6627	0	-0
15.807	-4.6627	0	-0
-14.985	-6.129	0	-0
-13.519	-6.129	0	-0
-12.053	-6.129	0	-0
-10.587	-6.129	0	-0
-9.1202	-6.129	0	-0
-7.6539	-6.129	0	-0
-6.1876	-6.129	0	-0
-4.7213	-6.129	0	-0
-3.255	-6.129	0	-0
-1.7887	-6.129	-0.0011196	-0.024018
-0.32241	-6.129	0.00073862	-0.024843
1.1439	-6.129	-0.00074661	-0.026424
2.6102	-6.129	-0.0025608	-0.028984
4.0765	-6.129	-0.0046599	-0.030778
5.5428	-6.129	-0.0071566	-0.033095
7.0091	-6.129	-0.009817	-0.036319
8.4754	-6.129	-0.012254	-0.039433
9.9417	-6.129	-0.01341	-0.042739
11.408	-6.129	0	-0
12.874	-6.129	0	-0
14.341	-6.129	0	-0
15.807	-6.129	0	-0
-14.985	-7.5953	0	-0
-13.519	-7.5953	0	-0
-12.053	-7.5953	0	-0
-10.587	-7.5953	0	-0
-9.1202	-7.5953	0	-0
-7.6539	-7.5953	0	-0
-6.1876	-7.5953	0	-0
-4.7213	-7.5953	0	-0
-3.255	-7.5953	0	-0
-1.7887	-7.5953	-0.0021501	-0.027872
-0.32241	-7.5953	-0.0013676	-0.029796
1.1439	-7.5953	-0.0034276	-0.031558
2.6102	-7.5953	-0.0052122	-0.033212
4.0765	-7.5953	-0.0065263	-0.035079
5.5428	-7.5953	-0.008461	-0.037831
7.0091	-7.5953	-0.010668	-0.041318
8.4754	-7.5953	-0.0125	-0.045962
9.9417	-7.5953	-0.013523	-0.050733
11.408	-7.5953	0	-0
12.874	-7.5953	0	-0
14.341	-7.5953	0	-0
15.807	-7.5953	0	-0
-14.985	-9.0616	0	-0
-13.519	-9.0616	0	-0
-12.053	-9.0616	0	-0
-10.587	-9.0616	0	-0
-9.1202	-9.0616	0	-0
-7.6539	-9.0616	0	-0
-6.1876	-9.0616	0	-0
-4.7213	-9.0616	0	-0
-3.255	-9.0616	0	-0
-1.7887	-9.0616	-0.0034941	-0.032038
-0.32241	-9.0616	-0.0035013	-0.033631
1.1439	-9.0616	-0.0053538	-0.034655
2.6102	-9.0616	-0.0065696	-0.036519
4.0765	-9.0616	-0.0077348	-0.038781
5.5428	-9.0616	-0.010188	-0.043147
7.0091	-9.0616	-0.012249	-0.048462
8.4754	-9.0616	-0.014105	-0.052762
9.9417	-9.0616	-0.012876	-0.057878
11.408	-9.0616	0	-0
12.874	-9.0616	0	-0
14.341	-9.0616	0	-0
15.807	-9.0616	0	-0
-14.985	-10.528	0	-0
-13.519	-10.528	0	-0
-12.053	-10.528	0	-0
-10.587	-10.528	0	-0
-9.1202	-10.528	0	-0
-7.6539	-10.528	0	-0
-6.1876	-10.528	0	-0
-4.7213	-10.528	0	-0
-3.255	-10.528	0	-0
-1.7887	-10.528	-0.0047866	-0.036944
-0.32241	-10.528	-0.0057459	-0.038852
1.1439	-10.528	-0.0074625	-0.039513
2.6102	-10.528	-0.008355	-0.040945
4.0765	-10.528	-0.010161	-0.044759
5.5428	-10.528	-0.011703	-0.050174
7.0091	-10.528	-0.013295	-0.055618
8.4754	-10.528	-0.015822	-0.060972
9.9417	-10.528	-0.0059557	-0.068511
11.408	-10.528	0	-0
12.874	-10.528	0	-0
14.341	-10.528	0	-0
15.807	-10.528	0	-0
-14.985	-11.994	0	-0
-13.519	-11.994	0	-0
-12.053	-11.994	0	-0
-10.587	-11.994	0	-0
-9.1202	-11.994	0	-0
-7.6539	-11.994	0	-0
-6.1876	-11.994	0	-0
-4.7213	-11.994	0	-0
-3.255	-11.994	0	-0
-1.7887	-11.994	0	-0
-0.32241	-11.994	0	-0
1.1439	-11.994	0	-0
2.6102	-11.994	0	-0
4.0765	-11.994	0	-0
5.5428	-11.994	0	-0
7.0091	-11.994	0	-0
8.4754	-11.994	0	-0
9.9417	-11.994	0	-0
11.408	-11.994	0	-0
12.874	-11.994	0	-0
14.341	-11.994	0	-0
15.807	-11.994	0	-0
