#DaVis 7.4.0 2D-vector 96 22 22 "" "[mm]" "" "[mm]" "displacement" "[mm]"
-14.985	18.798	0	-0
-13.519	18.798	0	-0
-12.053	18.798	0	-0
-10.587	18.798	0	-0
-9.1202	18.798	0	-0
-7.6539	18.798	0	-0
-6.1876	18.798	0	-0
-4.7213	18.798	0	-0
-3.255	18.798	0	-0
-1.7887	18.798	0	-0
-0.32241	18.798	-0.0034198	0.050435
1.1439	18.798	-0.0046031	0.053204
2.6102	18.798	0.18258	-0.81855
4.0765	18.798	-0.0073795	0.042885
5.5428	18.798	-0.0086317	0.039853
7.0091	18.798	-0.068291	-0.67602
8.4754	18.798	-0.011145	0.050817
9.9417	18.798	-0.010121	0.057665
11.408	18.798	0	-0
12.874	18.798	0	-0
14.341	18.798	0	-0
15.807	18.798	0	-0
-14.985	17.332	0	-0
-13.519	17.332	0	-0
-12.053	17.332	0	-0
-10.587	17.332	0	-0
-9.1202	17.332	0	-0
-7.6539	17.332	0	-0
-6.1876	17.332	0	-0
-4.7213	17.332	0	-0
-3.255	17.332	0	-0
-1.7887	17.332	-0.0014682	0.050372
-0.32241	17.332	-0.0030207	0.050946
1.1439	17.332	-0.0040445	0.05096
2.6102	17.332	-0.005052	0.04892
4.0765	17.332	-0.006437	0.048055
5.5428	17.332	-0.0080907	0.049567
7.0091	17.332	-0.0094903	0.050197
8.4754	17.332	-0.010739	0.050334
9.9417	17.332	-0.010905	0.053952
11.408	17.332	0	-0
12.874	17.332	0	-0
14.341	17.332	0	-0
15.807	17.332	0	-0
-14.985	15.866	0	-0
-13.519	15.866	0	-0
-12.053	15.866	0	-0
-10.587	15.866	0	-0
-9.1202	15.866	0	-0
-7.6539	15.866	0	-0
-6.1876	15.866	0	-0
-4.7213	15.866	0	-0
-3.255	15.866	0	-0
-1.7887	15.866	-0.0006939	0.045913
-0.32241	15.866	-0.0020387	0.04719
1.1439	15.866	-0.0029235	0.047152
2.6102	15.866	-0.0040172	0.046141
4.0765	15.866	-0.0050237	0.045908
5.5428	15.866	-0.0061393	0.04547
7.0091	15.866	-0.0071262	0.046375
8.4754	15.866	-0.0086061	0.047689
9.9417	15.866	-0.0071482	0.049553
11.408	15.866	0	-0
12.874	15.866	0	-0
14.341	15.866	0	-0
15.807	15.866	0	-0
-14.985	14.399	0	-0
-13.519	14.399	0	-0
-12.053	14.399	0	-0
-10.587	14.399	0	-0
-9.1202	14.399	0	-0
-7.6539	14.399	0	-0
-6.1876	14.399	0	-0
-4.7213	14.399	0	-0
-3.255	14.399	0	-0
-1.7887	14.399	-3.8695e-005	0.042645
-0.32241	14.399	-0.0010712	0.044238
1.1439	14.399	-0.0021735	0.043644
2.6102	14.399	-0.0023497	0.043173
4.0765	14.399	-0.0031066	0.043333
5.5428	14.399	-0.0039267	0.042261
7.0091	14.399	-0.0048882	0.042221
8.4754	14.399	-0.0062961	0.043645
9.9417	14.399	-0.0063566	0.04456
11.408	14.399	0	-0
12.874	14.399	0	-0
14.341	14.399	0	-0
15.807	14.399	0	-0
-14.985	12.933	0	-0
-13.519	12.933	0	-0
-12.053	12.933	0	-0
-10.587	12.933	0	-0
-9.1202	12.933	0	-0
-7.6539	12.933	0	-0
-6.1876	12.933	0	-0
-4.7213	12.933	0	-0
-3.255	12.933	0	-0
-1.7887	12.933	0.0017275	0.039123
-0.32241	12.933	0.00066604	0.039479
1.1439	12.933	0.00026887	0.038936
2.6102	12.933	-0.00042192	0.038162
4.0765	12.933	-0.0012158	0.038209
5.5428	12.933	-0.0022429	0.037864
7.0091	12.933	-0.0029375	0.037822
8.4754	12.933	-0.004627	0.038311
9.9417	12.933	-0.0063055	0.038861
11.408	12.933	0	-0
12.874	12.933	0	-0
14.341	12.933	0	-0
15.807	12.933	0	-0
-14.985	11.467	0	-0
-13.519	11.467	0	-0
-12.053	11.467	0	-0
-10.587	11.467	0	-0
-9.1202	11.467	0	-0
-7.6539	11.467	0	-0
-6.1876	11.467	0	-0
-4.7213	11.467	0	-0
-3.255	11.467	0	-0
-1.7887	11.467	0.0034302	0.034922
-0.32241	11.467	0.0025173	0.035045
1.1439	11.467	0.0013635	0.034666
2.6102	11.467	0.00095445	0.033438
4.0765	11.467	0.00030393	0.032202
5.5428	11.467	-0.00077398	0.03194
7.0091	11.467	-0.0020054	0.032306
8.4754	11.467	-0.0035331	0.033022
9.9417	11.467	-0.0052003	0.033623
11.408	11.467	0	-0
12.874	11.467	0	-0
14.341	11.467	0	-0
15.807	11.467	0	-0
-14.985	10	0	-0
-13.519	10	0	-0
-12.053	10	0	-0
-10.587	10	0	-0
-9.1202	10	0	-0
-7.6539	10	0	-0
-6.1876	10	0	-0
-4.7213	10	0	-0
-3.255	10	0	-0
-1.7887	10	0.0045747	0.031821
-0.32241	10	0.0041127	0.031428
1.1439	10	0.0021628	0.031731
2.6102	10	0.0013859	0.030034
4.0765	10	0.00068829	0.027764
5.5428	10	-0.00014654	0.026675
7.0091	10	-0.0015126	0.026841
8.4754	10	-0.0028051	0.027471
9.9417	10	-0.0044394	0.028881
11.408	10	0	-0
12.874	10	0	-0
14.341	10	0	-0
15.807	10	0	-0
-14.985	8.534	0	-0
-13.519	8.534	0	-0
-12.053	8.534	0	-0
-10.587	8.534	0	-0
-9.1202	8.534	0	-0
-7.6539	8.534	0	-0
-6.1876	8.534	0	-0
-4.7213	8.534	0	-0
-3.255	8.534	0	-0
-1.7887	8.534	0.0047426	0.028235
-0.32241	8.534	0.0043568	0.027718
1.1439	8.534	0.0027176	0.027856
2.6102	8.534	0.001155	0.026334
4.0765	8.534	0.00045386	0.024708
5.5428	8.534	-0.00038568	0.022887
7.0091	8.534	-0.001202	0.021993
8.4754	8.534	-0.0030424	0.023082
9.9417	8.534	-0.0046701	0.02426
11.408	8.534	0	-0
12.874	8.534	0	-0
14.341	8.534	0	-0
15.807	8.534	0	-0
-14.985	7.0677	0	-0
-13.519	7.0677	0	-0
-12.053	7.0677	0	-0
-10.587	7.0677	0	-0
-9.1202	7.0677	0	-0
-7.6539	7.0677	0	-0
-6.1876	7.0677	0	-0
-4.7213	7.0677	0	-0
-3.255	7.0677	0	-0
-1.7887	7.0677	0.0052087	0.02427
-0.32241	7.0677	0.0047584	0.023227
1.1439	7.0677	0.0030727	0.022864
2.6102	7.0677	0.0011142	0.022003
4.0765	7.0677	-0.00059759	0.020953
5.5428	7.0677	-0.0013322	0.019445
7.0091	7.0677	-0.002203	0.017476
8.4754	7.0677	-0.0042956	0.01786
9.9417	7.0677	-0.0057036	0.019128
11.408	7.0677	0	-0
12.874	7.0677	0	-0
14.341	7.0677	0	-0
15.807	7.0677	0	-0
-14.985	5.6014	0	-0
-13.519	5.6014	0	-0
-12.053	5.6014	0	-0
-10.587	5.6014	0	-0
-9.1202	5.6014	0	-0
-7.6539	5.6014	0	-0
-6.1876	5.6014	0	-0
-4.7213	5.6014	0	-0
-3.255	5.6014	0	-0
-1.7887	5.6014	0.0064565	0.019463
-0.32241	5.6014	0.0056557	0.018307
1.1439	5.6014	0.0044134	0.017069
2.6102	5.6014	0.0015126	0.016417
4.0765	5.6014	-0.0010486	0.016633
5.5428	5.6014	-0.0023716	0.01521
7.0091	5.6014	-0.0038528	0.013204
8.4754	5.6014	-0.005197	0.012631
9.9417	5.6014	-0.0063848	0.013592
11.408	5.6014	0	-0
12.874	5.6014	0	-0
14.341	5.6014	0	-0
15.807	5.6014	0	-0
-14.985	4.1351	0	-0
-13.519	4.1351	0	-0
-12.053	4.1351	0	-0
-10.587	4.1351	0	-0
-9.1202	4.1351	0	-0
-7.6539	4.1351	0	-0
-6.1876	4.1351	0	-0
-4.7213	4.1351	0	-0
-3.255	4.1351	0	-0
-1.7887	4.1351	0.00772	0.014924
-0.32241	4.1351	0.0065263	0.013461
1.1439	4.1351	0.0053367	0.011821
2.6102	4.1351	0.0026262	0.010854
4.0765	4.1351	0.00029671	0.010609
5.5428	4.1351	-0.0016221	0.0090316
7.0091	4.1351	-0.0039562	0.0080937
8.4754	4.1351	-0.005303	0.0074161
9.9417	4.1351	-0.0065542	0.0080771
11.408	4.1351	0	-0
12.874	4.1351	0	-0
14.341	4.1351	0	-0
15.807	4.1351	0	-0
-14.985	2.6688	0	-0
-13.519	2.6688	0	-0
-12.053	2.6688	0	-0
-10.587	2.6688	0	-0
-9.1202	2.6688	0	-0
-7.6539	2.6688	0	-0
-6.1876	2.6688	0	-0
-4.7213	2.6688	0	-0
-3.255	2.6688	0	-0
-1.7887	2.6688	0.0081996	0.009332
-0.32241	2.6688	0.0073477	0.0073329
1.1439	2.6688	0.0058149	0.0057092
2.6102	2.6688	0.0036395	0.0053159
4.0765	2.6688	0.0015677	0.0048223
5.5428	2.6688	6.1466e-005	0.0040218
7.0091	2.6688	-0.0020072	0.0030351
8.4754	2.6688	-0.0037814	0.0024518
9.9417	2.6688	-0.0053141	0.0027037
11.408	2.6688	0	-0
12.874	2.6688	0	-0
14.341	2.6688	0	-0
15.807	2.6688	0	-0
-14.985	1.2025	0	-0
-13.519	1.2025	0	-0
-12.053	1.2025	0	-0
-10.587	1.2025	0	-0
-9.1202	1.2025	0	-0
-7.6539	1.2025	0	-0
-6.1876	1.2025	0	-0
-4.7213	1.2025	0	-0
-3.255	1.2025	0	-0
-1.7887	1.2025	0.0087818	0.0041301
-0.32241	1.2025	0.008021	0.0025922
1.1439	1.2025	0.0057178	0.00099579
2.6102	1.2025	0.0040268	4.4895e-005
4.0765	1.2025	0.0024782	-0.00036102
5.5428	1.2025	0.0014869	-0.00091772
7.0091	1.2025	3.628e-005	-0.0016136
8.4754	1.2025	-0.0024154	-0.002187
9.9417	1.2025	-0.0042021	-0.0028975
11.408	1.2025	0	-0
12.874	1.2025	0	-0
14.341	1.2025	0	-0
15.807	1.2025	0	-0
-14.985	-0.2638	0	-0
-13.519	-0.2638	0	-0
-12.053	-0.2638	0	-0
-10.587	-0.2638	0	-0
-9.1202	-0.2638	0	-0
-7.6539	-0.2638	0	-0
-6.1876	-0.2638	0	-0
-4.7213	-0.2638	0	-0
-3.255	-0.2638	0	-0
-1.7887	-0.2638	0.0080559	-0.0011091
-0.32241	-0.2638	0.0064065	-0.003022
1.1439	-0.2638	0.0054093	-0.0043024
2.6102	-0.2638	0.0039851	-0.0051431
4.0765	-0.2638	0.0022463	-0.0047869
5.5428	-0.2638	0.00088578	-0.0052232
7.0091	-0.2638	-0.00067445	-0.0069
8.4754	-0.2638	-0.0028061	-0.008465
9.9417	-0.2638	-0.0043314	-0.0091733
11.408	-0.2638	0	-0
12.874	-0.2638	0	-0
14.341	-0.2638	0	-0
15.807	-0.2638	0	-0
-14.985	-1.7301	0	-0
-13.519	-1.7301	0	-0
-12.053	-1.7301	0	-0
-10.587	-1.7301	0	-0
-9.1202	-1.7301	0	-0
-7.6539	-1.7301	0	-0
-6.1876	-1.7301	0	-0
-4.7213	-1.7301	0	-0
-3.255	-1.7301	0	-0
-1.7887	-1.7301	0.0062483	-0.0062361
-0.32241	-1.7301	0.005269	-0.0073354
1.1439	-1.7301	0.0044397	-0.0073355
2.6102	-1.7301	0.0023922	-0.0099571
4.0765	-1.7301	0.00073204	-0.010145
5.5428	-1.7301	-0.0010128	-0.010277
7.0091	-1.7301	-0.0026749	-0.011871
8.4754	-1.7301	-0.0044445	-0.014407
9.9417	-1.7301	-0.0065698	-0.015658
11.408	-1.7301	0	-0
12.874	-1.7301	0	-0
14.341	-1.7301	0	-0
15.807	-1.7301	0	-0
-14.985	-3.1964	0	-0
-13.519	-3.1964	0	-0
-12.053	-3.1964	0	-0
-10.587	-3.1964	0	-0
-9.1202	-3.1964	0	-0
-7.6539	-3.1964	0	-0
-6.1876	-3.1964	0	-0
-4.7213	-3.1964	0	-0
-3.255	-3.1964	0	-0
-1.7887	-3.1964	0.0048183	-0.01132
-0.32241	-3.1964	0.0037864	-0.011876
1.1439	-3.1964	0.0028889	-0.011413
2.6102	-3.1964	0.0010915	-0.014543
4.0765	-3.1964	-0.00059003	-0.015314
5.5428	-3.1964	-0.0027019	-0.016397
7.0091	-3.1964	-0.0050481	-0.018512
8.4754	-3.1964	-0.007378	-0.021115
9.9417	-3.1964	-0.0084258	-0.022721
11.408	-3.1964	0	-0
12.874	-3.1964	0	-0
14.341	-3.1964	0	-0
15.807	-3.1964	0	-0
-14.985	-4.6627	0	-0
-13.519	-4.6627	0	-0
-12.053	-4.6627	0	-0
-10.587	-4.6627	0	-0
-9.1202	-4.6627	0	-0
-7.6539	-4.6627	0	-0
-6.1876	-4.6627	0	-0
-4.7213	-4.6627	0	-0
-3.255	-4.6627	0	-0
-1.7887	-4.6627	0.0031021	-0.015307
-0.32241	-4.6627	0.0021684	-0.016005
1.1439	-4.6627	0.0011034	-0.017082
2.6102	-4.6627	0.00016722	-0.019368
4.0765	-4.6627	-0.0017378	-0.021217
5.5428	-4.6627	-0.0041638	-0.022971
7.0091	-4.6627	-0.00749	-0.025168
8.4754	-4.6627	-0.0095701	-0.027648
9.9417	-4.6627	-0.0090083	-0.030219
11.408	-4.6627	0	-0
12.874	-4.6627	0	-0
14.341	-4.6627	0	-0
15.807	-4.6627	0	-0
-14.985	-6.129	0	-0
-13.519	-6.129	0	-0
-12.053	-6.129	0	-0
-10.587	-6.129	0	-0
-9.1202	-6.129	0	-0
-7.6539	-6.129	0	-0
-6.1876	-6.129	0	-0
-4.7213	-6.129	0	-0
-3.255	-6.129	0	-0
-1.7887	-6.129	0.0013827	-0.020855
-0.32241	-6.129	0.00077872	-0.021238
1.1439	-6.129	-0.00057527	-0.022451
2.6102	-6.129	-0.0017955	-0.024641
4.0765	-6.129	-0.0036408	-0.026255
5.5428	-6.129	-0.0056119	-0.027857
7.0091	-6.129	-0.0084999	-0.030168
8.4754	-6.129	-0.010056	-0.032739
9.9417	-6.129	-0.0085526	-0.036344
11.408	-6.129	0	-0
12.874	-6.129	0	-0
14.341	-6.129	0	-0
15.807	-6.129	0	-0
-14.985	-7.5953	0	-0
-13.519	-7.5953	0	-0
-12.053	-7.5953	0	-0
-10.587	-7.5953	0	-0
-9.1202	-7.5953	0	-0
-7.6539	-7.5953	0	-0
-6.1876	-7.5953	0	-0
-4.7213	-7.5953	0	-0
-3.255	-7.5953	0	-0
-1.7887	-7.5953	-0.00019806	-0.024119
-0.32241	-7.5953	-0.00082736	-0.025372
1.1439	-7.5953	-0.0025666	-0.026726
2.6102	-7.5953	-0.0038948	-0.028034
4.0765	-7.5953	-0.0051513	-0.029567
5.5428	-7.5953	-0.0067831	-0.031722
7.0091	-7.5953	-0.0092364	-0.034455
8.4754	-7.5953	-0.0098186	-0.038633
9.9417	-7.5953	-0.0079598	-0.0432
11.408	-7.5953	0	-0
12.874	-7.5953	0	-0
14.341	-7.5953	0	-0
15.807	-7.5953	0	-0
-14.985	-9.0616	0	-0
-13.519	-9.0616	0	-0
-12.053	-9.0616	0	-0
-10.587	-9.0616	0	-0
-9.1202	-9.0616	0	-0
-7.6539	-9.0616	0	-0
-6.1876	-9.0616	0	-0
-4.7213	-9.0616	0	-0
-3.255	-9.0616	0	-0
-1.7887	-9.0616	-0.0019616	-0.027403
-0.32241	-9.0616	-0.0029256	-0.028484
1.1439	-9.0616	-0.0041759	-0.029252
2.6102	-9.0616	-0.0052776	-0.030805
4.0765	-9.0616	-0.0060647	-0.032592
5.5428	-9.0616	-0.008308	-0.036221
7.0091	-9.0616	-0.0099423	-0.040752
8.4754	-9.0616	-0.011147	-0.044565
9.9417	-9.0616	-0.0073452	-0.049477
11.408	-9.0616	0	-0
12.874	-9.0616	0	-0
14.341	-9.0616	0	-0
15.807	-9.0616	0	-0
-14.985	-10.528	0	-0
-13.519	-10.528	0	-0
-12.053	-10.528	0	-0
-10.587	-10.528	0	-0
-9.1202	-10.528	0	-0
-7.6539	-10.528	0	-0
-6.1876	-10.528	0	-0
-4.7213	-10.528	0	-0
-3.255	-10.528	0	-0
-1.7887	-10.528	-0.0034976	-0.031324
-0.32241	-10.528	-0.0047231	-0.032873
1.1439	-10.528	-0.0058132	-0.033388
2.6102	-10.528	-0.0067547	-0.034581
4.0765	-10.528	-0.0081492	-0.037762
5.5428	-10.528	-0.0095243	-0.042135
7.0091	-10.528	-0.010302	-0.046526
8.4754	-10.528	-0.011975	-0.051478
9.9417	-10.528	-0.006396	-0.056585
11.408	-10.528	0	-0
12.874	-10.528	0	-0
14.341	-10.528	0	-0
15.807	-10.528	0	-0
-14.985	-11.994	0	-0
-13.519	-11.994	0	-0
-12.053	-11.994	0	-0
-10.587	-11.994	0	-0
-9.1202	-11.994	0	-0
-7.6539	-11.994	0	-0
-6.1876	-11.994	0	-0
-4.7213	-11.994	0	-0
-3.255	-11.994	0	-0
-1.7887	-11.994	0	-0
-0.32241	-11.994	0	-0
1.1439	-11.994	0	-0
2.6102	-11.994	0	-0
4.0765	-11.994	0	-0
5.5428	-11.994	0	-0
7.0091	-11.994	0	-0
8.4754	-11.994	0	-0
9.9417	-11.994	0	-0
11.408	-11.994	0	-0
12.874	-11.994	0	-0
14.341	-11.994	0	-0
15.807	-11.994	0	-0
