#DaVis 7.4.0 2D-vector 96 22 22 "" "[mm]" "" "[mm]" "displacement" "[mm]"
-14.985	18.798	0	-0
-13.519	18.798	0	-0
-12.053	18.798	0	-0
-10.587	18.798	0	-0
-9.1202	18.798	0	-0
-7.6539	18.798	0	-0
-6.1876	18.798	0	-0
-4.7213	18.798	0	-0
-3.255	18.798	0	-0
-1.7887	18.798	0	-0
-0.32241	18.798	0.0004615	-0.41731
1.1439	18.798	0.0032355	0.079327
2.6102	18.798	0.82347	0.68549
4.0765	18.798	0.62254	-0.38133
5.5428	18.798	-0.44889	-0.48121
7.0091	18.798	-0.58127	0.85401
8.4754	18.798	-0.0075139	0.071235
9.9417	18.798	0.0044765	0.71856
11.408	18.798	0	-0
12.874	18.798	0	-0
14.341	18.798	0	-0
15.807	18.798	0	-0
-14.985	17.332	0	-0
-13.519	17.332	0	-0
-12.053	17.332	0	-0
-10.587	17.332	0	-0
-9.1202	17.332	0	-0
-7.6539	17.332	0	-0
-6.1876	17.332	0	-0
-4.7213	17.332	0	-0
-3.255	17.332	0	-0
-1.7887	17.332	0.00063123	0.082078
-0.32241	17.332	0.0040782	0.083212
1.1439	17.332	0.003096	0.079633
2.6102	17.332	0.0013389	0.073923
4.0765	17.332	-0.00070092	0.07289
5.5428	17.332	-0.003362	0.066071
7.0091	17.332	-0.0061785	0.071468
8.4754	17.332	-0.0078848	0.078319
9.9417	17.332	-0.010498	0.078312
11.408	17.332	0	-0
12.874	17.332	0	-0
14.341	17.332	0	-0
15.807	17.332	0	-0
-14.985	15.866	0	-0
-13.519	15.866	0	-0
-12.053	15.866	0	-0
-10.587	15.866	0	-0
-9.1202	15.866	0	-0
-7.6539	15.866	0	-0
-6.1876	15.866	0	-0
-4.7213	15.866	0	-0
-3.255	15.866	0	-0
-1.7887	15.866	0.0016819	0.078941
-0.32241	15.866	0.0042047	0.078384
1.1439	15.866	0.00297	0.077007
2.6102	15.866	0.0012421	0.073791
4.0765	15.866	-0.00070809	0.072384
5.5428	15.866	-0.0023176	0.071434
7.0091	15.866	-0.0040213	0.071042
8.4754	15.866	-0.0062129	0.071221
9.9417	15.866	-0.0086377	0.071861
11.408	15.866	0	-0
12.874	15.866	0	-0
14.341	15.866	0	-0
15.807	15.866	0	-0
-14.985	14.399	0	-0
-13.519	14.399	0	-0
-12.053	14.399	0	-0
-10.587	14.399	0	-0
-9.1202	14.399	0	-0
-7.6539	14.399	0	-0
-6.1876	14.399	0	-0
-4.7213	14.399	0	-0
-3.255	14.399	0	-0
-1.7887	14.399	0.0011296	0.074159
-0.32241	14.399	0.0036093	0.074019
1.1439	14.399	0.0030812	0.072572
2.6102	14.399	0.0016836	0.070539
4.0765	14.399	0.00054975	0.069125
5.5428	14.399	-0.00084821	0.065969
7.0091	14.399	-0.0023077	0.064684
8.4754	14.399	-0.0045999	0.065082
9.9417	14.399	-0.0074604	0.064969
11.408	14.399	0	-0
12.874	14.399	0	-0
14.341	14.399	0	-0
15.807	14.399	0	-0
-14.985	12.933	0	-0
-13.519	12.933	0	-0
-12.053	12.933	0	-0
-10.587	12.933	0	-0
-9.1202	12.933	0	-0
-7.6539	12.933	0	-0
-6.1876	12.933	0	-0
-4.7213	12.933	0	-0
-3.255	12.933	0	-0
-1.7887	12.933	0.0010786	0.067751
-0.32241	12.933	0.004594	0.067365
1.1439	12.933	0.0048343	0.065607
2.6102	12.933	0.0039619	0.063127
4.0765	12.933	0.002649	0.061489
5.5428	12.933	0.00064727	0.059982
7.0091	12.933	-0.00079148	0.058497
8.4754	12.933	-0.0037268	0.057867
9.9417	12.933	-0.0067844	0.057833
11.408	12.933	0	-0
12.874	12.933	0	-0
14.341	12.933	0	-0
15.807	12.933	0	-0
-14.985	11.467	0	-0
-13.519	11.467	0	-0
-12.053	11.467	0	-0
-10.587	11.467	0	-0
-9.1202	11.467	0	-0
-7.6539	11.467	0	-0
-6.1876	11.467	0	-0
-4.7213	11.467	0	-0
-3.255	11.467	0	-0
-1.7887	11.467	0.0030584	0.060447
-0.32241	11.467	0.0070823	0.059988
1.1439	11.467	0.0065362	0.058504
2.6102	11.467	0.0057075	0.055524
4.0765	11.467	0.0039006	0.052673
5.5428	11.467	0.0015777	0.05128
7.0091	11.467	-0.00080622	0.050319
8.4754	11.467	-0.0035755	0.05022
9.9417	11.467	-0.0064355	0.050209
11.408	11.467	0	-0
12.874	11.467	0	-0
14.341	11.467	0	-0
15.807	11.467	0	-0
-14.985	10	0	-0
-13.519	10	0	-0
-12.053	10	0	-0
-10.587	10	0	-0
-9.1202	10	0	-0
-7.6539	10	0	-0
-6.1876	10	0	-0
-4.7213	10	0	-0
-3.255	10	0	-0
-1.7887	10	0.0048125	0.05548
-0.32241	10	0.0090594	0.053775
1.1439	10	0.0065336	0.053134
2.6102	10	0.0045879	0.04958
4.0765	10	0.0032815	0.044858
5.5428	10	0.0014185	0.042081
7.0091	10	-0.0015258	0.041617
8.4754	10	-0.0036563	0.042304
9.9417	10	-0.006241	0.043732
11.408	10	0	-0
12.874	10	0	-0
14.341	10	0	-0
15.807	10	0	-0
-14.985	8.534	0	-0
-13.519	8.534	0	-0
-12.053	8.534	0	-0
-10.587	8.534	0	-0
-9.1202	8.534	0	-0
-7.6539	8.534	0	-0
-6.1876	8.534	0	-0
-4.7213	8.534	0	-0
-3.255	8.534	0	-0
-1.7887	8.534	0.0022845	0.048595
-0.32241	8.534	0.0078673	0.047433
1.1439	8.534	0.0055429	0.046569
2.6102	8.534	0.0028446	0.043324
4.0765	8.534	0.0016049	0.039399
5.5428	8.534	-7.1919e-005	0.035893
7.0091	8.534	-0.0019548	0.034579
8.4754	8.534	-0.0048399	0.035788
9.9417	8.534	-0.0074566	0.036891
11.408	8.534	0	-0
12.874	8.534	0	-0
14.341	8.534	0	-0
15.807	8.534	0	-0
-14.985	7.0677	0	-0
-13.519	7.0677	0	-0
-12.053	7.0677	0	-0
-10.587	7.0677	0	-0
-9.1202	7.0677	0	-0
-7.6539	7.0677	0	-0
-6.1876	7.0677	0	-0
-4.7213	7.0677	0	-0
-3.255	7.0677	0	-0
-1.7887	7.0677	0.0014754	0.04199
-0.32241	7.0677	0.00713	0.039663
1.1439	7.0677	0.0050711	0.03853
2.6102	7.0677	0.0018889	0.036389
4.0765	7.0677	-0.00055615	0.033575
5.5428	7.0677	-0.0016659	0.030573
7.0091	7.0677	-0.0035886	0.027475
8.4754	7.0677	-0.0072279	0.028016
9.9417	7.0677	-0.0096177	0.029442
11.408	7.0677	0	-0
12.874	7.0677	0	-0
14.341	7.0677	0	-0
15.807	7.0677	0	-0
-14.985	5.6014	0	-0
-13.519	5.6014	0	-0
-12.053	5.6014	0	-0
-10.587	5.6014	0	-0
-9.1202	5.6014	0	-0
-7.6539	5.6014	0	-0
-6.1876	5.6014	0	-0
-4.7213	5.6014	0	-0
-3.255	5.6014	0	-0
-1.7887	5.6014	-0.002494	0.033308
-0.32241	5.6014	0.0084058	0.030563
1.1439	5.6014	0.0066972	0.028204
2.6102	5.6014	0.0021445	0.026531
4.0765	5.6014	-0.001572	0.025985
5.5428	5.6014	-0.0037747	0.023628
7.0091	5.6014	-0.0064964	0.020429
8.4754	5.6014	-0.0088516	0.019441
9.9417	5.6014	-0.010888	0.020808
11.408	5.6014	0	-0
12.874	5.6014	0	-0
14.341	5.6014	0	-0
15.807	5.6014	0	-0
-14.985	4.1351	0	-0
-13.519	4.1351	0	-0
-12.053	4.1351	0	-0
-10.587	4.1351	0	-0
-9.1202	4.1351	0	-0
-7.6539	4.1351	0	-0
-6.1876	4.1351	0	-0
-4.7213	4.1351	0	-0
-3.255	4.1351	0	-0
-1.7887	4.1351	0.0042707	0.022897
-0.32241	4.1351	0.010554	0.021212
1.1439	4.1351	0.0084803	0.019072
2.6102	4.1351	0.0037996	0.016999
4.0765	4.1351	0.00010592	0.015946
5.5428	4.1351	-0.0031375	0.013916
7.0091	4.1351	-0.0069234	0.012438
8.4754	4.1351	-0.0093928	0.01155
9.9417	4.1351	-0.011414	0.012354
11.408	4.1351	0	-0
12.874	4.1351	0	-0
14.341	4.1351	0	-0
15.807	4.1351	0	-0
-14.985	2.6688	0	-0
-13.519	2.6688	0	-0
-12.053	2.6688	0	-0
-10.587	2.6688	0	-0
-9.1202	2.6688	0	-0
-7.6539	2.6688	0	-0
-6.1876	2.6688	0	-0
-4.7213	2.6688	0	-0
-3.255	2.6688	0	-0
-1.7887	2.6688	0.0042938	0.015013
-0.32241	2.6688	0.011516	0.012232
1.1439	2.6688	0.0098054	0.0094875
2.6102	2.6688	0.0057811	0.0082231
4.0765	2.6688	0.0025616	0.0070458
5.5428	2.6688	-0.00071149	0.005964
7.0091	2.6688	-0.0040856	0.0043934
8.4754	2.6688	-0.0071471	0.0034507
9.9417	2.6688	-0.009893	0.0035363
11.408	2.6688	0	-0
12.874	2.6688	0	-0
14.341	2.6688	0	-0
15.807	2.6688	0	-0
-14.985	1.2025	0	-0
-13.519	1.2025	0	-0
-12.053	1.2025	0	-0
-10.587	1.2025	0	-0
-9.1202	1.2025	0	-0
-7.6539	1.2025	0	-0
-6.1876	1.2025	0	-0
-4.7213	1.2025	0	-0
-3.255	1.2025	0	-0
-1.7887	1.2025	0.0080445	0.0071888
-0.32241	1.2025	0.012621	0.0043881
1.1439	1.2025	0.0092725	0.0020114
2.6102	1.2025	0.0064181	0.00015532
4.0765	1.2025	0.0038194	-0.00071301
5.5428	1.2025	0.0012349	-0.0016829
7.0091	1.2025	-0.0014653	-0.0031464
8.4754	1.2025	-0.0055711	-0.004688
9.9417	1.2025	-0.0083777	-0.0056777
11.408	1.2025	0	-0
12.874	1.2025	0	-0
14.341	1.2025	0	-0
15.807	1.2025	0	-0
-14.985	-0.2638	0	-0
-13.519	-0.2638	0	-0
-12.053	-0.2638	0	-0
-10.587	-0.2638	0	-0
-9.1202	-0.2638	0	-0
-7.6539	-0.2638	0	-0
-6.1876	-0.2638	0	-0
-4.7213	-0.2638	0	-0
-3.255	-0.2638	0	-0
-1.7887	-0.2638	0.0082869	-0.00027103
-0.32241	-0.2638	0.0090689	-0.0038301
1.1439	-0.2638	0.0086625	-0.0061698
2.6102	-0.2638	0.005618	-0.0077794
4.0765	-0.2638	0.0027333	-0.0077594
5.5428	-0.2638	4.2505e-005	-0.0085719
7.0091	-0.2638	-0.0030471	-0.011459
8.4754	-0.2638	-0.0063037	-0.013669
9.9417	-0.2638	-0.0086108	-0.01477
11.408	-0.2638	0	-0
12.874	-0.2638	0	-0
14.341	-0.2638	0	-0
15.807	-0.2638	0	-0
-14.985	-1.7301	0	-0
-13.519	-1.7301	0	-0
-12.053	-1.7301	0	-0
-10.587	-1.7301	0	-0
-9.1202	-1.7301	0	-0
-7.6539	-1.7301	0	-0
-6.1876	-1.7301	0	-0
-4.7213	-1.7301	0	-0
-3.255	-1.7301	0	-0
-1.7887	-1.7301	0.002858	-0.0088067
-0.32241	-1.7301	0.0075173	-0.011217
1.1439	-1.7301	0.0074348	-0.013367
2.6102	-1.7301	0.0035211	-0.015843
4.0765	-1.7301	0.00034351	-0.016043
5.5428	-1.7301	-0.0029829	-0.016208
7.0091	-1.7301	-0.0060553	-0.0188
8.4754	-1.7301	-0.0086239	-0.022499
9.9417	-1.7301	-0.011622	-0.024215
11.408	-1.7301	0	-0
12.874	-1.7301	0	-0
14.341	-1.7301	0	-0
15.807	-1.7301	0	-0
-14.985	-3.1964	0	-0
-13.519	-3.1964	0	-0
-12.053	-3.1964	0	-0
-10.587	-3.1964	0	-0
-9.1202	-3.1964	0	-0
-7.6539	-3.1964	0	-0
-6.1876	-3.1964	0	-0
-4.7213	-3.1964	0	-0
-3.255	-3.1964	0	-0
-1.7887	-3.1964	-0.00052821	-0.016091
-0.32241	-3.1964	0.0053993	-0.018036
1.1439	-3.1964	0.0047087	-0.020144
2.6102	-3.1964	0.0015863	-0.023537
4.0765	-3.1964	-0.0016449	-0.024749
5.5428	-3.1964	-0.0055082	-0.026131
7.0091	-3.1964	-0.0088409	-0.029129
8.4754	-3.1964	-0.012017	-0.0326
9.9417	-3.1964	-0.014696	-0.035028
11.408	-3.1964	0	-0
12.874	-3.1964	0	-0
14.341	-3.1964	0	-0
15.807	-3.1964	0	-0
-14.985	-4.6627	0	-0
-13.519	-4.6627	0	-0
-12.053	-4.6627	0	-0
-10.587	-4.6627	0	-0
-9.1202	-4.6627	0	-0
-7.6539	-4.6627	0	-0
-6.1876	-4.6627	0	-0
-4.7213	-4.6627	0	-0
-3.255	-4.6627	0	-0
-1.7887	-4.6627	-6.8011e-005	-0.022005
-0.32241	-4.6627	0.0031727	-0.024288
1.1439	-4.6627	0.0023511	-0.027007
2.6102	-4.6627	0.00039194	-0.031604
4.0765	-4.6627	-0.0030272	-0.034581
5.5428	-4.6627	-0.0067998	-0.03709
7.0091	-4.6627	-0.011028	-0.040377
8.4754	-4.6627	-0.01486	-0.043964
9.9417	-4.6627	-0.016183	-0.046909
11.408	-4.6627	0	-0
12.874	-4.6627	0	-0
14.341	-4.6627	0	-0
15.807	-4.6627	0	-0
-14.985	-6.129	0	-0
-13.519	-6.129	0	-0
-12.053	-6.129	0	-0
-10.587	-6.129	0	-0
-9.1202	-6.129	0	-0
-7.6539	-6.129	0	-0
-6.1876	-6.129	0	-0
-4.7213	-6.129	0	-0
-3.255	-6.129	0	-0
-1.7887	-6.129	-0.0012701	-0.029684
-0.32241	-6.129	0.0011591	-0.031948
1.1439	-6.129	-0.00078683	-0.035352
2.6102	-6.129	-0.0030145	-0.039641
4.0765	-6.129	-0.0053765	-0.042714
5.5428	-6.129	-0.0081555	-0.045946
7.0091	-6.129	-0.011801	-0.049858
8.4754	-6.129	-0.015222	-0.054068
9.9417	-6.129	-0.015486	-0.058866
11.408	-6.129	0	-0
12.874	-6.129	0	-0
14.341	-6.129	0	-0
15.807	-6.129	0	-0
-14.985	-7.5953	0	-0
-13.519	-7.5953	0	-0
-12.053	-7.5953	0	-0
-10.587	-7.5953	0	-0
-9.1202	-7.5953	0	-0
-7.6539	-7.5953	0	-0
-6.1876	-7.5953	0	-0
-4.7213	-7.5953	0	-0
-3.255	-7.5953	0	-0
-1.7887	-7.5953	-0.0033917	-0.03426
-0.32241	-7.5953	-0.0023823	-0.03819
1.1439	-7.5953	-0.0048096	-0.041682
2.6102	-7.5953	-0.0071814	-0.045204
4.0765	-7.5953	-0.0082585	-0.048701
5.5428	-7.5953	-0.0099725	-0.053131
7.0091	-7.5953	-0.013329	-0.0581
8.4754	-7.5953	-0.015385	-0.064412
9.9417	-7.5953	-0.014336	-0.071453
11.408	-7.5953	0	-0
12.874	-7.5953	0	-0
14.341	-7.5953	0	-0
15.807	-7.5953	0	-0
-14.985	-9.0616	0	-0
-13.519	-9.0616	0	-0
-12.053	-9.0616	0	-0
-10.587	-9.0616	0	-0
-9.1202	-9.0616	0	-0
-7.6539	-9.0616	0	-0
-6.1876	-9.0616	0	-0
-4.7213	-9.0616	0	-0
-3.255	-9.0616	0	-0
-1.7887	-9.0616	-0.0066847	-0.038839
-0.32241	-9.0616	-0.0067632	-0.042462
1.1439	-9.0616	-0.0087501	-0.045444
2.6102	-9.0616	-0.010303	-0.049718
4.0765	-9.0616	-0.011553	-0.0539
5.5428	-9.0616	-0.014493	-0.061084
7.0091	-9.0616	-0.017011	-0.069452
8.4754	-9.0616	-0.018595	-0.07638
9.9417	-9.0616	-0.0068018	-0.086651
11.408	-9.0616	0	-0
12.874	-9.0616	0	-0
14.341	-9.0616	0	-0
15.807	-9.0616	0	-0
-14.985	-10.528	0	-0
-13.519	-10.528	0	-0
-12.053	-10.528	0	-0
-10.587	-10.528	0	-0
-9.1202	-10.528	0	-0
-7.6539	-10.528	0	-0
-6.1876	-10.528	0	-0
-4.7213	-10.528	0	-0
-3.255	-10.528	0	-0
-1.7887	-10.528	-0.010256	-0.043963
-0.32241	-10.528	-0.012031	-0.048381
1.1439	-10.528	-0.014254	-0.051545
2.6102	-10.528	-0.015717	-0.055313
4.0765	-10.528	-0.01797	-0.062108
5.5428	-10.528	-0.020129	-0.071515
7.0091	-10.528	-0.0215	-0.081034
8.4754	-10.528	-0.023887	-0.09063
9.9417	-10.528	-0.010173	-0.10138
11.408	-10.528	0	-0
12.874	-10.528	0	-0
14.341	-10.528	0	-0
15.807	-10.528	0	-0
-14.985	-11.994	0	-0
-13.519	-11.994	0	-0
-12.053	-11.994	0	-0
-10.587	-11.994	0	-0
-9.1202	-11.994	0	-0
-7.6539	-11.994	0	-0
-6.1876	-11.994	0	-0
-4.7213	-11.994	0	-0
-3.255	-11.994	0	-0
-1.7887	-11.994	0	-0
-0.32241	-11.994	0	-0
1.1439	-11.994	0	-0
2.6102	-11.994	0	-0
4.0765	-11.994	0	-0
5.5428	-11.994	0	-0
7.0091	-11.994	0	-0
8.4754	-11.994	0	-0
9.9417	-11.994	0	-0
11.408	-11.994	0	-0
12.874	-11.994	0	-0
14.341	-11.994	0	-0
15.807	-11.994	0	-0
