#DaVis 7.4.0 2D-vector 96 22 22 "" "[mm]" "" "[mm]" "displacement" "[mm]"
-14.985	18.798	0	-0
-13.519	18.798	0	-0
-12.053	18.798	0	-0
-10.587	18.798	0	-0
-9.1202	18.798	0	-0
-7.6539	18.798	0	-0
-6.1876	18.798	0	-0
-4.7213	18.798	0	-0
-3.255	18.798	0	-0
-1.7887	18.798	0	-0
-0.32241	18.798	0.0033101	-0.43374
1.1439	18.798	0.0034783	0.077043
2.6102	18.798	0.79773	0.66756
4.0765	18.798	0.011912	-0.54429
5.5428	18.798	-0.45567	-0.49585
7.0091	18.798	-0.57844	0.84509
8.4754	18.798	-0.007161	0.067651
9.9417	18.798	0.010861	0.70949
11.408	18.798	0	-0
12.874	18.798	0	-0
14.341	18.798	0	-0
15.807	18.798	0	-0
-14.985	17.332	0	-0
-13.519	17.332	0	-0
-12.053	17.332	0	-0
-10.587	17.332	0	-0
-9.1202	17.332	0	-0
-7.6539	17.332	0	-0
-6.1876	17.332	0	-0
-4.7213	17.332	0	-0
-3.255	17.332	0	-0
-1.7887	17.332	0.0075046	0.083936
-0.32241	17.332	0.0048922	0.084233
1.1439	17.332	0.003009	0.080109
2.6102	17.332	0.0014271	0.073254
4.0765	17.332	-0.0003757	0.073791
5.5428	17.332	-0.0033658	0.065925
7.0091	17.332	-0.0060681	0.072194
8.4754	17.332	-0.0073947	0.078955
9.9417	17.332	-0.0084477	0.078756
11.408	17.332	0	-0
12.874	17.332	0	-0
14.341	17.332	0	-0
15.807	17.332	0	-0
-14.985	15.866	0	-0
-13.519	15.866	0	-0
-12.053	15.866	0	-0
-10.587	15.866	0	-0
-9.1202	15.866	0	-0
-7.6539	15.866	0	-0
-6.1876	15.866	0	-0
-4.7213	15.866	0	-0
-3.255	15.866	0	-0
-1.7887	15.866	0.0065247	0.081165
-0.32241	15.866	0.0045861	0.08031
1.1439	15.866	0.003222	0.078355
2.6102	15.866	0.0012012	0.074962
4.0765	15.866	-0.0002745	0.073668
5.5428	15.866	-0.0021816	0.07287
7.0091	15.866	-0.0038084	0.07244
8.4754	15.866	-0.0059659	0.072505
9.9417	15.866	-0.0064344	0.073028
11.408	15.866	0	-0
12.874	15.866	0	-0
14.341	15.866	0	-0
15.807	15.866	0	-0
-14.985	14.399	0	-0
-13.519	14.399	0	-0
-12.053	14.399	0	-0
-10.587	14.399	0	-0
-9.1202	14.399	0	-0
-7.6539	14.399	0	-0
-6.1876	14.399	0	-0
-4.7213	14.399	0	-0
-3.255	14.399	0	-0
-1.7887	14.399	0.0059368	0.075607
-0.32241	14.399	0.0043053	0.075755
1.1439	14.399	0.0024955	0.074198
2.6102	14.399	0.0018697	0.072203
4.0765	14.399	0.00085703	0.070594
5.5428	14.399	-0.00044777	0.0673
7.0091	14.399	-0.0022135	0.065926
8.4754	14.399	-0.0040654	0.066092
9.9417	14.399	-0.0043114	0.065624
11.408	14.399	0	-0
12.874	14.399	0	-0
14.341	14.399	0	-0
15.807	14.399	0	-0
-14.985	12.933	0	-0
-13.519	12.933	0	-0
-12.053	12.933	0	-0
-10.587	12.933	0	-0
-9.1202	12.933	0	-0
-7.6539	12.933	0	-0
-6.1876	12.933	0	-0
-4.7213	12.933	0	-0
-3.255	12.933	0	-0
-1.7887	12.933	0.0071013	0.069607
-0.32241	12.933	0.0054064	0.069242
1.1439	12.933	0.0044604	0.066959
2.6102	12.933	0.0040431	0.064362
4.0765	12.933	0.0027537	0.062666
5.5428	12.933	0.00087277	0.061144
7.0091	12.933	-0.00090254	0.059737
8.4754	12.933	-0.0035823	0.059076
9.9417	12.933	-0.0034681	0.058606
11.408	12.933	0	-0
12.874	12.933	0	-0
14.341	12.933	0	-0
15.807	12.933	0	-0
-14.985	11.467	0	-0
-13.519	11.467	0	-0
-12.053	11.467	0	-0
-10.587	11.467	0	-0
-9.1202	11.467	0	-0
-7.6539	11.467	0	-0
-6.1876	11.467	0	-0
-4.7213	11.467	0	-0
-3.255	11.467	0	-0
-1.7887	11.467	0.0087958	0.062284
-0.32241	11.467	0.0071037	0.061646
1.1439	11.467	0.0060191	0.060065
2.6102	11.467	0.0056674	0.057088
4.0765	11.467	0.0038458	0.054018
5.5428	11.467	0.0016284	0.052439
7.0091	11.467	-0.0011417	0.051454
8.4754	11.467	-0.0035241	0.051448
9.9417	11.467	-0.0030677	0.051147
11.408	11.467	0	-0
12.874	11.467	0	-0
14.341	11.467	0	-0
15.807	11.467	0	-0
-14.985	10	0	-0
-13.519	10	0	-0
-12.053	10	0	-0
-10.587	10	0	-0
-9.1202	10	0	-0
-7.6539	10	0	-0
-6.1876	10	0	-0
-4.7213	10	0	-0
-3.255	10	0	-0
-1.7887	10	0.0098033	0.056715
-0.32241	10	0.008467	0.055325
1.1439	10	0.0056098	0.054469
2.6102	10	0.004617	0.050551
4.0765	10	0.0031592	0.045801
5.5428	10	0.0014154	0.043057
7.0091	10	-0.0019475	0.042588
8.4754	10	-0.0037146	0.043357
9.9417	10	-0.002745	0.044243
11.408	10	0	-0
12.874	10	0	-0
14.341	10	0	-0
15.807	10	0	-0
-14.985	8.534	0	-0
-13.519	8.534	0	-0
-12.053	8.534	0	-0
-10.587	8.534	0	-0
-9.1202	8.534	0	-0
-7.6539	8.534	0	-0
-6.1876	8.534	0	-0
-4.7213	8.534	0	-0
-3.255	8.534	0	-0
-1.7887	8.534	0.0088814	0.050531
-0.32241	8.534	0.0074801	0.048734
1.1439	8.534	0.0046942	0.047766
2.6102	8.534	0.0027373	0.044236
4.0765	8.534	0.0015049	0.04032
5.5428	8.534	-3.0569e-005	0.036664
7.0091	8.534	-0.0024909	0.035337
8.4754	8.534	-0.0047668	0.03678
9.9417	8.534	-0.0038218	0.037511
11.408	8.534	0	-0
12.874	8.534	0	-0
14.341	8.534	0	-0
15.807	8.534	0	-0
-14.985	7.0677	0	-0
-13.519	7.0677	0	-0
-12.053	7.0677	0	-0
-10.587	7.0677	0	-0
-9.1202	7.0677	0	-0
-7.6539	7.0677	0	-0
-6.1876	7.0677	0	-0
-4.7213	7.0677	0	-0
-3.255	7.0677	0	-0
-1.7887	7.0677	0.0089642	0.043142
-0.32241	7.0677	0.0074229	0.040731
1.1439	7.0677	0.0045075	0.039579
2.6102	7.0677	0.0017778	0.037116
4.0765	7.0677	-0.00053378	0.034073
5.5428	7.0677	-0.0015608	0.03117
7.0091	7.0677	-0.0041449	0.028152
8.4754	7.0677	-0.0075497	0.02894
9.9417	7.0677	-0.0060272	0.030125
11.408	7.0677	0	-0
12.874	7.0677	0	-0
14.341	7.0677	0	-0
15.807	7.0677	0	-0
-14.985	5.6014	0	-0
-13.519	5.6014	0	-0
-12.053	5.6014	0	-0
-10.587	5.6014	0	-0
-9.1202	5.6014	0	-0
-7.6539	5.6014	0	-0
-6.1876	5.6014	0	-0
-4.7213	5.6014	0	-0
-3.255	5.6014	0	-0
-1.7887	5.6014	0.0089978	0.033877
-0.32241	5.6014	0.0087949	0.031205
1.1439	5.6014	0.0059156	0.028702
2.6102	5.6014	0.0020273	0.027133
4.0765	5.6014	-0.0016686	0.026571
5.5428	5.6014	-0.0037136	0.024217
7.0091	5.6014	-0.0071316	0.020943
8.4754	5.6014	-0.0089499	0.019944
9.9417	5.6014	-0.0071716	0.021305
11.408	5.6014	0	-0
12.874	5.6014	0	-0
14.341	5.6014	0	-0
15.807	5.6014	0	-0
-14.985	4.1351	0	-0
-13.519	4.1351	0	-0
-12.053	4.1351	0	-0
-10.587	4.1351	0	-0
-9.1202	4.1351	0	-0
-7.6539	4.1351	0	-0
-6.1876	4.1351	0	-0
-4.7213	4.1351	0	-0
-3.255	4.1351	0	-0
-1.7887	4.1351	0.0065733	0.024549
-0.32241	4.1351	0.010224	0.021834
1.1439	4.1351	0.0077734	0.019328
2.6102	4.1351	0.0036704	0.017365
4.0765	4.1351	2.4481e-005	0.016294
5.5428	4.1351	-0.0031058	0.014408
7.0091	4.1351	-0.0075118	0.012848
8.4754	4.1351	-0.0094512	0.011898
9.9417	4.1351	-0.0082356	0.012793
11.408	4.1351	0	-0
12.874	4.1351	0	-0
14.341	4.1351	0	-0
15.807	4.1351	0	-0
-14.985	2.6688	0	-0
-13.519	2.6688	0	-0
-12.053	2.6688	0	-0
-10.587	2.6688	0	-0
-9.1202	2.6688	0	-0
-7.6539	2.6688	0	-0
-6.1876	2.6688	0	-0
-4.7213	2.6688	0	-0
-3.255	2.6688	0	-0
-1.7887	2.6688	0.0064475	0.015231
-0.32241	2.6688	0.011677	0.01229
1.1439	2.6688	0.0092795	0.0097909
2.6102	2.6688	0.0055779	0.0085692
4.0765	2.6688	0.0024728	0.0073134
5.5428	2.6688	-0.00063742	0.0062552
7.0091	2.6688	-0.0045962	0.004632
8.4754	2.6688	-0.0071723	0.0034622
9.9417	2.6688	-0.006898	0.0035892
11.408	2.6688	0	-0
12.874	2.6688	0	-0
14.341	2.6688	0	-0
15.807	2.6688	0	-0
-14.985	1.2025	0	-0
-13.519	1.2025	0	-0
-12.053	1.2025	0	-0
-10.587	1.2025	0	-0
-9.1202	1.2025	0	-0
-7.6539	1.2025	0	-0
-6.1876	1.2025	0	-0
-4.7213	1.2025	0	-0
-3.255	1.2025	0	-0
-1.7887	1.2025	0.0099189	0.007219
-0.32241	1.2025	0.012433	0.0044125
1.1439	1.2025	0.0088328	0.0020482
2.6102	1.2025	0.0063297	0.00014914
4.0765	1.2025	0.0036429	-0.00058333
5.5428	1.2025	0.0012573	-0.0015446
7.0091	1.2025	-0.0018929	-0.0029507
8.4754	1.2025	-0.0054195	-0.0045569
9.9417	1.2025	-0.0055304	-0.0057542
11.408	1.2025	0	-0
12.874	1.2025	0	-0
14.341	1.2025	0	-0
15.807	1.2025	0	-0
-14.985	-0.2638	0	-0
-13.519	-0.2638	0	-0
-12.053	-0.2638	0	-0
-10.587	-0.2638	0	-0
-9.1202	-0.2638	0	-0
-7.6539	-0.2638	0	-0
-6.1876	-0.2638	0	-0
-4.7213	-0.2638	0	-0
-3.255	-0.2638	0	-0
-1.7887	-0.2638	0.010678	-0.00092598
-0.32241	-0.2638	0.010041	-0.0040001
1.1439	-0.2638	0.0080666	-0.0061698
2.6102	-0.2638	0.0054904	-0.0078437
4.0765	-0.2638	0.0025525	-0.0077905
5.5428	-0.2638	-0.00013911	-0.0086918
7.0091	-0.2638	-0.003654	-0.011533
8.4754	-0.2638	-0.006277	-0.013647
9.9417	-0.2638	-0.0051907	-0.015019
11.408	-0.2638	0	-0
12.874	-0.2638	0	-0
14.341	-0.2638	0	-0
15.807	-0.2638	0	-0
-14.985	-1.7301	0	-0
-13.519	-1.7301	0	-0
-12.053	-1.7301	0	-0
-10.587	-1.7301	0	-0
-9.1202	-1.7301	0	-0
-7.6539	-1.7301	0	-0
-6.1876	-1.7301	0	-0
-4.7213	-1.7301	0	-0
-3.255	-1.7301	0	-0
-1.7887	-1.7301	0.0098216	-0.0089952
-0.32241	-1.7301	0.00825	-0.011289
1.1439	-1.7301	0.0067315	-0.013363
2.6102	-1.7301	0.003372	-0.015991
4.0765	-1.7301	0.00016921	-0.016148
5.5428	-1.7301	-0.0032772	-0.016184
7.0091	-1.7301	-0.0068462	-0.018786
8.4754	-1.7301	-0.009091	-0.022306
9.9417	-1.7301	-0.0065069	-0.024083
11.408	-1.7301	0	-0
12.874	-1.7301	0	-0
14.341	-1.7301	0	-0
15.807	-1.7301	0	-0
-14.985	-3.1964	0	-0
-13.519	-3.1964	0	-0
-12.053	-3.1964	0	-0
-10.587	-3.1964	0	-0
-9.1202	-3.1964	0	-0
-7.6539	-3.1964	0	-0
-6.1876	-3.1964	0	-0
-4.7213	-3.1964	0	-0
-3.255	-3.1964	0	-0
-1.7887	-3.1964	0.0077866	-0.015932
-0.32241	-3.1964	0.006087	-0.017939
1.1439	-3.1964	0.0043967	-0.020201
2.6102	-3.1964	0.0012468	-0.023646
4.0765	-3.1964	-0.0018005	-0.025124
5.5428	-3.1964	-0.0057298	-0.026506
7.0091	-3.1964	-0.0098305	-0.029363
8.4754	-3.1964	-0.012684	-0.032498
9.9417	-3.1964	-0.0074667	-0.034746
11.408	-3.1964	0	-0
12.874	-3.1964	0	-0
14.341	-3.1964	0	-0
15.807	-3.1964	0	-0
-14.985	-4.6627	0	-0
-13.519	-4.6627	0	-0
-12.053	-4.6627	0	-0
-10.587	-4.6627	0	-0
-9.1202	-4.6627	0	-0
-7.6539	-4.6627	0	-0
-6.1876	-4.6627	0	-0
-4.7213	-4.6627	0	-0
-3.255	-4.6627	0	-0
-1.7887	-4.6627	0.0054178	-0.022133
-0.32241	-4.6627	0.0034896	-0.024496
1.1439	-4.6627	0.0021269	-0.027372
2.6102	-4.6627	9.0243e-005	-0.03189
4.0765	-4.6627	-0.0033033	-0.034897
5.5428	-4.6627	-0.007051	-0.037509
7.0091	-4.6627	-0.012103	-0.04065
8.4754	-4.6627	-0.015235	-0.044422
9.9417	-4.6627	-0.0084651	-0.047934
11.408	-4.6627	0	-0
12.874	-4.6627	0	-0
14.341	-4.6627	0	-0
15.807	-4.6627	0	-0
-14.985	-6.129	0	-0
-13.519	-6.129	0	-0
-12.053	-6.129	0	-0
-10.587	-6.129	0	-0
-9.1202	-6.129	0	-0
-7.6539	-6.129	0	-0
-6.1876	-6.129	0	-0
-4.7213	-6.129	0	-0
-3.255	-6.129	0	-0
-1.7887	-6.129	0.0034973	-0.030115
-0.32241	-6.129	0.001099	-0.032141
1.1439	-6.129	-0.0015168	-0.035335
2.6102	-6.129	-0.0031738	-0.040215
4.0765	-6.129	-0.0056355	-0.043531
5.5428	-6.129	-0.0084686	-0.046779
7.0091	-6.129	-0.012496	-0.050543
8.4754	-6.129	-0.015306	-0.055062
9.9417	-6.129	-0.0076845	-0.060905
11.408	-6.129	0	-0
12.874	-6.129	0	-0
14.341	-6.129	0	-0
15.807	-6.129	0	-0
-14.985	-7.5953	0	-0
-13.519	-7.5953	0	-0
-12.053	-7.5953	0	-0
-10.587	-7.5953	0	-0
-9.1202	-7.5953	0	-0
-7.6539	-7.5953	0	-0
-6.1876	-7.5953	0	-0
-4.7213	-7.5953	0	-0
-3.255	-7.5953	0	-0
-1.7887	-7.5953	-0.0001201	-0.034152
-0.32241	-7.5953	-0.0031548	-0.038315
1.1439	-7.5953	-0.0059692	-0.042303
2.6102	-7.5953	-0.0074727	-0.046047
4.0765	-7.5953	-0.0087608	-0.049657
5.5428	-7.5953	-0.010438	-0.054355
7.0091	-7.5953	-0.014081	-0.05943
8.4754	-7.5953	-0.015204	-0.066258
9.9417	-7.5953	-0.001493	-0.075445
11.408	-7.5953	0	-0
12.874	-7.5953	0	-0
14.341	-7.5953	0	-0
15.807	-7.5953	0	-0
-14.985	-9.0616	0	-0
-13.519	-9.0616	0	-0
-12.053	-9.0616	0	-0
-10.587	-9.0616	0	-0
-9.1202	-9.0616	0	-0
-7.6539	-9.0616	0	-0
-6.1876	-9.0616	0	-0
-4.7213	-9.0616	0	-0
-3.255	-9.0616	0	-0
-1.7887	-9.0616	-0.0036748	-0.039127
-0.32241	-9.0616	-0.0073439	-0.043018
1.1439	-9.0616	-0.0097838	-0.04619
2.6102	-9.0616	-0.011354	-0.050517
4.0765	-9.0616	-0.012085	-0.055176
5.5428	-9.0616	-0.01536	-0.062641
7.0091	-9.0616	-0.017544	-0.071552
8.4754	-9.0616	-0.019151	-0.078887
9.9417	-9.0616	-0.0030614	-0.089781
11.408	-9.0616	0	-0
12.874	-9.0616	0	-0
14.341	-9.0616	0	-0
15.807	-9.0616	0	-0
-14.985	-10.528	0	-0
-13.519	-10.528	0	-0
-12.053	-10.528	0	-0
-10.587	-10.528	0	-0
-9.1202	-10.528	0	-0
-7.6539	-10.528	0	-0
-6.1876	-10.528	0	-0
-4.7213	-10.528	0	-0
-3.255	-10.528	0	-0
-1.7887	-10.528	-0.0035213	-0.044435
-0.32241	-10.528	-0.012119	-0.048886
1.1439	-10.528	-0.015082	-0.052089
2.6102	-10.528	-0.01673	-0.056382
4.0765	-10.528	-0.018957	-0.063538
5.5428	-10.528	-0.02145	-0.073398
7.0091	-10.528	-0.022627	-0.083382
8.4754	-10.528	-0.024775	-0.093619
9.9417	-10.528	-0.0081039	-0.10507
11.408	-10.528	0	-0
12.874	-10.528	0	-0
14.341	-10.528	0	-0
15.807	-10.528	0	-0
-14.985	-11.994	0	-0
-13.519	-11.994	0	-0
-12.053	-11.994	0	-0
-10.587	-11.994	0	-0
-9.1202	-11.994	0	-0
-7.6539	-11.994	0	-0
-6.1876	-11.994	0	-0
-4.7213	-11.994	0	-0
-3.255	-11.994	0	-0
-1.7887	-11.994	0	-0
-0.32241	-11.994	0	-0
1.1439	-11.994	0	-0
2.6102	-11.994	0	-0
4.0765	-11.994	0	-0
5.5428	-11.994	0	-0
7.0091	-11.994	0	-0
8.4754	-11.994	0	-0
9.9417	-11.994	0	-0
11.408	-11.994	0	-0
12.874	-11.994	0	-0
14.341	-11.994	0	-0
15.807	-11.994	0	-0
