#DaVis 7.4.0 2D-vector 96 22 22 "" "[mm]" "" "[mm]" "displacement" "[mm]"
-14.985	18.798	0	-0
-13.519	18.798	0	-0
-12.053	18.798	0	-0
-10.587	18.798	0	-0
-9.1202	18.798	0	-0
-7.6539	18.798	0	-0
-6.1876	18.798	0	-0
-4.7213	18.798	0	-0
-3.255	18.798	0	-0
-1.7887	18.798	0	-0
-0.32241	18.798	0.010114	-0.54605
1.1439	18.798	0.0093259	-0.52783
2.6102	18.798	-0.22718	0.44487
4.0765	18.798	-0.12064	-0.62312
5.5428	18.798	-0.47636	-0.67909
7.0091	18.798	-0.7441	0.61582
8.4754	18.798	0.0048753	0.70673
9.9417	18.798	-0.85325	0.18358
11.408	18.798	0	-0
12.874	18.798	0	-0
14.341	18.798	0	-0
15.807	18.798	0	-0
-14.985	17.332	0	-0
-13.519	17.332	0	-0
-12.053	17.332	0	-0
-10.587	17.332	0	-0
-9.1202	17.332	0	-0
-7.6539	17.332	0	-0
-6.1876	17.332	0	-0
-4.7213	17.332	0	-0
-3.255	17.332	0	-0
-1.7887	17.332	0.0077206	0.12839
-0.32241	17.332	0.0099447	0.12498
1.1439	17.332	0.008227	0.11819
2.6102	17.332	0.0066425	0.13252
4.0765	17.332	0.15988	-0.34143
5.5428	17.332	-0.54515	-0.34283
7.0091	17.332	-0.0032187	0.10678
8.4754	17.332	-0.0054312	0.11051
9.9417	17.332	-0.0095349	0.10585
11.408	17.332	0	-0
12.874	17.332	0	-0
14.341	17.332	0	-0
15.807	17.332	0	-0
-14.985	15.866	0	-0
-13.519	15.866	0	-0
-12.053	15.866	0	-0
-10.587	15.866	0	-0
-9.1202	15.866	0	-0
-7.6539	15.866	0	-0
-6.1876	15.866	0	-0
-4.7213	15.866	0	-0
-3.255	15.866	0	-0
-1.7887	15.866	0.00079215	0.11867
-0.32241	15.866	0.0087821	0.11802
1.1439	15.866	0.007351	0.1148
2.6102	15.866	0.0049114	0.11034
4.0765	15.866	0.0018695	0.10739
5.5428	15.866	2.8255e-005	0.1046
7.0091	15.866	-0.002086	0.10187
8.4754	15.866	-0.0051036	0.10047
9.9417	15.866	-0.0083226	0.10052
11.408	15.866	0	-0
12.874	15.866	0	-0
14.341	15.866	0	-0
15.807	15.866	0	-0
-14.985	14.399	0	-0
-13.519	14.399	0	-0
-12.053	14.399	0	-0
-10.587	14.399	0	-0
-9.1202	14.399	0	-0
-7.6539	14.399	0	-0
-6.1876	14.399	0	-0
-4.7213	14.399	0	-0
-3.255	14.399	0	-0
-1.7887	14.399	-0.0017327	0.1135
-0.32241	14.399	0.0063285	0.11214
1.1439	14.399	0.0057787	0.10923
2.6102	14.399	0.0035916	0.1051
4.0765	14.399	0.0015355	0.10195
5.5428	14.399	0.00015298	0.097506
7.0091	14.399	-0.0021795	0.094249
8.4754	14.399	-0.0048202	0.094316
9.9417	14.399	-0.0083709	0.092676
11.408	14.399	0	-0
12.874	14.399	0	-0
14.341	14.399	0	-0
15.807	14.399	0	-0
-14.985	12.933	0	-0
-13.519	12.933	0	-0
-12.053	12.933	0	-0
-10.587	12.933	0	-0
-9.1202	12.933	0	-0
-7.6539	12.933	0	-0
-6.1876	12.933	0	-0
-4.7213	12.933	0	-0
-3.255	12.933	0	-0
-1.7887	12.933	-0.0038459	0.106
-0.32241	12.933	0.0059256	0.10387
1.1439	12.933	0.006078	0.10063
2.6102	12.933	0.0045663	0.096681
4.0765	12.933	0.0025599	0.093817
5.5428	12.933	-0.00023325	0.091018
7.0091	12.933	-0.0018791	0.088547
8.4754	12.933	-0.0051632	0.086633
9.9417	12.933	-0.0091416	0.084319
11.408	12.933	0	-0
12.874	12.933	0	-0
14.341	12.933	0	-0
15.807	12.933	0	-0
-14.985	11.467	0	-0
-13.519	11.467	0	-0
-12.053	11.467	0	-0
-10.587	11.467	0	-0
-9.1202	11.467	0	-0
-7.6539	11.467	0	-0
-6.1876	11.467	0	-0
-4.7213	11.467	0	-0
-3.255	11.467	0	-0
-1.7887	11.467	0.0042995	0.096031
-0.32241	11.467	0.0072445	0.09501
1.1439	11.467	0.0058546	0.091857
2.6102	11.467	0.0044375	0.087319
4.0765	11.467	0.002831	0.08247
5.5428	11.467	-0.00052544	0.080599
7.0091	11.467	-0.0034692	0.078964
8.4754	11.467	-0.006846	0.078048
9.9417	11.467	-0.010517	0.076867
11.408	11.467	0	-0
12.874	11.467	0	-0
14.341	11.467	0	-0
15.807	11.467	0	-0
-14.985	10	0	-0
-13.519	10	0	-0
-12.053	10	0	-0
-10.587	10	0	-0
-9.1202	10	0	-0
-7.6539	10	0	-0
-6.1876	10	0	-0
-4.7213	10	0	-0
-3.255	10	0	-0
-1.7887	10	0.0067725	0.087222
-0.32241	10	0.0092641	0.084988
1.1439	10	0.0042463	0.084088
2.6102	10	0.0020644	0.07852
4.0765	10	0.00080129	0.072368
5.5428	10	-0.0017924	0.068906
7.0091	10	-0.0059405	0.068378
8.4754	10	-0.0085548	0.069066
9.9417	10	-0.01174	0.06942
11.408	10	0	-0
12.874	10	0	-0
14.341	10	0	-0
15.807	10	0	-0
-14.985	8.534	0	-0
-13.519	8.534	0	-0
-12.053	8.534	0	-0
-10.587	8.534	0	-0
-9.1202	8.534	0	-0
-7.6539	8.534	0	-0
-6.1876	8.534	0	-0
-4.7213	8.534	0	-0
-3.255	8.534	0	-0
-1.7887	8.534	0.003955	0.074563
-0.32241	8.534	0.0082376	0.073395
1.1439	8.534	0.0029334	0.073535
2.6102	8.534	-0.00026434	0.06967
4.0765	8.534	-0.0018385	0.065102
5.5428	8.534	-0.0041188	0.060739
7.0091	8.534	-0.0067549	0.059611
8.4754	8.534	-0.010654	0.061021
9.9417	8.534	-0.011192	0.061221
11.408	8.534	0	-0
12.874	8.534	0	-0
14.341	8.534	0	-0
15.807	8.534	0	-0
-14.985	7.0677	0	-0
-13.519	7.0677	0	-0
-12.053	7.0677	0	-0
-10.587	7.0677	0	-0
-9.1202	7.0677	0	-0
-7.6539	7.0677	0	-0
-6.1876	7.0677	0	-0
-4.7213	7.0677	0	-0
-3.255	7.0677	0	-0
-1.7887	7.0677	-0.00076557	0.062633
-0.32241	7.0677	0.0087559	0.059514
1.1439	7.0677	0.0041566	0.059395
2.6102	7.0677	-2.1664e-005	0.058936
4.0765	7.0677	-0.0033587	0.056323
5.5428	7.0677	-0.0053298	0.053157
7.0091	7.0677	-0.0081262	0.050156
8.4754	7.0677	-0.013783	0.05131
9.9417	7.0677	-0.010684	0.052221
11.408	7.0677	0	-0
12.874	7.0677	0	-0
14.341	7.0677	0	-0
15.807	7.0677	0	-0
-14.985	5.6014	0	-0
-13.519	5.6014	0	-0
-12.053	5.6014	0	-0
-10.587	5.6014	0	-0
-9.1202	5.6014	0	-0
-7.6539	5.6014	0	-0
-6.1876	5.6014	0	-0
-4.7213	5.6014	0	-0
-3.255	5.6014	0	-0
-1.7887	5.6014	-0.0020716	0.047015
-0.32241	5.6014	0.012186	0.044327
1.1439	5.6014	0.0096198	0.042231
2.6102	5.6014	0.0027731	0.042931
4.0765	5.6014	-0.0036126	0.043893
5.5428	5.6014	-0.0073309	0.042734
7.0091	5.6014	-0.011592	0.039757
8.4754	5.6014	-0.015364	0.038595
9.9417	5.6014	-0.010573	0.040033
11.408	5.6014	0	-0
12.874	5.6014	0	-0
14.341	5.6014	0	-0
15.807	5.6014	0	-0
-14.985	4.1351	0	-0
-13.519	4.1351	0	-0
-12.053	4.1351	0	-0
-10.587	4.1351	0	-0
-9.1202	4.1351	0	-0
-7.6539	4.1351	0	-0
-6.1876	4.1351	0	-0
-4.7213	4.1351	0	-0
-3.255	4.1351	0	-0
-1.7887	4.1351	0.0093777	0.032675
-0.32241	4.1351	0.015287	0.030619
1.1439	4.1351	0.01276	0.027563
2.6102	4.1351	0.0058584	0.02645
4.0765	4.1351	0.00022113	0.027417
5.5428	4.1351	-0.0056476	0.026991
7.0091	4.1351	-0.011767	0.027182
8.4754	4.1351	-0.016089	0.026427
9.9417	4.1351	-0.015002	0.027012
11.408	4.1351	0	-0
12.874	4.1351	0	-0
14.341	4.1351	0	-0
15.807	4.1351	0	-0
-14.985	2.6688	0	-0
-13.519	2.6688	0	-0
-12.053	2.6688	0	-0
-10.587	2.6688	0	-0
-9.1202	2.6688	0	-0
-7.6539	2.6688	0	-0
-6.1876	2.6688	0	-0
-4.7213	2.6688	0	-0
-3.255	2.6688	0	-0
-1.7887	2.6688	0.0087264	0.02276
-0.32241	2.6688	0.016262	0.018812
1.1439	2.6688	0.014096	0.015506
2.6102	2.6688	0.0087477	0.013789
4.0765	2.6688	0.0045114	0.013588
5.5428	2.6688	-0.00083703	0.013384
7.0091	2.6688	-0.0067067	0.011801
8.4754	2.6688	-0.012826	0.010462
9.9417	2.6688	-0.01469	0.0098951
11.408	2.6688	0	-0
12.874	2.6688	0	-0
14.341	2.6688	0	-0
15.807	2.6688	0	-0
-14.985	1.2025	0	-0
-13.519	1.2025	0	-0
-12.053	1.2025	0	-0
-10.587	1.2025	0	-0
-9.1202	1.2025	0	-0
-7.6539	1.2025	0	-0
-6.1876	1.2025	0	-0
-4.7213	1.2025	0	-0
-3.255	1.2025	0	-0
-1.7887	1.2025	0.01211	0.012834
-0.32241	1.2025	0.016912	0.0094327
1.1439	1.2025	0.012792	0.0066554
2.6102	1.2025	0.0090593	0.0038741
4.0765	1.2025	0.005381	0.0022656
5.5428	1.2025	0.0015295	0.00080067
7.0091	1.2025	-0.0046725	-0.0019258
8.4754	1.2025	-0.012127	-0.0055691
9.9417	1.2025	-0.013062	-0.006831
11.408	1.2025	0	-0
12.874	1.2025	0	-0
14.341	1.2025	0	-0
15.807	1.2025	0	-0
-14.985	-0.2638	0	-0
-13.519	-0.2638	0	-0
-12.053	-0.2638	0	-0
-10.587	-0.2638	0	-0
-9.1202	-0.2638	0	-0
-7.6539	-0.2638	0	-0
-6.1876	-0.2638	0	-0
-4.7213	-0.2638	0	-0
-3.255	-0.2638	0	-0
-1.7887	-0.2638	0.011665	0.004538
-0.32241	-0.2638	0.012117	0.00079541
1.1439	-0.2638	0.01097	-0.0023973
2.6102	-0.2638	0.0071716	-0.005599
4.0765	-0.2638	0.0028087	-0.0076261
5.5428	-0.2638	-0.0020473	-0.01047
7.0091	-0.2638	-0.0081381	-0.015757
8.4754	-0.2638	-0.012647	-0.017885
9.9417	-0.2638	-0.0094832	-0.018414
11.408	-0.2638	0	-0
12.874	-0.2638	0	-0
14.341	-0.2638	0	-0
15.807	-0.2638	0	-0
-14.985	-1.7301	0	-0
-13.519	-1.7301	0	-0
-12.053	-1.7301	0	-0
-10.587	-1.7301	0	-0
-9.1202	-1.7301	0	-0
-7.6539	-1.7301	0	-0
-6.1876	-1.7301	0	-0
-4.7213	-1.7301	0	-0
-3.255	-1.7301	0	-0
-1.7887	-1.7301	0.0052759	-0.0047504
-0.32241	-1.7301	0.0096712	-0.0084407
1.1439	-1.7301	0.0084935	-0.011283
2.6102	-1.7301	0.002839	-0.016274
4.0765	-1.7301	-0.0026468	-0.018939
5.5428	-1.7301	-0.0076397	-0.021298
7.0091	-1.7301	-0.011827	-0.025308
8.4754	-1.7301	-0.014991	-0.028226
9.9417	-1.7301	-0.012043	-0.02912
11.408	-1.7301	0	-0
12.874	-1.7301	0	-0
14.341	-1.7301	0	-0
15.807	-1.7301	0	-0
-14.985	-3.1964	0	-0
-13.519	-3.1964	0	-0
-12.053	-3.1964	0	-0
-10.587	-3.1964	0	-0
-9.1202	-3.1964	0	-0
-7.6539	-3.1964	0	-0
-6.1876	-3.1964	0	-0
-4.7213	-3.1964	0	-0
-3.255	-3.1964	0	-0
-1.7887	-3.1964	0.001845	-0.0133
-0.32241	-3.1964	0.0069746	-0.01652
1.1439	-3.1964	0.0044702	-0.019618
2.6102	-3.1964	-0.0013392	-0.027632
4.0765	-3.1964	-0.0063583	-0.031698
5.5428	-3.1964	-0.011028	-0.033948
7.0091	-3.1964	-0.0148	-0.036944
8.4754	-3.1964	-0.018308	-0.039783
9.9417	-3.1964	-0.014919	-0.040785
11.408	-3.1964	0	-0
12.874	-3.1964	0	-0
14.341	-3.1964	0	-0
15.807	-3.1964	0	-0
-14.985	-4.6627	0	-0
-13.519	-4.6627	0	-0
-12.053	-4.6627	0	-0
-10.587	-4.6627	0	-0
-9.1202	-4.6627	0	-0
-7.6539	-4.6627	0	-0
-6.1876	-4.6627	0	-0
-4.7213	-4.6627	0	-0
-3.255	-4.6627	0	-0
-1.7887	-4.6627	0.0010207	-0.020938
-0.32241	-4.6627	0.0051051	-0.024737
1.1439	-4.6627	0.0026984	-0.030852
2.6102	-4.6627	-0.0029015	-0.039551
4.0765	-4.6627	-0.0077903	-0.043995
5.5428	-4.6627	-0.011739	-0.047492
7.0091	-4.6627	-0.016762	-0.051601
8.4754	-4.6627	-0.020871	-0.057642
9.9417	-4.6627	-0.017029	-0.061269
11.408	-4.6627	0	-0
12.874	-4.6627	0	-0
14.341	-4.6627	0	-0
15.807	-4.6627	0	-0
-14.985	-6.129	0	-0
-13.519	-6.129	0	-0
-12.053	-6.129	0	-0
-10.587	-6.129	0	-0
-9.1202	-6.129	0	-0
-7.6539	-6.129	0	-0
-6.1876	-6.129	0	-0
-4.7213	-6.129	0	-0
-3.255	-6.129	0	-0
-1.7887	-6.129	0.00068362	-0.03027
-0.32241	-6.129	0.0028588	-0.034852
1.1439	-6.129	-0.001634	-0.043374
2.6102	-6.129	-0.0057983	-0.052264
4.0765	-6.129	-0.0092333	-0.057806
5.5428	-6.129	-0.01249	-0.063484
7.0091	-6.129	-0.017388	-0.069739
8.4754	-6.129	-0.021974	-0.078179
9.9417	-6.129	-0.017068	-0.087527
11.408	-6.129	0	-0
12.874	-6.129	0	-0
14.341	-6.129	0	-0
15.807	-6.129	0	-0
-14.985	-7.5953	0	-0
-13.519	-7.5953	0	-0
-12.053	-7.5953	0	-0
-10.587	-7.5953	0	-0
-9.1202	-7.5953	0	-0
-7.6539	-7.5953	0	-0
-6.1876	-7.5953	0	-0
-4.7213	-7.5953	0	-0
-3.255	-7.5953	0	-0
-1.7887	-7.5953	-0.00561	-0.033663
-0.32241	-7.5953	-0.0050435	-0.043426
1.1439	-7.5953	-0.008924	-0.053348
2.6102	-7.5953	-0.012127	-0.062898
4.0765	-7.5953	-0.013107	-0.070452
5.5428	-7.5953	-0.015994	-0.081069
7.0091	-7.5953	-0.022303	-0.093274
8.4754	-7.5953	-0.024324	-0.10485
9.9417	-7.5953	-0.010558	-0.11726
11.408	-7.5953	0	-0
12.874	-7.5953	0	-0
14.341	-7.5953	0	-0
15.807	-7.5953	0	-0
-14.985	-9.0616	0	-0
-13.519	-9.0616	0	-0
-12.053	-9.0616	0	-0
-10.587	-9.0616	0	-0
-9.1202	-9.0616	0	-0
-7.6539	-9.0616	0	-0
-6.1876	-9.0616	0	-0
-4.7213	-9.0616	0	-0
-3.255	-9.0616	0	-0
-1.7887	-9.0616	-0.012085	-0.038251
-0.32241	-9.0616	-0.016199	-0.048436
1.1439	-9.0616	-0.018433	-0.059777
2.6102	-9.0616	-0.020087	-0.07204
4.0765	-9.0616	-0.021709	-0.083937
5.5428	-9.0616	-0.027378	-0.10007
7.0091	-9.0616	-0.031698	-0.11488
8.4754	-9.0616	-0.033962	-0.12974
9.9417	-9.0616	-0.016807	-0.14575
11.408	-9.0616	0	-0
12.874	-9.0616	0	-0
14.341	-9.0616	0	-0
15.807	-9.0616	0	-0
-14.985	-10.528	0	-0
-13.519	-10.528	0	-0
-12.053	-10.528	0	-0
-10.587	-10.528	0	-0
-9.1202	-10.528	0	-0
-7.6539	-10.528	0	-0
-6.1876	-10.528	0	-0
-4.7213	-10.528	0	-0
-3.255	-10.528	0	-0
-1.7887	-10.528	0	-0
-0.32241	-10.528	-0.031286	-0.054823
1.1439	-10.528	-0.033642	-0.067995
2.6102	-10.528	-0.035581	-0.081961
4.0765	-10.528	-0.039714	-0.098974
5.5428	-10.528	-0.043028	-0.11786
7.0091	-10.528	-0.04496	-0.13785
8.4754	-10.528	-0.049938	-0.15616
9.9417	-10.528	-0.029788	-0.1788
11.408	-10.528	0	-0
12.874	-10.528	0	-0
14.341	-10.528	0	-0
15.807	-10.528	0	-0
-14.985	-11.994	0	-0
-13.519	-11.994	0	-0
-12.053	-11.994	0	-0
-10.587	-11.994	0	-0
-9.1202	-11.994	0	-0
-7.6539	-11.994	0	-0
-6.1876	-11.994	0	-0
-4.7213	-11.994	0	-0
-3.255	-11.994	0	-0
-1.7887	-11.994	0	-0
-0.32241	-11.994	0	-0
1.1439	-11.994	0	-0
2.6102	-11.994	0	-0
4.0765	-11.994	0	-0
5.5428	-11.994	0	-0
7.0091	-11.994	0	-0
8.4754	-11.994	0	-0
9.9417	-11.994	0	-0
11.408	-11.994	0	-0
12.874	-11.994	0	-0
14.341	-11.994	0	-0
15.807	-11.994	0	-0
