#DaVis 7.4.0 2D-vector 96 22 22 "" "[mm]" "" "[mm]" "displacement" "[mm]"
-14.985	18.798	0	-0
-13.519	18.798	0	-0
-12.053	18.798	0	-0
-10.587	18.798	0	-0
-9.1202	18.798	0	-0
-7.6539	18.798	0	-0
-6.1876	18.798	0	-0
-4.7213	18.798	0	-0
-3.255	18.798	0	-0
-1.7887	18.798	0	-0
-0.32241	18.798	0.0091827	-0.54655
1.1439	18.798	0.0062518	-0.5273
2.6102	18.798	0.8709	0.46888
4.0765	18.798	-0.084197	-0.6002
5.5428	18.798	-0.46393	-0.67395
7.0091	18.798	-0.58344	0.65053
8.4754	18.798	-0.00019766	0.71334
9.9417	18.798	-0.82136	0.22317
11.408	18.798	0	-0
12.874	18.798	0	-0
14.341	18.798	0	-0
15.807	18.798	0	-0
-14.985	17.332	0	-0
-13.519	17.332	0	-0
-12.053	17.332	0	-0
-10.587	17.332	0	-0
-9.1202	17.332	0	-0
-7.6539	17.332	0	-0
-6.1876	17.332	0	-0
-4.7213	17.332	0	-0
-3.255	17.332	0	-0
-1.7887	17.332	0.006622	0.11934
-0.32241	17.332	0.0095293	0.1142
1.1439	17.332	0.0067371	0.1072
2.6102	17.332	0.005304	0.12271
4.0765	17.332	0.16222	-0.30236
5.5428	17.332	-0.52543	-0.31558
7.0091	17.332	-0.0042429	0.099505
8.4754	17.332	-0.0064775	0.10266
9.9417	17.332	-0.0088565	0.10009
11.408	17.332	0	-0
12.874	17.332	0	-0
14.341	17.332	0	-0
15.807	17.332	0	-0
-14.985	15.866	0	-0
-13.519	15.866	0	-0
-12.053	15.866	0	-0
-10.587	15.866	0	-0
-9.1202	15.866	0	-0
-7.6539	15.866	0	-0
-6.1876	15.866	0	-0
-4.7213	15.866	0	-0
-3.255	15.866	0	-0
-1.7887	15.866	0.001156	0.10817
-0.32241	15.866	0.0080314	0.10772
1.1439	15.866	0.0062072	0.10514
2.6102	15.866	0.0037342	0.10127
4.0765	15.866	0.0014966	0.098781
5.5428	15.866	-0.00061265	0.096492
7.0091	15.866	-0.0023987	0.094237
8.4754	15.866	-0.005382	0.093378
9.9417	15.866	-0.0072843	0.093541
11.408	15.866	0	-0
12.874	15.866	0	-0
14.341	15.866	0	-0
15.807	15.866	0	-0
-14.985	14.399	0	-0
-13.519	14.399	0	-0
-12.053	14.399	0	-0
-10.587	14.399	0	-0
-9.1202	14.399	0	-0
-7.6539	14.399	0	-0
-6.1876	14.399	0	-0
-4.7213	14.399	0	-0
-3.255	14.399	0	-0
-1.7887	14.399	0.00037882	0.10384
-0.32241	14.399	0.0064835	0.10214
1.1439	14.399	0.0047021	0.099416
2.6102	14.399	0.0030016	0.096295
4.0765	14.399	0.0014703	0.093578
5.5428	14.399	0.00010992	0.08951
7.0091	14.399	-0.0019622	0.086775
8.4754	14.399	-0.0042408	0.086879
9.9417	14.399	-0.006373	0.08567
11.408	14.399	0	-0
12.874	14.399	0	-0
14.341	14.399	0	-0
15.807	14.399	0	-0
-14.985	12.933	0	-0
-13.519	12.933	0	-0
-12.053	12.933	0	-0
-10.587	12.933	0	-0
-9.1202	12.933	0	-0
-7.6539	12.933	0	-0
-6.1876	12.933	0	-0
-4.7213	12.933	0	-0
-3.255	12.933	0	-0
-1.7887	12.933	-0.001489	0.09602
-0.32241	12.933	0.0068786	0.09381
1.1439	12.933	0.0054894	0.091706
2.6102	12.933	0.0046747	0.08795
4.0765	12.933	0.0027673	0.085336
5.5428	12.933	0.0003457	0.082945
7.0091	12.933	-0.0014235	0.081226
8.4754	12.933	-0.004437	0.079352
9.9417	12.933	-0.006017	0.077647
11.408	12.933	0	-0
12.874	12.933	0	-0
14.341	12.933	0	-0
15.807	12.933	0	-0
-14.985	11.467	0	-0
-13.519	11.467	0	-0
-12.053	11.467	0	-0
-10.587	11.467	0	-0
-9.1202	11.467	0	-0
-7.6539	11.467	0	-0
-6.1876	11.467	0	-0
-4.7213	11.467	0	-0
-3.255	11.467	0	-0
-1.7887	11.467	0.002468	0.086433
-0.32241	11.467	0.0079093	0.085616
1.1439	11.467	0.0059472	0.082988
2.6102	11.467	0.0050654	0.079035
4.0765	11.467	0.0035087	0.074597
5.5428	11.467	0.00054153	0.073026
7.0091	11.467	-0.0027215	0.071848
8.4754	11.467	-0.0057825	0.071339
9.9417	11.467	-0.0064295	0.070212
11.408	11.467	0	-0
12.874	11.467	0	-0
14.341	11.467	0	-0
15.807	11.467	0	-0
-14.985	10	0	-0
-13.519	10	0	-0
-12.053	10	0	-0
-10.587	10	0	-0
-9.1202	10	0	-0
-7.6539	10	0	-0
-6.1876	10	0	-0
-4.7213	10	0	-0
-3.255	10	0	-0
-1.7887	10	0.010079	0.078575
-0.32241	10	0.0095522	0.076548
1.1439	10	0.0049406	0.075738
2.6102	10	0.0032872	0.070584
4.0765	10	0.0019939	0.064841
5.5428	10	-0.00038569	0.061649
7.0091	10	-0.0049412	0.061439
8.4754	10	-0.0070753	0.062386
9.9417	10	-0.0067307	0.062583
11.408	10	0	-0
12.874	10	0	-0
14.341	10	0	-0
15.807	10	0	-0
-14.985	8.534	0	-0
-13.519	8.534	0	-0
-12.053	8.534	0	-0
-10.587	8.534	0	-0
-9.1202	8.534	0	-0
-7.6539	8.534	0	-0
-6.1876	8.534	0	-0
-4.7213	8.534	0	-0
-3.255	8.534	0	-0
-1.7887	8.534	0.0077656	0.067938
-0.32241	8.534	0.0083919	0.066308
1.1439	8.534	0.0041142	0.066059
2.6102	8.534	0.0012774	0.062209
4.0765	8.534	-0.0001768	0.057787
5.5428	8.534	-0.0023068	0.053639
7.0091	8.534	-0.0056098	0.052863
8.4754	8.534	-0.0087531	0.054688
9.9417	8.534	-0.0082956	0.054751
11.408	8.534	0	-0
12.874	8.534	0	-0
14.341	8.534	0	-0
15.807	8.534	0	-0
-14.985	7.0677	0	-0
-13.519	7.0677	0	-0
-12.053	7.0677	0	-0
-10.587	7.0677	0	-0
-9.1202	7.0677	0	-0
-7.6539	7.0677	0	-0
-6.1876	7.0677	0	-0
-4.7213	7.0677	0	-0
-3.255	7.0677	0	-0
-1.7887	7.0677	0.007455	0.057143
-0.32241	7.0677	0.0087592	0.054087
1.1439	7.0677	0.0047651	0.05357
2.6102	7.0677	0.0011887	0.052362
4.0765	7.0677	-0.0017054	0.049417
5.5428	7.0677	-0.0035645	0.046311
7.0091	7.0677	-0.0067972	0.043764
8.4754	7.0677	-0.011932	0.04526
9.9417	7.0677	-0.0084687	0.046097
11.408	7.0677	0	-0
12.874	7.0677	0	-0
14.341	7.0677	0	-0
15.807	7.0677	0	-0
-14.985	5.6014	0	-0
-13.519	5.6014	0	-0
-12.053	5.6014	0	-0
-10.587	5.6014	0	-0
-9.1202	5.6014	0	-0
-7.6539	5.6014	0	-0
-6.1876	5.6014	0	-0
-4.7213	5.6014	0	-0
-3.255	5.6014	0	-0
-1.7887	5.6014	0.0092536	0.043418
-0.32241	5.6014	0.011412	0.040219
1.1439	5.6014	0.0087113	0.037942
2.6102	5.6014	0.0030145	0.037978
4.0765	5.6014	-0.0024832	0.038163
5.5428	5.6014	-0.0056352	0.036673
7.0091	5.6014	-0.010185	0.034028
8.4754	5.6014	-0.012975	0.033167
9.9417	5.6014	-0.0059058	0.034646
11.408	5.6014	0	-0
12.874	5.6014	0	-0
14.341	5.6014	0	-0
15.807	5.6014	0	-0
-14.985	4.1351	0	-0
-13.519	4.1351	0	-0
-12.053	4.1351	0	-0
-10.587	4.1351	0	-0
-9.1202	4.1351	0	-0
-7.6539	4.1351	0	-0
-6.1876	4.1351	0	-0
-4.7213	4.1351	0	-0
-3.255	4.1351	0	-0
-1.7887	4.1351	0.010633	0.029802
-0.32241	4.1351	0.014473	0.027739
1.1439	4.1351	0.011893	0.024673
2.6102	4.1351	0.0056301	0.023218
4.0765	4.1351	0.00089892	0.023655
5.5428	4.1351	-0.0040303	0.022732
7.0091	4.1351	-0.010142	0.022558
8.4754	4.1351	-0.013399	0.021905
9.9417	4.1351	-0.010267	0.022581
11.408	4.1351	0	-0
12.874	4.1351	0	-0
14.341	4.1351	0	-0
15.807	4.1351	0	-0
-14.985	2.6688	0	-0
-13.519	2.6688	0	-0
-12.053	2.6688	0	-0
-10.587	2.6688	0	-0
-9.1202	2.6688	0	-0
-7.6539	2.6688	0	-0
-6.1876	2.6688	0	-0
-4.7213	2.6688	0	-0
-3.255	2.6688	0	-0
-1.7887	2.6688	0.0086371	0.020108
-0.32241	2.6688	0.015682	0.016818
1.1439	2.6688	0.013613	0.013486
2.6102	2.6688	0.0084362	0.011968
4.0765	2.6688	0.0046967	0.011407
5.5428	2.6688	0.00029406	0.010762
7.0091	2.6688	-0.0053888	0.0091789
8.4754	2.6688	-0.010407	0.0078658
9.9417	2.6688	-0.0098695	0.0074741
11.408	2.6688	0	-0
12.874	2.6688	0	-0
14.341	2.6688	0	-0
15.807	2.6688	0	-0
-14.985	1.2025	0	-0
-13.519	1.2025	0	-0
-12.053	1.2025	0	-0
-10.587	1.2025	0	-0
-9.1202	1.2025	0	-0
-7.6539	1.2025	0	-0
-6.1876	1.2025	0	-0
-4.7213	1.2025	0	-0
-3.255	1.2025	0	-0
-1.7887	1.2025	0.012273	0.011027
-0.32241	1.2025	0.016676	0.0076385
1.1439	1.2025	0.012503	0.0048361
2.6102	1.2025	0.009039	0.0024421
4.0765	1.2025	0.0054543	0.0010476
5.5428	1.2025	0.0022764	-0.0006433
7.0091	1.2025	-0.0032457	-0.003152
8.4754	1.2025	-0.0093787	-0.0063373
9.9417	1.2025	-0.008499	-0.0074705
11.408	1.2025	0	-0
12.874	1.2025	0	-0
14.341	1.2025	0	-0
15.807	1.2025	0	-0
-14.985	-0.2638	0	-0
-13.519	-0.2638	0	-0
-12.053	-0.2638	0	-0
-10.587	-0.2638	0	-0
-9.1202	-0.2638	0	-0
-7.6539	-0.2638	0	-0
-6.1876	-0.2638	0	-0
-4.7213	-0.2638	0	-0
-3.255	-0.2638	0	-0
-1.7887	-0.2638	0.012199	0.0023384
-0.32241	-0.2638	0.012853	-0.001598
1.1439	-0.2638	0.010979	-0.0042753
2.6102	-0.2638	0.0074732	-0.0070208
4.0765	-0.2638	0.0032775	-0.0085252
5.5428	-0.2638	-0.0010548	-0.010854
7.0091	-0.2638	-0.0064969	-0.015547
8.4754	-0.2638	-0.010251	-0.017586
9.9417	-0.2638	-0.0054584	-0.018393
11.408	-0.2638	0	-0
12.874	-0.2638	0	-0
14.341	-0.2638	0	-0
15.807	-0.2638	0	-0
-14.985	-1.7301	0	-0
-13.519	-1.7301	0	-0
-12.053	-1.7301	0	-0
-10.587	-1.7301	0	-0
-9.1202	-1.7301	0	-0
-7.6539	-1.7301	0	-0
-6.1876	-1.7301	0	-0
-4.7213	-1.7301	0	-0
-3.255	-1.7301	0	-0
-1.7887	-1.7301	0.0062874	-0.0063901
-0.32241	-1.7301	0.010425	-0.010194
1.1439	-1.7301	0.008808	-0.012733
2.6102	-1.7301	0.0035211	-0.016889
4.0765	-1.7301	-0.0014041	-0.01884
5.5428	-1.7301	-0.0062119	-0.02066
7.0091	-1.7301	-0.010221	-0.024717
8.4754	-1.7301	-0.013043	-0.027694
9.9417	-1.7301	-0.0087423	-0.028628
11.408	-1.7301	0	-0
12.874	-1.7301	0	-0
14.341	-1.7301	0	-0
15.807	-1.7301	0	-0
-14.985	-3.1964	0	-0
-13.519	-3.1964	0	-0
-12.053	-3.1964	0	-0
-10.587	-3.1964	0	-0
-9.1202	-3.1964	0	-0
-7.6539	-3.1964	0	-0
-6.1876	-3.1964	0	-0
-4.7213	-3.1964	0	-0
-3.255	-3.1964	0	-0
-1.7887	-3.1964	0.0082512	-0.014853
-0.32241	-3.1964	0.0075529	-0.017837
1.1439	-3.1964	0.0050808	-0.020774
2.6102	-3.1964	-0.00012062	-0.027402
4.0765	-3.1964	-0.0048463	-0.030742
5.5428	-3.1964	-0.0093921	-0.032964
7.0091	-3.1964	-0.013366	-0.036093
8.4754	-3.1964	-0.01661	-0.038985
9.9417	-3.1964	-0.011959	-0.040271
11.408	-3.1964	0	-0
12.874	-3.1964	0	-0
14.341	-3.1964	0	-0
15.807	-3.1964	0	-0
-14.985	-4.6627	0	-0
-13.519	-4.6627	0	-0
-12.053	-4.6627	0	-0
-10.587	-4.6627	0	-0
-9.1202	-4.6627	0	-0
-7.6539	-4.6627	0	-0
-6.1876	-4.6627	0	-0
-4.7213	-4.6627	0	-0
-3.255	-4.6627	0	-0
-1.7887	-4.6627	0.007369	-0.021754
-0.32241	-4.6627	0.0053607	-0.025613
1.1439	-4.6627	0.0029163	-0.03116
2.6102	-4.6627	-0.0014769	-0.039006
4.0765	-4.6627	-0.0063221	-0.042889
5.5428	-4.6627	-0.010449	-0.046255
7.0091	-4.6627	-0.015346	-0.050138
8.4754	-4.6627	-0.01939	-0.055741
9.9417	-4.6627	-0.013491	-0.059511
11.408	-4.6627	0	-0
12.874	-4.6627	0	-0
14.341	-4.6627	0	-0
15.807	-4.6627	0	-0
-14.985	-6.129	0	-0
-13.519	-6.129	0	-0
-12.053	-6.129	0	-0
-10.587	-6.129	0	-0
-9.1202	-6.129	0	-0
-7.6539	-6.129	0	-0
-6.1876	-6.129	0	-0
-4.7213	-6.129	0	-0
-3.255	-6.129	0	-0
-1.7887	-6.129	0.0048222	-0.030837
-0.32241	-6.129	0.0026199	-0.035498
1.1439	-6.129	-0.0012409	-0.042701
2.6102	-6.129	-0.0046439	-0.050784
4.0765	-6.129	-0.0078433	-0.055978
5.5428	-6.129	-0.011237	-0.061283
7.0091	-6.129	-0.015984	-0.067232
8.4754	-6.129	-0.020051	-0.075043
9.9417	-6.129	-0.012487	-0.083778
11.408	-6.129	0	-0
12.874	-6.129	0	-0
14.341	-6.129	0	-0
15.807	-6.129	0	-0
-14.985	-7.5953	0	-0
-13.519	-7.5953	0	-0
-12.053	-7.5953	0	-0
-10.587	-7.5953	0	-0
-9.1202	-7.5953	0	-0
-7.6539	-7.5953	0	-0
-6.1876	-7.5953	0	-0
-4.7213	-7.5953	0	-0
-3.255	-7.5953	0	-0
-1.7887	-7.5953	-0.0015302	-0.034368
-0.32241	-7.5953	-0.0043581	-0.043325
1.1439	-7.5953	-0.0083401	-0.052351
2.6102	-7.5953	-0.01058	-0.06054
4.0765	-7.5953	-0.011584	-0.067501
5.5428	-7.5953	-0.014363	-0.077528
7.0091	-7.5953	-0.020543	-0.088542
8.4754	-7.5953	-0.022207	-0.099107
9.9417	-7.5953	-0.0075048	-0.11193
11.408	-7.5953	0	-0
12.874	-7.5953	0	-0
14.341	-7.5953	0	-0
15.807	-7.5953	0	-0
-14.985	-9.0616	0	-0
-13.519	-9.0616	0	-0
-12.053	-9.0616	0	-0
-10.587	-9.0616	0	-0
-9.1202	-9.0616	0	-0
-7.6539	-9.0616	0	-0
-6.1876	-9.0616	0	-0
-4.7213	-9.0616	0	-0
-3.255	-9.0616	0	-0
-1.7887	-9.0616	-0.006242	-0.038875
-0.32241	-9.0616	-0.013817	-0.048462
1.1439	-9.0616	-0.016536	-0.057891
2.6102	-9.0616	-0.018125	-0.068635
4.0765	-9.0616	-0.01944	-0.079662
5.5428	-9.0616	-0.02479	-0.094428
7.0091	-9.0616	-0.028783	-0.10808
8.4754	-9.0616	-0.030984	-0.12174
9.9417	-9.0616	-0.012688	-0.13638
11.408	-9.0616	0	-0
12.874	-9.0616	0	-0
14.341	-9.0616	0	-0
15.807	-9.0616	0	-0
-14.985	-10.528	0	-0
-13.519	-10.528	0	-0
-12.053	-10.528	0	-0
-10.587	-10.528	0	-0
-9.1202	-10.528	0	-0
-7.6539	-10.528	0	-0
-6.1876	-10.528	0	-0
-4.7213	-10.528	0	-0
-3.255	-10.528	0	-0
-1.7887	-10.528	-0.013214	-0.043074
-0.32241	-10.528	-0.026366	-0.054672
1.1439	-10.528	-0.029446	-0.065576
2.6102	-10.528	-0.031844	-0.077778
4.0765	-10.528	-0.03579	-0.092912
5.5428	-10.528	-0.038609	-0.10994
7.0091	-10.528	-0.040457	-0.12843
8.4754	-10.528	-0.04494	-0.1456
9.9417	-10.528	-0.024923	-0.16553
11.408	-10.528	0	-0
12.874	-10.528	0	-0
14.341	-10.528	0	-0
15.807	-10.528	0	-0
-14.985	-11.994	0	-0
-13.519	-11.994	0	-0
-12.053	-11.994	0	-0
-10.587	-11.994	0	-0
-9.1202	-11.994	0	-0
-7.6539	-11.994	0	-0
-6.1876	-11.994	0	-0
-4.7213	-11.994	0	-0
-3.255	-11.994	0	-0
-1.7887	-11.994	0	-0
-0.32241	-11.994	0	-0
1.1439	-11.994	0	-0
2.6102	-11.994	0	-0
4.0765	-11.994	0	-0
5.5428	-11.994	0	-0
7.0091	-11.994	0	-0
8.4754	-11.994	0	-0
9.9417	-11.994	0	-0
11.408	-11.994	0	-0
12.874	-11.994	0	-0
14.341	-11.994	0	-0
15.807	-11.994	0	-0
