#DaVis 7.4.0 2D-vector 96 22 22 "" "[mm]" "" "[mm]" "displacement" "[mm]"
-14.985	18.798	0	-0
-13.519	18.798	0	-0
-12.053	18.798	0	-0
-10.587	18.798	0	-0
-9.1202	18.798	0	-0
-7.6539	18.798	0	-0
-6.1876	18.798	0	-0
-4.7213	18.798	0	-0
-3.255	18.798	0	-0
-1.7887	18.798	0	-0
-0.32241	18.798	0.014897	0.13633
1.1439	18.798	0.009001	-0.63777
2.6102	18.798	0.62445	0.16183
4.0765	18.798	-0.85973	0.83838
5.5428	18.798	0.0055429	-0.70471
7.0091	18.798	-0.93051	0.16517
8.4754	18.798	0.0075879	1.0166
9.9417	18.798	-0.85616	-0.23486
11.408	18.798	0	-0
12.874	18.798	0	-0
14.341	18.798	0	-0
15.807	18.798	0	-0
-14.985	17.332	0	-0
-13.519	17.332	0	-0
-12.053	17.332	0	-0
-10.587	17.332	0	-0
-9.1202	17.332	0	-0
-7.6539	17.332	0	-0
-6.1876	17.332	0	-0
-4.7213	17.332	0	-0
-3.255	17.332	0	-0
-1.7887	17.332	0.012936	0.15203
-0.32241	17.332	0.015194	0.14234
1.1439	17.332	0.01355	0.13542
2.6102	17.332	0.012228	0.15487
4.0765	17.332	0.0034258	-0.39902
5.5428	17.332	-0.56199	-0.37593
7.0091	17.332	0.0020675	0.11901
8.4754	17.332	7.5422e-005	0.12387
9.9417	17.332	-0.0040847	0.11581
11.408	17.332	0	-0
12.874	17.332	0	-0
14.341	17.332	0	-0
15.807	17.332	0	-0
-14.985	15.866	0	-0
-13.519	15.866	0	-0
-12.053	15.866	0	-0
-10.587	15.866	0	-0
-9.1202	15.866	0	-0
-7.6539	15.866	0	-0
-6.1876	15.866	0	-0
-4.7213	15.866	0	-0
-3.255	15.866	0	-0
-1.7887	15.866	0.0039162	0.14065
-0.32241	15.866	0.013607	0.13793
1.1439	15.866	0.012199	0.13241
2.6102	15.866	0.0096207	0.12569
4.0765	15.866	0.0064335	0.12224
5.5428	15.866	0.0046127	0.11841
7.0091	15.866	0.0023122	0.11544
8.4754	15.866	-0.00095489	0.11264
9.9417	15.866	-0.0042396	0.11146
11.408	15.866	0	-0
12.874	15.866	0	-0
14.341	15.866	0	-0
15.807	15.866	0	-0
-14.985	14.399	0	-0
-13.519	14.399	0	-0
-12.053	14.399	0	-0
-10.587	14.399	0	-0
-9.1202	14.399	0	-0
-7.6539	14.399	0	-0
-6.1876	14.399	0	-0
-4.7213	14.399	0	-0
-3.255	14.399	0	-0
-1.7887	14.399	0.0015789	0.13427
-0.32241	14.399	0.0098038	0.13214
1.1439	14.399	0.0091968	0.1268
2.6102	14.399	0.0073304	0.12167
4.0765	14.399	0.0051035	0.11734
5.5428	14.399	0.0033203	0.11137
7.0091	14.399	0.00099494	0.10802
8.4754	14.399	-0.0019712	0.10624
9.9417	14.399	-0.0052193	0.10293
11.408	14.399	0	-0
12.874	14.399	0	-0
14.341	14.399	0	-0
15.807	14.399	0	-0
-14.985	12.933	0	-0
-13.519	12.933	0	-0
-12.053	12.933	0	-0
-10.587	12.933	0	-0
-9.1202	12.933	0	-0
-7.6539	12.933	0	-0
-6.1876	12.933	0	-0
-4.7213	12.933	0	-0
-3.255	12.933	0	-0
-1.7887	12.933	0.00096919	0.12504
-0.32241	12.933	0.0083392	0.12354
1.1439	12.933	0.0085905	0.11761
2.6102	12.933	0.0069265	0.11296
4.0765	12.933	0.0047692	0.10889
5.5428	12.933	0.001991	0.10485
7.0091	12.933	-7.7314e-005	0.10086
8.4754	12.933	-0.00334	0.098618
9.9417	12.933	-0.0068338	0.093915
11.408	12.933	0	-0
12.874	12.933	0	-0
14.341	12.933	0	-0
15.807	12.933	0	-0
-14.985	11.467	0	-0
-13.519	11.467	0	-0
-12.053	11.467	0	-0
-10.587	11.467	0	-0
-9.1202	11.467	0	-0
-7.6539	11.467	0	-0
-6.1876	11.467	0	-0
-4.7213	11.467	0	-0
-3.255	11.467	0	-0
-1.7887	11.467	0.0059466	0.11437
-0.32241	11.467	0.0086663	0.113
1.1439	11.467	0.0071282	0.10927
2.6102	11.467	0.0054317	0.10305
4.0765	11.467	0.0038772	0.096997
5.5428	11.467	0.00042246	0.094151
7.0091	11.467	-0.0029336	0.091532
8.4754	11.467	-0.006207	0.089499
9.9417	11.467	-0.008672	0.087158
11.408	11.467	0	-0
12.874	11.467	0	-0
14.341	11.467	0	-0
15.807	11.467	0	-0
-14.985	10	0	-0
-13.519	10	0	-0
-12.053	10	0	-0
-10.587	10	0	-0
-9.1202	10	0	-0
-7.6539	10	0	-0
-6.1876	10	0	-0
-4.7213	10	0	-0
-3.255	10	0	-0
-1.7887	10	0.0079008	0.10434
-0.32241	10	0.0099498	0.10176
1.1439	10	0.0042218	0.10091
2.6102	10	0.0018936	0.094035
4.0765	10	0.00070617	0.086533
5.5428	10	-0.0019349	0.082121
7.0091	10	-0.0065221	0.08077
8.4754	10	-0.0090728	0.080586
9.9417	10	-0.01024	0.079515
11.408	10	0	-0
12.874	10	0	-0
14.341	10	0	-0
15.807	10	0	-0
-14.985	8.534	0	-0
-13.519	8.534	0	-0
-12.053	8.534	0	-0
-10.587	8.534	0	-0
-9.1202	8.534	0	-0
-7.6539	8.534	0	-0
-6.1876	8.534	0	-0
-4.7213	8.534	0	-0
-3.255	8.534	0	-0
-1.7887	8.534	0.004952	0.088603
-0.32241	8.534	0.0086912	0.087524
1.1439	8.534	0.0021043	0.088373
2.6102	8.534	-0.0013443	0.084172
4.0765	8.534	-0.0029157	0.078736
5.5428	8.534	-0.0052322	0.073512
7.0091	8.534	-0.0083412	0.071797
8.4754	8.534	-0.011992	0.072466
9.9417	8.534	-0.01129	0.071203
11.408	8.534	0	-0
12.874	8.534	0	-0
14.341	8.534	0	-0
15.807	8.534	0	-0
-14.985	7.0677	0	-0
-13.519	7.0677	0	-0
-12.053	7.0677	0	-0
-10.587	7.0677	0	-0
-9.1202	7.0677	0	-0
-7.6539	7.0677	0	-0
-6.1876	7.0677	0	-0
-4.7213	7.0677	0	-0
-3.255	7.0677	0	-0
-1.7887	7.0677	0.0046391	0.074175
-0.32241	7.0677	0.010009	0.070576
1.1439	7.0677	0.0040208	0.071002
2.6102	7.0677	-0.00069685	0.071626
4.0765	7.0677	-0.0045511	0.068804
5.5428	7.0677	-0.0068246	0.065292
7.0091	7.0677	-0.010421	0.061544
8.4754	7.0677	-0.016212	0.06213
9.9417	7.0677	-0.011584	0.061676
11.408	7.0677	0	-0
12.874	7.0677	0	-0
14.341	7.0677	0	-0
15.807	7.0677	0	-0
-14.985	5.6014	0	-0
-13.519	5.6014	0	-0
-12.053	5.6014	0	-0
-10.587	5.6014	0	-0
-9.1202	5.6014	0	-0
-7.6539	5.6014	0	-0
-6.1876	5.6014	0	-0
-4.7213	5.6014	0	-0
-3.255	5.6014	0	-0
-1.7887	5.6014	8.0684e-005	0.05492
-0.32241	5.6014	0.014101	0.052606
1.1439	5.6014	0.011338	0.050703
2.6102	5.6014	0.003251	0.052654
4.0765	5.6014	-0.0044117	0.054348
5.5428	5.6014	-0.009037	0.053569
7.0091	5.6014	-0.014787	0.049873
8.4754	5.6014	-0.018262	0.047885
9.9417	5.6014	-0.011664	0.048222
11.408	5.6014	0	-0
12.874	5.6014	0	-0
14.341	5.6014	0	-0
15.807	5.6014	0	-0
-14.985	4.1351	0	-0
-13.519	4.1351	0	-0
-12.053	4.1351	0	-0
-10.587	4.1351	0	-0
-9.1202	4.1351	0	-0
-7.6539	4.1351	0	-0
-6.1876	4.1351	0	-0
-4.7213	4.1351	0	-0
-3.255	4.1351	0	-0
-1.7887	4.1351	0.011509	0.039659
-0.32241	4.1351	0.017584	0.0376
1.1439	4.1351	0.014964	0.034105
2.6102	4.1351	0.0066734	0.033297
4.0765	4.1351	-0.00048248	0.035366
5.5428	4.1351	-0.0074803	0.035523
7.0091	4.1351	-0.015391	0.035772
8.4754	4.1351	-0.019783	0.034286
9.9417	4.1351	-0.017253	0.034276
11.408	4.1351	0	-0
12.874	4.1351	0	-0
14.341	4.1351	0	-0
15.807	4.1351	0	-0
-14.985	2.6688	0	-0
-13.519	2.6688	0	-0
-12.053	2.6688	0	-0
-10.587	2.6688	0	-0
-9.1202	2.6688	0	-0
-7.6539	2.6688	0	-0
-6.1876	2.6688	0	-0
-4.7213	2.6688	0	-0
-3.255	2.6688	0	-0
-1.7887	2.6688	0.01007	0.029158
-0.32241	2.6688	0.017707	0.025057
1.1439	2.6688	0.015488	0.021168
2.6102	2.6688	0.0095504	0.018988
4.0765	2.6688	0.0042184	0.019309
5.5428	2.6688	-0.0021562	0.019307
7.0091	2.6688	-0.0099426	0.017771
8.4754	2.6688	-0.016641	0.015918
9.9417	2.6688	-0.018404	0.014523
11.408	2.6688	0	-0
12.874	2.6688	0	-0
14.341	2.6688	0	-0
15.807	2.6688	0	-0
-14.985	1.2025	0	-0
-13.519	1.2025	0	-0
-12.053	1.2025	0	-0
-10.587	1.2025	0	-0
-9.1202	1.2025	0	-0
-7.6539	1.2025	0	-0
-6.1876	1.2025	0	-0
-4.7213	1.2025	0	-0
-3.255	1.2025	0	-0
-1.7887	1.2025	0.013035	0.018732
-0.32241	1.2025	0.017548	0.01507
1.1439	1.2025	0.013285	0.011374
2.6102	1.2025	0.0093077	0.0079673
4.0765	1.2025	0.0049552	0.006024
5.5428	1.2025	0.00030548	0.0046888
7.0091	1.2025	-0.0078042	0.0015689
8.4754	1.2025	-0.016398	-0.0032465
9.9417	1.2025	-0.017224	-0.0048932
11.408	1.2025	0	-0
12.874	1.2025	0	-0
14.341	1.2025	0	-0
15.807	1.2025	0	-0
-14.985	-0.2638	0	-0
-13.519	-0.2638	0	-0
-12.053	-0.2638	0	-0
-10.587	-0.2638	0	-0
-9.1202	-0.2638	0	-0
-7.6539	-0.2638	0	-0
-6.1876	-0.2638	0	-0
-4.7213	-0.2638	0	-0
-3.255	-0.2638	0	-0
-1.7887	-0.2638	0.012007	0.0097012
-0.32241	-0.2638	0.012455	0.0052002
1.1439	-0.2638	0.010577	0.0015014
2.6102	-0.2638	0.0067658	-0.0026099
4.0765	-0.2638	0.0017215	-0.0056471
5.5428	-0.2638	-0.0043224	-0.0090965
7.0091	-0.2638	-0.012018	-0.015277
8.4754	-0.2638	-0.01703	-0.01731
9.9417	-0.2638	-0.013076	-0.017878
11.408	-0.2638	0	-0
12.874	-0.2638	0	-0
14.341	-0.2638	0	-0
15.807	-0.2638	0	-0
-14.985	-1.7301	0	-0
-13.519	-1.7301	0	-0
-12.053	-1.7301	0	-0
-10.587	-1.7301	0	-0
-9.1202	-1.7301	0	-0
-7.6539	-1.7301	0	-0
-6.1876	-1.7301	0	-0
-4.7213	-1.7301	0	-0
-3.255	-1.7301	0	-0
-1.7887	-1.7301	0.0048735	0.0002795
-0.32241	-1.7301	0.0091203	-0.0042731
1.1439	-1.7301	0.007389	-0.0076261
2.6102	-1.7301	0.0012393	-0.014147
4.0765	-1.7301	-0.004971	-0.018188
5.5428	-1.7301	-0.011084	-0.021456
7.0091	-1.7301	-0.016017	-0.026206
8.4754	-1.7301	-0.019327	-0.028552
9.9417	-1.7301	-0.015624	-0.028979
11.408	-1.7301	0	-0
12.874	-1.7301	0	-0
14.341	-1.7301	0	-0
15.807	-1.7301	0	-0
-14.985	-3.1964	0	-0
-13.519	-3.1964	0	-0
-12.053	-3.1964	0	-0
-10.587	-3.1964	0	-0
-9.1202	-3.1964	0	-0
-7.6539	-3.1964	0	-0
-6.1876	-3.1964	0	-0
-4.7213	-3.1964	0	-0
-3.255	-3.1964	0	-0
-1.7887	-3.1964	0.0030891	-0.0090945
-0.32241	-3.1964	0.0057912	-0.012744
1.1439	-3.1964	0.0025342	-0.01612
2.6102	-3.1964	-0.0042486	-0.026421
4.0765	-3.1964	-0.0098814	-0.032258
5.5428	-3.1964	-0.015021	-0.035189
7.0091	-3.1964	-0.018838	-0.038218
8.4754	-3.1964	-0.022276	-0.040831
9.9417	-3.1964	-0.018352	-0.041364
11.408	-3.1964	0	-0
12.874	-3.1964	0	-0
14.341	-3.1964	0	-0
15.807	-3.1964	0	-0
-14.985	-4.6627	0	-0
-13.519	-4.6627	0	-0
-12.053	-4.6627	0	-0
-10.587	-4.6627	0	-0
-9.1202	-4.6627	0	-0
-7.6539	-4.6627	0	-0
-6.1876	-4.6627	0	-0
-4.7213	-4.6627	0	-0
-3.255	-4.6627	0	-0
-1.7887	-4.6627	0.0045316	-0.017382
-0.32241	-4.6627	0.0037796	-0.021724
1.1439	-4.6627	7.7066e-005	-0.02927
2.6102	-4.6627	-0.0063902	-0.039699
4.0765	-4.6627	-0.0118	-0.045287
5.5428	-4.6627	-0.015703	-0.049179
7.0091	-4.6627	-0.020381	-0.053565
8.4754	-4.6627	-0.02468	-0.060186
9.9417	-4.6627	-0.019304	-0.063654
11.408	-4.6627	0	-0
12.874	-4.6627	0	-0
14.341	-4.6627	0	-0
15.807	-4.6627	0	-0
-14.985	-6.129	0	-0
-13.519	-6.129	0	-0
-12.053	-6.129	0	-0
-10.587	-6.129	0	-0
-9.1202	-6.129	0	-0
-7.6539	-6.129	0	-0
-6.1876	-6.129	0	-0
-4.7213	-6.129	0	-0
-3.255	-6.129	0	-0
-1.7887	-6.129	-0.00021831	-0.02761
-0.32241	-6.129	0.0012127	-0.033154
1.1439	-6.129	-0.0045351	-0.042239
2.6102	-6.129	-0.0092031	-0.053791
4.0765	-6.129	-0.01309	-0.060119
5.5428	-6.129	-0.016382	-0.066626
7.0091	-6.129	-0.021211	-0.073504
8.4754	-6.129	-0.025993	-0.083114
9.9417	-6.129	-0.018655	-0.092744
11.408	-6.129	0	-0
12.874	-6.129	0	-0
14.341	-6.129	0	-0
15.807	-6.129	0	-0
-14.985	-7.5953	0	-0
-13.519	-7.5953	0	-0
-12.053	-7.5953	0	-0
-10.587	-7.5953	0	-0
-9.1202	-7.5953	0	-0
-7.6539	-7.5953	0	-0
-6.1876	-7.5953	0	-0
-4.7213	-7.5953	0	-0
-3.255	-7.5953	0	-0
-1.7887	-7.5953	-0.0067939	-0.030891
-0.32241	-7.5953	-0.0082571	-0.042645
1.1439	-7.5953	-0.012872	-0.054515
2.6102	-7.5953	-0.016326	-0.065957
4.0765	-7.5953	-0.017264	-0.074468
5.5428	-7.5953	-0.020351	-0.086315
7.0091	-7.5953	-0.027197	-0.10091
8.4754	-7.5953	-0.029526	-0.11364
9.9417	-7.5953	-0.015556	-0.12885
11.408	-7.5953	0	-0
12.874	-7.5953	0	-0
14.341	-7.5953	0	-0
15.807	-7.5953	0	-0
-14.985	-9.0616	0	-0
-13.519	-9.0616	0	-0
-12.053	-9.0616	0	-0
-10.587	-9.0616	0	-0
-9.1202	-9.0616	0	-0
-7.6539	-9.0616	0	-0
-6.1876	-9.0616	0	-0
-4.7213	-9.0616	0	-0
-3.255	-9.0616	0	-0
-1.7887	-9.0616	0	-0
-0.32241	-9.0616	-0.021463	-0.047081
1.1439	-9.0616	-0.023774	-0.061969
2.6102	-9.0616	-0.025613	-0.076483
4.0765	-9.0616	-0.027514	-0.090319
5.5428	-9.0616	-0.033729	-0.10849
7.0091	-9.0616	-0.038352	-0.12552
8.4754	-9.0616	-0.0412	-0.14238
9.9417	-9.0616	-0.023618	-0.16011
11.408	-9.0616	0	-0
12.874	-9.0616	0	-0
14.341	-9.0616	0	-0
15.807	-9.0616	0	-0
-14.985	-10.528	0	-0
-13.519	-10.528	0	-0
-12.053	-10.528	0	-0
-10.587	-10.528	0	-0
-9.1202	-10.528	0	-0
-7.6539	-10.528	0	-0
-6.1876	-10.528	0	-0
-4.7213	-10.528	0	-0
-3.255	-10.528	0	-0
-1.7887	-10.528	0	-0
-0.32241	-10.528	-0.038677	-0.053804
1.1439	-10.528	-0.041522	-0.070966
2.6102	-10.528	-0.043693	-0.087894
4.0765	-10.528	-0.048377	-0.10797
5.5428	-10.528	-0.05214	-0.12958
7.0091	-10.528	-0.054511	-0.15217
8.4754	-10.528	-0.060468	-0.17278
9.9417	-10.528	-0.038958	-0.1993
11.408	-10.528	0	-0
12.874	-10.528	0	-0
14.341	-10.528	0	-0
15.807	-10.528	0	-0
-14.985	-11.994	0	-0
-13.519	-11.994	0	-0
-12.053	-11.994	0	-0
-10.587	-11.994	0	-0
-9.1202	-11.994	0	-0
-7.6539	-11.994	0	-0
-6.1876	-11.994	0	-0
-4.7213	-11.994	0	-0
-3.255	-11.994	0	-0
-1.7887	-11.994	0	-0
-0.32241	-11.994	0	-0
1.1439	-11.994	0	-0
2.6102	-11.994	0	-0
4.0765	-11.994	0	-0
5.5428	-11.994	0	-0
7.0091	-11.994	0	-0
8.4754	-11.994	0	-0
9.9417	-11.994	0	-0
11.408	-11.994	0	-0
12.874	-11.994	0	-0
14.341	-11.994	0	-0
15.807	-11.994	0	-0
