#DaVis 7.4.0 2D-vector 96 22 22 "" "[mm]" "" "[mm]" "displacement" "[mm]"
-14.985	18.798	0	-0
-13.519	18.798	0	-0
-12.053	18.798	0	-0
-10.587	18.798	0	-0
-9.1202	18.798	0	-0
-7.6539	18.798	0	-0
-6.1876	18.798	0	-0
-4.7213	18.798	0	-0
-3.255	18.798	0	-0
-1.7887	18.798	0	-0
-0.32241	18.798	0.025701	0.13203
1.1439	18.798	0.018602	-0.64747
2.6102	18.798	-0.36064	0.15821
4.0765	18.798	0.53729	0.8093
5.5428	18.798	-0.73198	0.81824
7.0091	18.798	-0.89682	0.14607
8.4754	18.798	0.014692	1.0155
9.9417	18.798	-0.85516	-0.26618
11.408	18.798	0	-0
12.874	18.798	0	-0
14.341	18.798	0	-0
15.807	18.798	0	-0
-14.985	17.332	0	-0
-13.519	17.332	0	-0
-12.053	17.332	0	-0
-10.587	17.332	0	-0
-9.1202	17.332	0	-0
-7.6539	17.332	0	-0
-6.1876	17.332	0	-0
-4.7213	17.332	0	-0
-3.255	17.332	0	-0
-1.7887	17.332	0.024693	0.18092
-0.32241	17.332	0.027368	0.17913
1.1439	17.332	0.026211	0.16893
2.6102	17.332	0.024735	0.17838
4.0765	17.332	0.014599	-0.45668
5.5428	17.332	-0.53502	-0.42469
7.0091	17.332	0.013731	0.14019
8.4754	17.332	0.010662	0.14327
9.9417	17.332	0.006134	0.1278
11.408	17.332	0	-0
12.874	17.332	0	-0
14.341	17.332	0	-0
15.807	17.332	0	-0
-14.985	15.866	0	-0
-13.519	15.866	0	-0
-12.053	15.866	0	-0
-10.587	15.866	0	-0
-9.1202	15.866	0	-0
-7.6539	15.866	0	-0
-6.1876	15.866	0	-0
-4.7213	15.866	0	-0
-3.255	15.866	0	-0
-1.7887	15.866	0.012724	0.17104
-0.32241	15.866	0.022839	0.16748
1.1439	15.866	0.021935	0.16121
2.6102	15.866	0.019313	0.15353
4.0765	15.866	0.016351	0.14688
5.5428	15.866	0.013978	0.14049
7.0091	15.866	0.011226	0.13373
8.4754	15.866	0.0077202	0.12809
9.9417	15.866	0.0039967	0.12399
11.408	15.866	0	-0
12.874	15.866	0	-0
14.341	15.866	0	-0
15.807	15.866	0	-0
-14.985	14.399	0	-0
-13.519	14.399	0	-0
-12.053	14.399	0	-0
-10.587	14.399	0	-0
-9.1202	14.399	0	-0
-7.6539	14.399	0	-0
-6.1876	14.399	0	-0
-4.7213	14.399	0	-0
-3.255	14.399	0	-0
-1.7887	14.399	0.0088892	0.16523
-0.32241	14.399	0.016775	0.16067
1.1439	14.399	0.016468	0.15376
2.6102	14.399	0.014613	0.14691
4.0765	14.399	0.012303	0.14013
5.5428	14.399	0.010327	0.13236
7.0091	14.399	0.007799	0.12536
8.4754	14.399	0.0045472	0.12145
9.9417	14.399	0.00091469	0.11611
11.408	14.399	0	-0
12.874	14.399	0	-0
14.341	14.399	0	-0
15.807	14.399	0	-0
-14.985	12.933	0	-0
-13.519	12.933	0	-0
-12.053	12.933	0	-0
-10.587	12.933	0	-0
-9.1202	12.933	0	-0
-7.6539	12.933	0	-0
-6.1876	12.933	0	-0
-4.7213	12.933	0	-0
-3.255	12.933	0	-0
-1.7887	12.933	0.00032319	0.15589
-0.32241	12.933	0.01351	0.15141
1.1439	12.933	0.013972	0.14496
2.6102	12.933	0.012147	0.13763
4.0765	12.933	0.0099213	0.13122
5.5428	12.933	0.0069043	0.12529
7.0091	12.933	0.0045331	0.11956
8.4754	12.933	0.0011331	0.11374
9.9417	12.933	-0.0026149	0.10852
11.408	12.933	0	-0
12.874	12.933	0	-0
14.341	12.933	0	-0
15.807	12.933	0	-0
-14.985	11.467	0	-0
-13.519	11.467	0	-0
-12.053	11.467	0	-0
-10.587	11.467	0	-0
-9.1202	11.467	0	-0
-7.6539	11.467	0	-0
-6.1876	11.467	0	-0
-4.7213	11.467	0	-0
-3.255	11.467	0	-0
-1.7887	11.467	0.0034205	0.14384
-0.32241	11.467	0.012343	0.14121
1.1439	11.467	0.010483	0.13543
2.6102	11.467	0.0086954	0.12679
4.0765	11.467	0.0069761	0.11929
5.5428	11.467	0.0030748	0.11442
7.0091	11.467	-0.00038594	0.10994
8.4754	11.467	-0.003803	0.10621
9.9417	11.467	-0.0064397	0.10169
11.408	11.467	0	-0
12.874	11.467	0	-0
14.341	11.467	0	-0
15.807	11.467	0	-0
-14.985	10	0	-0
-13.519	10	0	-0
-12.053	10	0	-0
-10.587	10	0	-0
-9.1202	10	0	-0
-7.6539	10	0	-0
-6.1876	10	0	-0
-4.7213	10	0	-0
-3.255	10	0	-0
-1.7887	10	0.011847	0.13096
-0.32241	10	0.012795	0.12805
1.1439	10	0.0057311	0.12634
2.6102	10	0.0031125	0.1175
4.0765	10	0.002083	0.10786
5.5428	10	-0.0010208	0.10186
7.0091	10	-0.0058657	0.099094
8.4754	10	-0.0086427	0.097184
9.9417	10	-0.0093882	0.094175
11.408	10	0	-0
12.874	10	0	-0
14.341	10	0	-0
15.807	10	0	-0
-14.985	8.534	0	-0
-13.519	8.534	0	-0
-12.053	8.534	0	-0
-10.587	8.534	0	-0
-9.1202	8.534	0	-0
-7.6539	8.534	0	-0
-6.1876	8.534	0	-0
-4.7213	8.534	0	-0
-3.255	8.534	0	-0
-1.7887	8.534	0.0071632	0.11121
-0.32241	8.534	0.010943	0.10992
1.1439	8.534	0.0021617	0.11101
2.6102	8.534	-0.0016251	0.10617
4.0765	8.534	-0.003263	0.099314
5.5428	8.534	-0.0056982	0.09267
7.0091	8.534	-0.0093476	0.08975
8.4754	8.534	-0.013245	0.088901
9.9417	8.534	-0.0099494	0.085701
11.408	8.534	0	-0
12.874	8.534	0	-0
14.341	8.534	0	-0
15.807	8.534	0	-0
-14.985	7.0677	0	-0
-13.519	7.0677	0	-0
-12.053	7.0677	0	-0
-10.587	7.0677	0	-0
-9.1202	7.0677	0	-0
-7.6539	7.0677	0	-0
-6.1876	7.0677	0	-0
-4.7213	7.0677	0	-0
-3.255	7.0677	0	-0
-1.7887	7.0677	-0.0014333	0.091289
-0.32241	7.0677	0.012791	0.087937
1.1439	7.0677	0.0047331	0.088659
2.6102	7.0677	-0.00075541	0.090829
4.0765	7.0677	-0.0053502	0.087481
5.5428	7.0677	-0.0082068	0.083681
7.0091	7.0677	-0.012331	0.078676
8.4754	7.0677	-0.018869	0.077933
9.9417	7.0677	-0.014078	0.075718
11.408	7.0677	0	-0
12.874	7.0677	0	-0
14.341	7.0677	0	-0
15.807	7.0677	0	-0
-14.985	5.6014	0	-0
-13.519	5.6014	0	-0
-12.053	5.6014	0	-0
-10.587	5.6014	0	-0
-9.1202	5.6014	0	-0
-7.6539	5.6014	0	-0
-6.1876	5.6014	0	-0
-4.7213	5.6014	0	-0
-3.255	5.6014	0	-0
-1.7887	5.6014	0.0043727	0.068421
-0.32241	5.6014	0.017509	0.066239
1.1439	5.6014	0.014297	0.064308
2.6102	5.6014	0.0045883	0.067706
4.0765	5.6014	-0.0046903	0.070073
5.5428	5.6014	-0.010916	0.070041
7.0091	5.6014	-0.017781	0.065442
8.4754	5.6014	-0.021993	0.062007
9.9417	5.6014	-0.015554	0.060827
11.408	5.6014	0	-0
12.874	5.6014	0	-0
14.341	5.6014	0	-0
15.807	5.6014	0	-0
-14.985	4.1351	0	-0
-13.519	4.1351	0	-0
-12.053	4.1351	0	-0
-10.587	4.1351	0	-0
-9.1202	4.1351	0	-0
-7.6539	4.1351	0	-0
-6.1876	4.1351	0	-0
-4.7213	4.1351	0	-0
-3.255	4.1351	0	-0
-1.7887	4.1351	0.016097	0.050574
-0.32241	4.1351	0.021461	0.048143
1.1439	4.1351	0.018508	0.043898
2.6102	4.1351	0.0084679	0.043882
4.0765	4.1351	-0.00082109	0.047437
5.5428	4.1351	-0.009699	0.048061
7.0091	4.1351	-0.019437	0.048499
8.4754	4.1351	-0.024698	0.04591
9.9417	4.1351	-0.022695	0.044435
11.408	4.1351	0	-0
12.874	4.1351	0	-0
14.341	4.1351	0	-0
15.807	4.1351	0	-0
-14.985	2.6688	0	-0
-13.519	2.6688	0	-0
-12.053	2.6688	0	-0
-10.587	2.6688	0	-0
-9.1202	2.6688	0	-0
-7.6539	2.6688	0	-0
-6.1876	2.6688	0	-0
-4.7213	2.6688	0	-0
-3.255	2.6688	0	-0
-1.7887	2.6688	0.013483	0.038476
-0.32241	2.6688	0.020761	0.03377
1.1439	2.6688	0.018047	0.028999
2.6102	2.6688	0.011025	0.026462
4.0765	2.6688	0.0040196	0.027236
5.5428	2.6688	-0.0039857	0.027621
7.0091	2.6688	-0.013789	0.026041
8.4754	2.6688	-0.02211	0.023336
9.9417	2.6688	-0.025754	0.02054
11.408	2.6688	0	-0
12.874	2.6688	0	-0
14.341	2.6688	0	-0
15.807	2.6688	0	-0
-14.985	1.2025	0	-0
-13.519	1.2025	0	-0
-12.053	1.2025	0	-0
-10.587	1.2025	0	-0
-9.1202	1.2025	0	-0
-7.6539	1.2025	0	-0
-6.1876	1.2025	0	-0
-4.7213	1.2025	0	-0
-3.255	1.2025	0	-0
-1.7887	1.2025	0.015816	0.026375
-0.32241	1.2025	0.019954	0.022146
1.1439	1.2025	0.014644	0.018051
2.6102	1.2025	0.010136	0.01371
4.0765	1.2025	0.0047141	0.011238
5.5428	1.2025	-0.0012947	0.0098622
7.0091	1.2025	-0.012037	0.0060443
8.4754	1.2025	-0.022881	-0.00012676
9.9417	1.2025	-0.025365	-0.0030922
11.408	1.2025	0	-0
12.874	1.2025	0	-0
14.341	1.2025	0	-0
15.807	1.2025	0	-0
-14.985	-0.2638	0	-0
-13.519	-0.2638	0	-0
-12.053	-0.2638	0	-0
-10.587	-0.2638	0	-0
-9.1202	-0.2638	0	-0
-7.6539	-0.2638	0	-0
-6.1876	-0.2638	0	-0
-4.7213	-0.2638	0	-0
-3.255	-0.2638	0	-0
-1.7887	-0.2638	0.013553	0.017314
-0.32241	-0.2638	0.013565	0.011982
1.1439	-0.2638	0.010833	0.0072381
2.6102	-0.2638	0.0064218	0.0016145
4.0765	-0.2638	0.0006989	-0.0024907
5.5428	-0.2638	-0.0072036	-0.0072669
7.0091	-0.2638	-0.017297	-0.01488
8.4754	-0.2638	-0.023597	-0.016735
9.9417	-0.2638	-0.020579	-0.017289
11.408	-0.2638	0	-0
12.874	-0.2638	0	-0
14.341	-0.2638	0	-0
15.807	-0.2638	0	-0
-14.985	-1.7301	0	-0
-13.519	-1.7301	0	-0
-12.053	-1.7301	0	-0
-10.587	-1.7301	0	-0
-9.1202	-1.7301	0	-0
-7.6539	-1.7301	0	-0
-6.1876	-1.7301	0	-0
-4.7213	-1.7301	0	-0
-3.255	-1.7301	0	-0
-1.7887	-1.7301	0.0053121	0.007279
-0.32241	-1.7301	0.0090983	0.0015513
1.1439	-1.7301	0.0068941	-0.0028808
2.6102	-1.7301	-0.00030589	-0.011565
4.0765	-1.7301	-0.0075027	-0.017592
5.5428	-1.7301	-0.015042	-0.022336
7.0091	-1.7301	-0.021468	-0.027639
8.4754	-1.7301	-0.025396	-0.029152
9.9417	-1.7301	-0.022546	-0.029084
11.408	-1.7301	0	-0
12.874	-1.7301	0	-0
14.341	-1.7301	0	-0
15.807	-1.7301	0	-0
-14.985	-3.1964	0	-0
-13.519	-3.1964	0	-0
-12.053	-3.1964	0	-0
-10.587	-3.1964	0	-0
-9.1202	-3.1964	0	-0
-7.6539	-3.1964	0	-0
-6.1876	-3.1964	0	-0
-4.7213	-3.1964	0	-0
-3.255	-3.1964	0	-0
-1.7887	-3.1964	0.0043074	-0.0028124
-0.32241	-3.1964	0.0050095	-0.0074522
1.1439	-3.1964	0.00063248	-0.012469
2.6102	-3.1964	-0.0073313	-0.025348
4.0765	-3.1964	-0.014065	-0.033871
5.5428	-3.1964	-0.019861	-0.037607
7.0091	-3.1964	-0.023989	-0.040308
8.4754	-3.1964	-0.02773	-0.042418
9.9417	-3.1964	-0.023761	-0.042044
11.408	-3.1964	0	-0
12.874	-3.1964	0	-0
14.341	-3.1964	0	-0
15.807	-3.1964	0	-0
-14.985	-4.6627	0	-0
-13.519	-4.6627	0	-0
-12.053	-4.6627	0	-0
-10.587	-4.6627	0	-0
-9.1202	-4.6627	0	-0
-7.6539	-4.6627	0	-0
-6.1876	-4.6627	0	-0
-4.7213	-4.6627	0	-0
-3.255	-4.6627	0	-0
-1.7887	-4.6627	0.0048354	-0.012506
-0.32241	-4.6627	0.0029284	-0.017999
1.1439	-4.6627	-0.0027003	-0.026876
2.6102	-4.6627	-0.010325	-0.040548
4.0765	-4.6627	-0.016639	-0.047909
5.5428	-4.6627	-0.020311	-0.052192
7.0091	-4.6627	-0.025206	-0.056664
8.4754	-4.6627	-0.029439	-0.063648
9.9417	-4.6627	-0.0235	-0.066543
11.408	-4.6627	0	-0
12.874	-4.6627	0	-0
14.341	-4.6627	0	-0
15.807	-4.6627	0	-0
-14.985	-6.129	0	-0
-13.519	-6.129	0	-0
-12.053	-6.129	0	-0
-10.587	-6.129	0	-0
-9.1202	-6.129	0	-0
-7.6539	-6.129	0	-0
-6.1876	-6.129	0	-0
-4.7213	-6.129	0	-0
-3.255	-6.129	0	-0
-1.7887	-6.129	-0.0013697	-0.023797
-0.32241	-6.129	3.2562e-005	-0.030914
1.1439	-6.129	-0.0073844	-0.042436
2.6102	-6.129	-0.013325	-0.056386
4.0765	-6.129	-0.017539	-0.063681
5.5428	-6.129	-0.02082	-0.071173
7.0091	-6.129	-0.025735	-0.078859
8.4754	-6.129	-0.030926	-0.089121
9.9417	-6.129	-0.022848	-0.099675
11.408	-6.129	0	-0
12.874	-6.129	0	-0
14.341	-6.129	0	-0
15.807	-6.129	0	-0
-14.985	-7.5953	0	-0
-13.519	-7.5953	0	-0
-12.053	-7.5953	0	-0
-10.587	-7.5953	0	-0
-9.1202	-7.5953	0	-0
-7.6539	-7.5953	0	-0
-6.1876	-7.5953	0	-0
-4.7213	-7.5953	0	-0
-3.255	-7.5953	0	-0
-1.7887	-7.5953	-0.0072342	-0.032471
-0.32241	-7.5953	-0.01137	-0.041074
1.1439	-7.5953	-0.016955	-0.056598
2.6102	-7.5953	-0.021045	-0.070442
4.0765	-7.5953	-0.022019	-0.080264
5.5428	-7.5953	-0.025148	-0.093753
7.0091	-7.5953	-0.032712	-0.11039
8.4754	-7.5953	-0.035133	-0.12504
9.9417	-7.5953	-0.020913	-0.14056
11.408	-7.5953	0	-0
12.874	-7.5953	0	-0
14.341	-7.5953	0	-0
15.807	-7.5953	0	-0
-14.985	-9.0616	0	-0
-13.519	-9.0616	0	-0
-12.053	-9.0616	0	-0
-10.587	-9.0616	0	-0
-9.1202	-9.0616	0	-0
-7.6539	-9.0616	0	-0
-6.1876	-9.0616	0	-0
-4.7213	-9.0616	0	-0
-3.255	-9.0616	0	-0
-1.7887	-9.0616	0	-0
-0.32241	-9.0616	-0.026289	-0.046058
1.1439	-9.0616	-0.029684	-0.065259
2.6102	-9.0616	-0.03212	-0.083145
4.0765	-9.0616	-0.034089	-0.099175
5.5428	-9.0616	-0.041241	-0.12006
7.0091	-9.0616	-0.046443	-0.13977
8.4754	-9.0616	-0.049326	-0.1593
9.9417	-9.0616	-0.030647	-0.17966
11.408	-9.0616	0	-0
12.874	-9.0616	0	-0
14.341	-9.0616	0	-0
15.807	-9.0616	0	-0
-14.985	-10.528	0	-0
-13.519	-10.528	0	-0
-12.053	-10.528	0	-0
-10.587	-10.528	0	-0
-9.1202	-10.528	0	-0
-7.6539	-10.528	0	-0
-6.1876	-10.528	0	-0
-4.7213	-10.528	0	-0
-3.255	-10.528	0	-0
-1.7887	-10.528	0	-0
-0.32241	-10.528	-0.047032	-0.054044
1.1439	-10.528	-0.050844	-0.07591
2.6102	-10.528	-0.053421	-0.096479
4.0765	-10.528	-0.058905	-0.1204
5.5428	-10.528	-0.064212	-0.14601
7.0091	-10.528	-0.066594	-0.17179
8.4754	-10.528	-0.073144	-0.19536
9.9417	-10.528	-0.050263	-0.22618
11.408	-10.528	0	-0
12.874	-10.528	0	-0
14.341	-10.528	0	-0
15.807	-10.528	0	-0
-14.985	-11.994	0	-0
-13.519	-11.994	0	-0
-12.053	-11.994	0	-0
-10.587	-11.994	0	-0
-9.1202	-11.994	0	-0
-7.6539	-11.994	0	-0
-6.1876	-11.994	0	-0
-4.7213	-11.994	0	-0
-3.255	-11.994	0	-0
-1.7887	-11.994	0	-0
-0.32241	-11.994	0	-0
1.1439	-11.994	0	-0
2.6102	-11.994	0	-0
4.0765	-11.994	0	-0
5.5428	-11.994	0	-0
7.0091	-11.994	0	-0
8.4754	-11.994	0	-0
9.9417	-11.994	0	-0
11.408	-11.994	0	-0
12.874	-11.994	0	-0
14.341	-11.994	0	-0
15.807	-11.994	0	-0
