#DaVis 7.4.0 2D-vector 96 22 22 "" "[mm]" "" "[mm]" "displacement" "[mm]"
-14.985	18.798	0	-0
-13.519	18.798	0	-0
-12.053	18.798	0	-0
-10.587	18.798	0	-0
-9.1202	18.798	0	-0
-7.6539	18.798	0	-0
-6.1876	18.798	0	-0
-4.7213	18.798	0	-0
-3.255	18.798	0	-0
-1.7887	18.798	0	-0
-0.32241	18.798	0.0083132	-0.5432
1.1439	18.798	0.0060913	-0.5244
2.6102	18.798	0.87485	0.47388
4.0765	18.798	-0.083661	-0.59412
5.5428	18.798	-0.45621	-0.66831
7.0091	18.798	-0.57858	0.65488
8.4754	18.798	0.00032593	0.71931
9.9417	18.798	-0.82209	0.22893
11.408	18.798	0	-0
12.874	18.798	0	-0
14.341	18.798	0	-0
15.807	18.798	0	-0
-14.985	17.332	0	-0
-13.519	17.332	0	-0
-12.053	17.332	0	-0
-10.587	17.332	0	-0
-9.1202	17.332	0	-0
-7.6539	17.332	0	-0
-6.1876	17.332	0	-0
-4.7213	17.332	0	-0
-3.255	17.332	0	-0
-1.7887	17.332	0.012643	0.11865
-0.32241	17.332	0.0092173	0.11286
1.1439	17.332	0.0064333	0.10518
2.6102	17.332	0.0049272	0.12004
4.0765	17.332	0.16208	-0.2999
5.5428	17.332	-0.52559	-0.31559
7.0091	17.332	-0.0045435	0.098304
8.4754	17.332	-0.0065392	0.10161
9.9417	17.332	-0.008901	0.099422
11.408	17.332	0	-0
12.874	17.332	0	-0
14.341	17.332	0	-0
15.807	17.332	0	-0
-14.985	15.866	0	-0
-13.519	15.866	0	-0
-12.053	15.866	0	-0
-10.587	15.866	0	-0
-9.1202	15.866	0	-0
-7.6539	15.866	0	-0
-6.1876	15.866	0	-0
-4.7213	15.866	0	-0
-3.255	15.866	0	-0
-1.7887	15.866	0.0098747	0.10724
-0.32241	15.866	0.0077267	0.10632
1.1439	15.866	0.005899	0.10367
2.6102	15.866	0.0034644	0.099978
4.0765	15.866	0.0012305	0.09757
5.5428	15.866	-0.0008767	0.095339
7.0091	15.866	-0.0027393	0.093101
8.4754	15.866	-0.0053698	0.092316
9.9417	15.866	-0.0048757	0.092675
11.408	15.866	0	-0
12.874	15.866	0	-0
14.341	15.866	0	-0
15.807	15.866	0	-0
-14.985	14.399	0	-0
-13.519	14.399	0	-0
-12.053	14.399	0	-0
-10.587	14.399	0	-0
-9.1202	14.399	0	-0
-7.6539	14.399	0	-0
-6.1876	14.399	0	-0
-4.7213	14.399	0	-0
-3.255	14.399	0	-0
-1.7887	14.399	0.0087567	0.10136
-0.32241	14.399	0.0063071	0.10067
1.1439	14.399	0.0044793	0.097985
2.6102	14.399	0.0027781	0.094997
4.0765	14.399	0.0012762	0.092325
5.5428	14.399	-8.3218e-005	0.088299
7.0091	14.399	-0.0021153	0.085722
8.4754	14.399	-0.00425	0.085865
9.9417	14.399	-0.0020498	0.084848
11.408	14.399	0	-0
12.874	14.399	0	-0
14.341	14.399	0	-0
15.807	14.399	0	-0
-14.985	12.933	0	-0
-13.519	12.933	0	-0
-12.053	12.933	0	-0
-10.587	12.933	0	-0
-9.1202	12.933	0	-0
-7.6539	12.933	0	-0
-6.1876	12.933	0	-0
-4.7213	12.933	0	-0
-3.255	12.933	0	-0
-1.7887	12.933	0.0089985	0.09507
-0.32241	12.933	0.0067671	0.092369
1.1439	12.933	0.005295	0.090294
2.6102	12.933	0.0045353	0.086623
4.0765	12.933	0.0026684	0.084074
5.5428	12.933	0.0002794	0.081835
7.0091	12.933	-0.0016845	0.080191
8.4754	12.933	-0.0045953	0.078304
9.9417	12.933	-0.0043435	0.076692
11.408	12.933	0	-0
12.874	12.933	0	-0
14.341	12.933	0	-0
15.807	12.933	0	-0
-14.985	11.467	0	-0
-13.519	11.467	0	-0
-12.053	11.467	0	-0
-10.587	11.467	0	-0
-9.1202	11.467	0	-0
-7.6539	11.467	0	-0
-6.1876	11.467	0	-0
-4.7213	11.467	0	-0
-3.255	11.467	0	-0
-1.7887	11.467	0.010656	0.085461
-0.32241	11.467	0.0076323	0.084427
1.1439	11.467	0.0058161	0.081761
2.6102	11.467	0.0051176	0.07777
4.0765	11.467	0.0035099	0.073427
5.5428	11.467	0.00061609	0.07195
7.0091	11.467	-0.0028942	0.070852
8.4754	11.467	-0.0059727	0.070275
9.9417	11.467	-0.0051195	0.069289
11.408	11.467	0	-0
12.874	11.467	0	-0
14.341	11.467	0	-0
15.807	11.467	0	-0
-14.985	10	0	-0
-13.519	10	0	-0
-12.053	10	0	-0
-10.587	10	0	-0
-9.1202	10	0	-0
-7.6539	10	0	-0
-6.1876	10	0	-0
-4.7213	10	0	-0
-3.255	10	0	-0
-1.7887	10	0.012109	0.077265
-0.32241	10	0.0092105	0.075261
1.1439	10	0.0045538	0.074514
2.6102	10	0.003397	0.06961
4.0765	10	0.002113	0.063892
5.5428	10	-0.00031828	0.060742
7.0091	10	-0.0050146	0.060575
8.4754	10	-0.007233	0.061461
9.9417	10	-0.0025609	0.061829
11.408	10	0	-0
12.874	10	0	-0
14.341	10	0	-0
15.807	10	0	-0
-14.985	8.534	0	-0
-13.519	8.534	0	-0
-12.053	8.534	0	-0
-10.587	8.534	0	-0
-9.1202	8.534	0	-0
-7.6539	8.534	0	-0
-6.1876	8.534	0	-0
-4.7213	8.534	0	-0
-3.255	8.534	0	-0
-1.7887	8.534	0.010913	0.06718
-0.32241	8.534	0.0083246	0.065394
1.1439	8.534	0.003642	0.065048
2.6102	8.534	0.0014137	0.061296
4.0765	8.534	-8.8804e-005	0.056889
5.5428	8.534	-0.0022935	0.05287
7.0091	8.534	-0.005662	0.052104
8.4754	8.534	-0.0088094	0.053936
9.9417	8.534	-0.0039892	0.054085
11.408	8.534	0	-0
12.874	8.534	0	-0
14.341	8.534	0	-0
15.807	8.534	0	-0
-14.985	7.0677	0	-0
-13.519	7.0677	0	-0
-12.053	7.0677	0	-0
-10.587	7.0677	0	-0
-9.1202	7.0677	0	-0
-7.6539	7.0677	0	-0
-6.1876	7.0677	0	-0
-4.7213	7.0677	0	-0
-3.255	7.0677	0	-0
-1.7887	7.0677	0.0096713	0.056587
-0.32241	7.0677	0.0089367	0.053573
1.1439	7.0677	0.0045418	0.052932
2.6102	7.0677	0.0011923	0.051646
4.0765	7.0677	-0.0016637	0.048587
5.5428	7.0677	-0.0035761	0.04556
7.0091	7.0677	-0.0067436	0.042925
8.4754	7.0677	-0.01175	0.044559
9.9417	7.0677	-0.0062594	0.045593
11.408	7.0677	0	-0
12.874	7.0677	0	-0
14.341	7.0677	0	-0
15.807	7.0677	0	-0
-14.985	5.6014	0	-0
-13.519	5.6014	0	-0
-12.053	5.6014	0	-0
-10.587	5.6014	0	-0
-9.1202	5.6014	0	-0
-7.6539	5.6014	0	-0
-6.1876	5.6014	0	-0
-4.7213	5.6014	0	-0
-3.255	5.6014	0	-0
-1.7887	5.6014	0.0035372	0.043048
-0.32241	5.6014	0.01181	0.039967
1.1439	5.6014	0.0081643	0.037621
2.6102	5.6014	0.0028551	0.037522
4.0765	5.6014	-0.0024895	0.037617
5.5428	5.6014	-0.0056328	0.036053
7.0091	5.6014	-0.010079	0.033385
8.4754	5.6014	-0.012769	0.032539
9.9417	5.6014	-0.0054585	0.034242
11.408	5.6014	0	-0
12.874	5.6014	0	-0
14.341	5.6014	0	-0
15.807	5.6014	0	-0
-14.985	4.1351	0	-0
-13.519	4.1351	0	-0
-12.053	4.1351	0	-0
-10.587	4.1351	0	-0
-9.1202	4.1351	0	-0
-7.6539	4.1351	0	-0
-6.1876	4.1351	0	-0
-4.7213	4.1351	0	-0
-3.255	4.1351	0	-0
-1.7887	4.1351	0.010703	0.030181
-0.32241	4.1351	0.013851	0.027713
1.1439	4.1351	0.010954	0.024634
2.6102	4.1351	0.0054234	0.023032
4.0765	4.1351	0.00080393	0.023255
5.5428	4.1351	-0.0040677	0.022291
7.0091	4.1351	-0.010044	0.022064
8.4754	4.1351	-0.013231	0.021316
9.9417	4.1351	-0.009796	0.022324
11.408	4.1351	0	-0
12.874	4.1351	0	-0
14.341	4.1351	0	-0
15.807	4.1351	0	-0
-14.985	2.6688	0	-0
-13.519	2.6688	0	-0
-12.053	2.6688	0	-0
-10.587	2.6688	0	-0
-9.1202	2.6688	0	-0
-7.6539	2.6688	0	-0
-6.1876	2.6688	0	-0
-4.7213	2.6688	0	-0
-3.255	2.6688	0	-0
-1.7887	2.6688	0.010233	0.019668
-0.32241	2.6688	0.015459	0.016542
1.1439	2.6688	0.012806	0.013397
2.6102	2.6688	0.0081259	0.011773
4.0765	2.6688	0.0045047	0.011107
5.5428	2.6688	0.00019877	0.010392
7.0091	2.6688	-0.0054394	0.0087813
8.4754	2.6688	-0.010296	0.0075292
9.9417	2.6688	-0.0094388	0.0071954
11.408	2.6688	0	-0
12.874	2.6688	0	-0
14.341	2.6688	0	-0
15.807	2.6688	0	-0
-14.985	1.2025	0	-0
-13.519	1.2025	0	-0
-12.053	1.2025	0	-0
-10.587	1.2025	0	-0
-9.1202	1.2025	0	-0
-7.6539	1.2025	0	-0
-6.1876	1.2025	0	-0
-4.7213	1.2025	0	-0
-3.255	1.2025	0	-0
-1.7887	1.2025	0.013415	0.010733
-0.32241	1.2025	0.016114	0.00787
1.1439	1.2025	0.011949	0.0046703
2.6102	1.2025	0.0087759	0.0023719
4.0765	1.2025	0.0052911	0.00099366
5.5428	1.2025	0.0022434	-0.00066679
7.0091	1.2025	-0.0032685	-0.0032266
8.4754	1.2025	-0.0092973	-0.0061545
9.9417	1.2025	-0.0081037	-0.0075275
11.408	1.2025	0	-0
12.874	1.2025	0	-0
14.341	1.2025	0	-0
15.807	1.2025	0	-0
-14.985	-0.2638	0	-0
-13.519	-0.2638	0	-0
-12.053	-0.2638	0	-0
-10.587	-0.2638	0	-0
-9.1202	-0.2638	0	-0
-7.6539	-0.2638	0	-0
-6.1876	-0.2638	0	-0
-4.7213	-0.2638	0	-0
-3.255	-0.2638	0	-0
-1.7887	-0.2638	0.012479	0.001745
-0.32241	-0.2638	0.012838	-0.0016078
1.1439	-0.2638	0.010468	-0.0043268
2.6102	-0.2638	0.0072131	-0.006829
4.0765	-0.2638	0.003192	-0.0081298
5.5428	-0.2638	-0.0010831	-0.010601
7.0091	-0.2638	-0.006432	-0.015305
8.4754	-0.2638	-0.010111	-0.017508
9.9417	-0.2638	-0.0051257	-0.018436
11.408	-0.2638	0	-0
12.874	-0.2638	0	-0
14.341	-0.2638	0	-0
15.807	-0.2638	0	-0
-14.985	-1.7301	0	-0
-13.519	-1.7301	0	-0
-12.053	-1.7301	0	-0
-10.587	-1.7301	0	-0
-9.1202	-1.7301	0	-0
-7.6539	-1.7301	0	-0
-6.1876	-1.7301	0	-0
-4.7213	-1.7301	0	-0
-3.255	-1.7301	0	-0
-1.7887	-1.7301	0.011081	-0.0066968
-0.32241	-1.7301	0.010206	-0.010137
1.1439	-1.7301	0.0084855	-0.012801
2.6102	-1.7301	0.0034439	-0.016902
4.0765	-1.7301	-0.001428	-0.018638
5.5428	-1.7301	-0.0061073	-0.020512
7.0091	-1.7301	-0.010111	-0.024344
8.4754	-1.7301	-0.012896	-0.027437
9.9417	-1.7301	-0.0085671	-0.028564
11.408	-1.7301	0	-0
12.874	-1.7301	0	-0
14.341	-1.7301	0	-0
15.807	-1.7301	0	-0
-14.985	-3.1964	0	-0
-13.519	-3.1964	0	-0
-12.053	-3.1964	0	-0
-10.587	-3.1964	0	-0
-9.1202	-3.1964	0	-0
-7.6539	-3.1964	0	-0
-6.1876	-3.1964	0	-0
-4.7213	-3.1964	0	-0
-3.255	-3.1964	0	-0
-1.7887	-3.1964	0.010231	-0.015101
-0.32241	-3.1964	0.0076145	-0.017922
1.1439	-3.1964	0.0048508	-0.020792
2.6102	-3.1964	-0.00010746	-0.027237
4.0765	-3.1964	-0.0047246	-0.030526
5.5428	-3.1964	-0.0092431	-0.032597
7.0091	-3.1964	-0.013193	-0.035571
8.4754	-3.1964	-0.016438	-0.038644
9.9417	-3.1964	-0.011765	-0.040037
11.408	-3.1964	0	-0
12.874	-3.1964	0	-0
14.341	-3.1964	0	-0
15.807	-3.1964	0	-0
-14.985	-4.6627	0	-0
-13.519	-4.6627	0	-0
-12.053	-4.6627	0	-0
-10.587	-4.6627	0	-0
-9.1202	-4.6627	0	-0
-7.6539	-4.6627	0	-0
-6.1876	-4.6627	0	-0
-4.7213	-4.6627	0	-0
-3.255	-4.6627	0	-0
-1.7887	-4.6627	0.0081594	-0.022129
-0.32241	-4.6627	0.0054552	-0.0256
1.1439	-4.6627	0.0027411	-0.030959
2.6102	-4.6627	-0.0014011	-0.038544
4.0765	-4.6627	-0.0062636	-0.042511
5.5428	-4.6627	-0.010323	-0.045787
7.0091	-4.6627	-0.015196	-0.049666
8.4754	-4.6627	-0.019147	-0.055266
9.9417	-4.6627	-0.013283	-0.059038
11.408	-4.6627	0	-0
12.874	-4.6627	0	-0
14.341	-4.6627	0	-0
15.807	-4.6627	0	-0
-14.985	-6.129	0	-0
-13.519	-6.129	0	-0
-12.053	-6.129	0	-0
-10.587	-6.129	0	-0
-9.1202	-6.129	0	-0
-7.6539	-6.129	0	-0
-6.1876	-6.129	0	-0
-4.7213	-6.129	0	-0
-3.255	-6.129	0	-0
-1.7887	-6.129	0.0058419	-0.031085
-0.32241	-6.129	0.0027016	-0.035223
1.1439	-6.129	-0.0014141	-0.042335
2.6102	-6.129	-0.0046308	-0.050387
4.0765	-6.129	-0.007912	-0.05536
5.5428	-6.129	-0.01124	-0.060585
7.0091	-6.129	-0.015909	-0.066435
8.4754	-6.129	-0.019856	-0.074131
9.9417	-6.129	-0.012417	-0.082801
11.408	-6.129	0	-0
12.874	-6.129	0	-0
14.341	-6.129	0	-0
15.807	-6.129	0	-0
-14.985	-7.5953	0	-0
-13.519	-7.5953	0	-0
-12.053	-7.5953	0	-0
-10.587	-7.5953	0	-0
-9.1202	-7.5953	0	-0
-7.6539	-7.5953	0	-0
-6.1876	-7.5953	0	-0
-4.7213	-7.5953	0	-0
-3.255	-7.5953	0	-0
-1.7887	-7.5953	-0.0004137	-0.034254
-0.32241	-7.5953	-0.0045345	-0.042802
1.1439	-7.5953	-0.0081801	-0.051602
2.6102	-7.5953	-0.010568	-0.059772
4.0765	-7.5953	-0.011514	-0.06671
5.5428	-7.5953	-0.014285	-0.076471
7.0091	-7.5953	-0.020323	-0.087217
8.4754	-7.5953	-0.022108	-0.097733
9.9417	-7.5953	-0.0077892	-0.11038
11.408	-7.5953	0	-0
12.874	-7.5953	0	-0
14.341	-7.5953	0	-0
15.807	-7.5953	0	-0
-14.985	-9.0616	0	-0
-13.519	-9.0616	0	-0
-12.053	-9.0616	0	-0
-10.587	-9.0616	0	-0
-9.1202	-9.0616	0	-0
-7.6539	-9.0616	0	-0
-6.1876	-9.0616	0	-0
-4.7213	-9.0616	0	-0
-3.255	-9.0616	0	-0
-1.7887	-9.0616	-0.0036844	-0.03885
-0.32241	-9.0616	-0.01331	-0.048001
1.1439	-9.0616	-0.016362	-0.057092
2.6102	-9.0616	-0.017942	-0.067713
4.0765	-9.0616	-0.019232	-0.078432
5.5428	-9.0616	-0.024406	-0.092996
7.0091	-9.0616	-0.028241	-0.10643
8.4754	-9.0616	-0.030649	-0.11973
9.9417	-9.0616	-0.013187	-0.13383
11.408	-9.0616	0	-0
12.874	-9.0616	0	-0
14.341	-9.0616	0	-0
15.807	-9.0616	0	-0
-14.985	-10.528	0	-0
-13.519	-10.528	0	-0
-12.053	-10.528	0	-0
-10.587	-10.528	0	-0
-9.1202	-10.528	0	-0
-7.6539	-10.528	0	-0
-6.1876	-10.528	0	-0
-4.7213	-10.528	0	-0
-3.255	-10.528	0	-0
-1.7887	-10.528	-0.012502	-0.043217
-0.32241	-10.528	-0.025722	-0.054253
1.1439	-10.528	-0.029192	-0.064807
2.6102	-10.528	-0.031508	-0.076562
4.0765	-10.528	-0.035102	-0.091477
5.5428	-10.528	-0.037985	-0.10842
7.0091	-10.528	-0.039987	-0.12632
8.4754	-10.528	-0.043973	-0.14325
9.9417	-10.528	-0.024232	-0.16263
11.408	-10.528	0	-0
12.874	-10.528	0	-0
14.341	-10.528	0	-0
15.807	-10.528	0	-0
-14.985	-11.994	0	-0
-13.519	-11.994	0	-0
-12.053	-11.994	0	-0
-10.587	-11.994	0	-0
-9.1202	-11.994	0	-0
-7.6539	-11.994	0	-0
-6.1876	-11.994	0	-0
-4.7213	-11.994	0	-0
-3.255	-11.994	0	-0
-1.7887	-11.994	0	-0
-0.32241	-11.994	0	-0
1.1439	-11.994	0	-0
2.6102	-11.994	0	-0
4.0765	-11.994	0	-0
5.5428	-11.994	0	-0
7.0091	-11.994	0	-0
8.4754	-11.994	0	-0
9.9417	-11.994	0	-0
11.408	-11.994	0	-0
12.874	-11.994	0	-0
14.341	-11.994	0	-0
15.807	-11.994	0	-0
