#DaVis 7.4.0 2D-vector 96 22 22 "" "[mm]" "" "[mm]" "displacement" "[mm]"
-14.985	18.798	0	-0
-13.519	18.798	0	-0
-12.053	18.798	0	-0
-10.587	18.798	0	-0
-9.1202	18.798	0	-0
-7.6539	18.798	0	-0
-6.1876	18.798	0	-0
-4.7213	18.798	0	-0
-3.255	18.798	0	-0
-1.7887	18.798	0	-0
-0.32241	18.798	0.012116	-0.55145
1.1439	18.798	0.010787	-0.53136
2.6102	18.798	-0.055593	0.21112
4.0765	18.798	0.37376	0.87147
5.5428	18.798	-0.041699	-0.68795
7.0091	18.798	-0.7555	0.60548
8.4754	18.798	0.004655	1.0384
9.9417	18.798	-0.87061	0.17033
11.408	18.798	0	-0
12.874	18.798	0	-0
14.341	18.798	0	-0
15.807	18.798	0	-0
-14.985	17.332	0	-0
-13.519	17.332	0	-0
-12.053	17.332	0	-0
-10.587	17.332	0	-0
-9.1202	17.332	0	-0
-7.6539	17.332	0	-0
-6.1876	17.332	0	-0
-4.7213	17.332	0	-0
-3.255	17.332	0	-0
-1.7887	17.332	0.0097686	0.13316
-0.32241	17.332	0.011668	0.12903
1.1439	17.332	0.0099299	0.12299
2.6102	17.332	0.0082709	0.13863
4.0765	17.332	0.0079574	-0.36161
5.5428	17.332	-0.55476	-0.35139
7.0091	17.332	-0.0015564	0.11005
8.4754	17.332	-0.0038799	0.11406
9.9417	17.332	-0.0078965	0.10828
11.408	17.332	0	-0
12.874	17.332	0	-0
14.341	17.332	0	-0
15.807	17.332	0	-0
-14.985	15.866	0	-0
-13.519	15.866	0	-0
-12.053	15.866	0	-0
-10.587	15.866	0	-0
-9.1202	15.866	0	-0
-7.6539	15.866	0	-0
-6.1876	15.866	0	-0
-4.7213	15.866	0	-0
-3.255	15.866	0	-0
-1.7887	15.866	0.0025746	0.12366
-0.32241	15.866	0.010307	0.12316
1.1439	15.866	0.0088421	0.1196
2.6102	15.866	0.0063104	0.11465
4.0765	15.866	0.0033501	0.11151
5.5428	15.866	0.0014326	0.10838
7.0091	15.866	-0.00075376	0.10526
8.4754	15.866	-0.0037925	0.1033
9.9417	15.866	-0.0070195	0.10332
11.408	15.866	0	-0
12.874	15.866	0	-0
14.341	15.866	0	-0
15.807	15.866	0	-0
-14.985	14.399	0	-0
-13.519	14.399	0	-0
-12.053	14.399	0	-0
-10.587	14.399	0	-0
-9.1202	14.399	0	-0
-7.6539	14.399	0	-0
-6.1876	14.399	0	-0
-4.7213	14.399	0	-0
-3.255	14.399	0	-0
-1.7887	14.399	-0.00027572	0.11881
-0.32241	14.399	0.0075596	0.11738
1.1439	14.399	0.0069925	0.11403
2.6102	14.399	0.0047923	0.10955
4.0765	14.399	0.0028145	0.10615
5.5428	14.399	0.0012346	0.10106
7.0091	14.399	-0.0011569	0.0975
8.4754	14.399	-0.003825	0.09741
9.9417	14.399	-0.0074324	0.095281
11.408	14.399	0	-0
12.874	14.399	0	-0
14.341	14.399	0	-0
15.807	14.399	0	-0
-14.985	12.933	0	-0
-13.519	12.933	0	-0
-12.053	12.933	0	-0
-10.587	12.933	0	-0
-9.1202	12.933	0	-0
-7.6539	12.933	0	-0
-6.1876	12.933	0	-0
-4.7213	12.933	0	-0
-3.255	12.933	0	-0
-1.7887	12.933	-0.0059646	0.11074
-0.32241	12.933	0.0068106	0.10907
1.1439	12.933	0.0070013	0.10499
2.6102	12.933	0.0054666	0.10082
4.0765	12.933	0.0033425	0.097734
5.5428	12.933	0.00054727	0.09464
7.0091	12.933	-0.0011636	0.091765
8.4754	12.933	-0.00448	0.089797
9.9417	12.933	-0.0085237	0.086686
11.408	12.933	0	-0
12.874	12.933	0	-0
14.341	12.933	0	-0
15.807	12.933	0	-0
-14.985	11.467	0	-0
-13.519	11.467	0	-0
-12.053	11.467	0	-0
-10.587	11.467	0	-0
-9.1202	11.467	0	-0
-7.6539	11.467	0	-0
-6.1876	11.467	0	-0
-4.7213	11.467	0	-0
-3.255	11.467	0	-0
-1.7887	11.467	-0.00071382	0.10088
-0.32241	11.467	0.0078715	0.099761
1.1439	11.467	0.0063884	0.096663
2.6102	11.467	0.0048998	0.091657
4.0765	11.467	0.003267	0.086336
5.5428	11.467	-0.00011994	0.084032
7.0091	11.467	-0.0030884	0.082079
8.4754	11.467	-0.0064814	0.080726
9.9417	11.467	-0.010219	0.079433
11.408	11.467	0	-0
12.874	11.467	0	-0
14.341	11.467	0	-0
15.807	11.467	0	-0
-14.985	10	0	-0
-13.519	10	0	-0
-12.053	10	0	-0
-10.587	10	0	-0
-9.1202	10	0	-0
-7.6539	10	0	-0
-6.1876	10	0	-0
-4.7213	10	0	-0
-3.255	10	0	-0
-1.7887	10	0.0072272	0.091778
-0.32241	10	0.00971	0.089292
1.1439	10	0.0044488	0.088553
2.6102	10	0.0022348	0.082569
4.0765	10	0.0010075	0.076058
5.5428	10	-0.0016575	0.07232
7.0091	10	-0.0058395	0.071529
8.4754	10	-0.0084982	0.071933
9.9417	10	-0.01173	0.072086
11.408	10	0	-0
12.874	10	0	-0
14.341	10	0	-0
15.807	10	0	-0
-14.985	8.534	0	-0
-13.519	8.534	0	-0
-12.053	8.534	0	-0
-10.587	8.534	0	-0
-9.1202	8.534	0	-0
-7.6539	8.534	0	-0
-6.1876	8.534	0	-0
-4.7213	8.534	0	-0
-3.255	8.534	0	-0
-1.7887	8.534	0.0027341	0.078206
-0.32241	8.534	0.0086072	0.077086
1.1439	8.534	0.0029403	0.077249
2.6102	8.534	-0.00035034	0.073458
4.0765	8.534	-0.0019301	0.06859
5.5428	8.534	-0.0042534	0.06406
7.0091	8.534	-0.0068996	0.062765
8.4754	8.534	-0.010873	0.063922
9.9417	8.534	-0.011608	0.063858
11.408	8.534	0	-0
12.874	8.534	0	-0
14.341	8.534	0	-0
15.807	8.534	0	-0
-14.985	7.0677	0	-0
-13.519	7.0677	0	-0
-12.053	7.0677	0	-0
-10.587	7.0677	0	-0
-9.1202	7.0677	0	-0
-7.6539	7.0677	0	-0
-6.1876	7.0677	0	-0
-4.7213	7.0677	0	-0
-3.255	7.0677	0	-0
-1.7887	7.0677	-0.005242	0.064543
-0.32241	7.0677	0.009314	0.062189
1.1439	7.0677	0.0043359	0.062283
2.6102	7.0677	-2.2455e-005	0.0622
4.0765	7.0677	-0.0035349	0.059605
5.5428	7.0677	-0.0055876	0.056343
7.0091	7.0677	-0.0084468	0.053033
8.4754	7.0677	-0.014247	0.054088
9.9417	7.0677	-0.011222	0.054745
11.408	7.0677	0	-0
12.874	7.0677	0	-0
14.341	7.0677	0	-0
15.807	7.0677	0	-0
-14.985	5.6014	0	-0
-13.519	5.6014	0	-0
-12.053	5.6014	0	-0
-10.587	5.6014	0	-0
-9.1202	5.6014	0	-0
-7.6539	5.6014	0	-0
-6.1876	5.6014	0	-0
-4.7213	5.6014	0	-0
-3.255	5.6014	0	-0
-1.7887	5.6014	-0.0011427	0.04914
-0.32241	5.6014	0.012893	0.046394
1.1439	5.6014	0.010271	0.044371
2.6102	5.6014	0.0030977	0.045329
4.0765	5.6014	-0.0036329	0.046577
5.5428	5.6014	-0.0076331	0.045533
7.0091	5.6014	-0.012134	0.042359
8.4754	5.6014	-0.016041	0.040992
9.9417	5.6014	-0.011351	0.042249
11.408	5.6014	0	-0
12.874	5.6014	0	-0
14.341	5.6014	0	-0
15.807	5.6014	0	-0
-14.985	4.1351	0	-0
-13.519	4.1351	0	-0
-12.053	4.1351	0	-0
-10.587	4.1351	0	-0
-9.1202	4.1351	0	-0
-7.6539	4.1351	0	-0
-6.1876	4.1351	0	-0
-4.7213	4.1351	0	-0
-3.255	4.1351	0	-0
-1.7887	4.1351	0.010271	0.034284
-0.32241	4.1351	0.016069	0.032344
1.1439	4.1351	0.013512	0.029073
2.6102	4.1351	0.0063212	0.028078
4.0765	4.1351	0.00028643	0.029355
5.5428	4.1351	-0.0059786	0.029106
7.0091	4.1351	-0.012446	0.029373
8.4754	4.1351	-0.016958	0.028554
9.9417	4.1351	-0.01594	0.028921
11.408	4.1351	0	-0
12.874	4.1351	0	-0
14.341	4.1351	0	-0
15.807	4.1351	0	-0
-14.985	2.6688	0	-0
-13.519	2.6688	0	-0
-12.053	2.6688	0	-0
-10.587	2.6688	0	-0
-9.1202	2.6688	0	-0
-7.6539	2.6688	0	-0
-6.1876	2.6688	0	-0
-4.7213	2.6688	0	-0
-3.255	2.6688	0	-0
-1.7887	2.6688	0.0093955	0.024261
-0.32241	2.6688	0.01688	0.020388
1.1439	2.6688	0.01461	0.016873
2.6102	2.6688	0.0091677	0.015
4.0765	2.6688	0.0046954	0.014904
5.5428	2.6688	-0.0010154	0.014798
7.0091	2.6688	-0.0073164	0.013272
8.4754	2.6688	-0.013669	0.011806
9.9417	2.6688	-0.015896	0.011053
11.408	2.6688	0	-0
12.874	2.6688	0	-0
14.341	2.6688	0	-0
15.807	2.6688	0	-0
-14.985	1.2025	0	-0
-13.519	1.2025	0	-0
-12.053	1.2025	0	-0
-10.587	1.2025	0	-0
-9.1202	1.2025	0	-0
-7.6539	1.2025	0	-0
-6.1876	1.2025	0	-0
-4.7213	1.2025	0	-0
-3.255	1.2025	0	-0
-1.7887	1.2025	0.012557	0.014185
-0.32241	1.2025	0.017325	0.010752
1.1439	1.2025	0.013099	0.0078677
2.6102	1.2025	0.0093023	0.0048243
4.0765	1.2025	0.0054982	0.0031075
5.5428	1.2025	0.0013745	0.0016994
7.0091	1.2025	-0.0052737	-0.0011032
8.4754	1.2025	-0.013128	-0.0050741
9.9417	1.2025	-0.014321	-0.0064619
11.408	1.2025	0	-0
12.874	1.2025	0	-0
14.341	1.2025	0	-0
15.807	1.2025	0	-0
-14.985	-0.2638	0	-0
-13.519	-0.2638	0	-0
-12.053	-0.2638	0	-0
-10.587	-0.2638	0	-0
-9.1202	-0.2638	0	-0
-7.6539	-0.2638	0	-0
-6.1876	-0.2638	0	-0
-4.7213	-0.2638	0	-0
-3.255	-0.2638	0	-0
-1.7887	-0.2638	0.011883	0.0058806
-0.32241	-0.2638	0.012324	0.0019221
1.1439	-0.2638	0.011101	-0.0014037
2.6102	-0.2638	0.0071947	-0.004828
4.0765	-0.2638	0.0027181	-0.0071382
5.5428	-0.2638	-0.0024515	-0.010208
7.0091	-0.2638	-0.008934	-0.015731
8.4754	-0.2638	-0.013648	-0.017828
9.9417	-0.2638	-0.010557	-0.018369
11.408	-0.2638	0	-0
12.874	-0.2638	0	-0
14.341	-0.2638	0	-0
15.807	-0.2638	0	-0
-14.985	-1.7301	0	-0
-13.519	-1.7301	0	-0
-12.053	-1.7301	0	-0
-10.587	-1.7301	0	-0
-9.1202	-1.7301	0	-0
-7.6539	-1.7301	0	-0
-6.1876	-1.7301	0	-0
-4.7213	-1.7301	0	-0
-3.255	-1.7301	0	-0
-1.7887	-1.7301	0.0052857	-0.0034201
-0.32241	-1.7301	0.0096552	-0.0073793
1.1439	-1.7301	0.0084121	-0.010369
2.6102	-1.7301	0.0025686	-0.015768
4.0765	-1.7301	-0.0031234	-0.018828
5.5428	-1.7301	-0.0083634	-0.021427
7.0091	-1.7301	-0.012689	-0.025628
8.4754	-1.7301	-0.015973	-0.028414
9.9417	-1.7301	-0.01306	-0.029227
11.408	-1.7301	0	-0
12.874	-1.7301	0	-0
14.341	-1.7301	0	-0
15.807	-1.7301	0	-0
-14.985	-3.1964	0	-0
-13.519	-3.1964	0	-0
-12.053	-3.1964	0	-0
-10.587	-3.1964	0	-0
-9.1202	-3.1964	0	-0
-7.6539	-3.1964	0	-0
-6.1876	-3.1964	0	-0
-4.7213	-3.1964	0	-0
-3.255	-3.1964	0	-0
-1.7887	-3.1964	0.0017229	-0.012196
-0.32241	-3.1964	0.0068327	-0.015583
1.1439	-3.1964	0.004145	-0.018796
2.6102	-3.1964	-0.0019437	-0.027435
4.0765	-3.1964	-0.007137	-0.03194
5.5428	-3.1964	-0.01191	-0.034342
7.0091	-3.1964	-0.015726	-0.037329
8.4754	-3.1964	-0.019201	-0.040133
9.9417	-3.1964	-0.01584	-0.041011
11.408	-3.1964	0	-0
12.874	-3.1964	0	-0
14.341	-3.1964	0	-0
15.807	-3.1964	0	-0
-14.985	-4.6627	0	-0
-13.519	-4.6627	0	-0
-12.053	-4.6627	0	-0
-10.587	-4.6627	0	-0
-9.1202	-4.6627	0	-0
-7.6539	-4.6627	0	-0
-6.1876	-4.6627	0	-0
-4.7213	-4.6627	0	-0
-3.255	-4.6627	0	-0
-1.7887	-4.6627	0.00075588	-0.019975
-0.32241	-4.6627	0.0048838	-0.024021
1.1439	-4.6627	0.002275	-0.030504
2.6102	-4.6627	-0.0036548	-0.0397
4.0765	-4.6627	-0.0086728	-0.044434
5.5428	-4.6627	-0.012586	-0.048025
7.0091	-4.6627	-0.017586	-0.052208
8.4754	-4.6627	-0.021783	-0.058436
9.9417	-4.6627	-0.017376	-0.062012
11.408	-4.6627	0	-0
12.874	-4.6627	0	-0
14.341	-4.6627	0	-0
15.807	-4.6627	0	-0
-14.985	-6.129	0	-0
-13.519	-6.129	0	-0
-12.053	-6.129	0	-0
-10.587	-6.129	0	-0
-9.1202	-6.129	0	-0
-7.6539	-6.129	0	-0
-6.1876	-6.129	0	-0
-4.7213	-6.129	0	-0
-3.255	-6.129	0	-0
-1.7887	-6.129	0.00052647	-0.029578
-0.32241	-6.129	0.0025951	-0.034424
1.1439	-6.129	-0.0021738	-0.04346
2.6102	-6.129	-0.0065542	-0.052762
4.0765	-6.129	-0.010092	-0.058501
5.5428	-6.129	-0.013408	-0.064406
7.0091	-6.129	-0.018265	-0.070903
8.4754	-6.129	-0.02289	-0.079668
9.9417	-6.129	-0.016583	-0.089084
11.408	-6.129	0	-0
12.874	-6.129	0	-0
14.341	-6.129	0	-0
15.807	-6.129	0	-0
-14.985	-7.5953	0	-0
-13.519	-7.5953	0	-0
-12.053	-7.5953	0	-0
-10.587	-7.5953	0	-0
-9.1202	-7.5953	0	-0
-7.6539	-7.5953	0	-0
-6.1876	-7.5953	0	-0
-4.7213	-7.5953	0	-0
-3.255	-7.5953	0	-0
-1.7887	-7.5953	-0.0060968	-0.033065
-0.32241	-7.5953	-0.0056872	-0.043303
1.1439	-7.5953	-0.0097738	-0.053765
2.6102	-7.5953	-0.013089	-0.063852
4.0765	-7.5953	-0.014089	-0.071703
5.5428	-7.5953	-0.016996	-0.08263
7.0091	-7.5953	-0.023346	-0.09548
8.4754	-7.5953	-0.025489	-0.1074
9.9417	-7.5953	-0.011766	-0.12019
11.408	-7.5953	0	-0
12.874	-7.5953	0	-0
14.341	-7.5953	0	-0
15.807	-7.5953	0	-0
-14.985	-9.0616	0	-0
-13.519	-9.0616	0	-0
-12.053	-9.0616	0	-0
-10.587	-9.0616	0	-0
-9.1202	-9.0616	0	-0
-7.6539	-9.0616	0	-0
-6.1876	-9.0616	0	-0
-4.7213	-9.0616	0	-0
-3.255	-9.0616	0	-0
-1.7887	-9.0616	-0.012732	-0.037746
-0.32241	-9.0616	-0.017357	-0.048444
1.1439	-9.0616	-0.019746	-0.060453
2.6102	-9.0616	-0.021424	-0.073395
4.0765	-9.0616	-0.023104	-0.085883
5.5428	-9.0616	-0.028945	-0.10258
7.0091	-9.0616	-0.033288	-0.11805
8.4754	-9.0616	-0.035708	-0.13346
9.9417	-9.0616	-0.018809	-0.14962
11.408	-9.0616	0	-0
12.874	-9.0616	0	-0
14.341	-9.0616	0	-0
15.807	-9.0616	0	-0
-14.985	-10.528	0	-0
-13.519	-10.528	0	-0
-12.053	-10.528	0	-0
-10.587	-10.528	0	-0
-9.1202	-10.528	0	-0
-7.6539	-10.528	0	-0
-6.1876	-10.528	0	-0
-4.7213	-10.528	0	-0
-3.255	-10.528	0	-0
-1.7887	-10.528	0	-0
-0.32241	-10.528	-0.033128	-0.054966
1.1439	-10.528	-0.035633	-0.068994
2.6102	-10.528	-0.03762	-0.083842
4.0765	-10.528	-0.041933	-0.10162
5.5428	-10.528	-0.045351	-0.12142
7.0091	-10.528	-0.047441	-0.14205
8.4754	-10.528	-0.052397	-0.16111
9.9417	-10.528	-0.032477	-0.18446
11.408	-10.528	0	-0
12.874	-10.528	0	-0
14.341	-10.528	0	-0
15.807	-10.528	0	-0
-14.985	-11.994	0	-0
-13.519	-11.994	0	-0
-12.053	-11.994	0	-0
-10.587	-11.994	0	-0
-9.1202	-11.994	0	-0
-7.6539	-11.994	0	-0
-6.1876	-11.994	0	-0
-4.7213	-11.994	0	-0
-3.255	-11.994	0	-0
-1.7887	-11.994	0	-0
-0.32241	-11.994	0	-0
1.1439	-11.994	0	-0
2.6102	-11.994	0	-0
4.0765	-11.994	0	-0
5.5428	-11.994	0	-0
7.0091	-11.994	0	-0
8.4754	-11.994	0	-0
9.9417	-11.994	0	-0
11.408	-11.994	0	-0
12.874	-11.994	0	-0
14.341	-11.994	0	-0
15.807	-11.994	0	-0
