#DaVis 7.4.0 2D-vector 96 22 22 "" "[mm]" "" "[mm]" "displacement" "[mm]"
-14.985	18.798	0	-0
-13.519	18.798	0	-0
-12.053	18.798	0	-0
-10.587	18.798	0	-0
-9.1202	18.798	0	-0
-7.6539	18.798	0	-0
-6.1876	18.798	0	-0
-4.7213	18.798	0	-0
-3.255	18.798	0	-0
-1.7887	18.798	0	-0
-0.32241	18.798	0.014374	-0.5637
1.1439	18.798	0.013084	-0.53987
2.6102	18.798	0.62135	0.17083
4.0765	18.798	-0.86317	0.8456
5.5428	18.798	-0.0019554	-0.70416
7.0091	18.798	-0.90549	0.16573
8.4754	18.798	0.0070306	1.0153
9.9417	18.798	-0.85202	-0.23657
11.408	18.798	0	-0
12.874	18.798	0	-0
14.341	18.798	0	-0
15.807	18.798	0	-0
-14.985	17.332	0	-0
-13.519	17.332	0	-0
-12.053	17.332	0	-0
-10.587	17.332	0	-0
-9.1202	17.332	0	-0
-7.6539	17.332	0	-0
-6.1876	17.332	0	-0
-4.7213	17.332	0	-0
-3.255	17.332	0	-0
-1.7887	17.332	0.013647	0.1511
-0.32241	17.332	0.014817	0.14086
1.1439	17.332	0.013365	0.1341
2.6102	17.332	0.011781	0.15208
4.0765	17.332	0.0045355	-0.39411
5.5428	17.332	-0.56217	-0.37261
7.0091	17.332	0.0018723	0.11806
8.4754	17.332	-0.00036805	0.12292
9.9417	17.332	-0.0043153	0.11512
11.408	17.332	0	-0
12.874	17.332	0	-0
14.341	17.332	0	-0
15.807	17.332	0	-0
-14.985	15.866	0	-0
-13.519	15.866	0	-0
-12.053	15.866	0	-0
-10.587	15.866	0	-0
-9.1202	15.866	0	-0
-7.6539	15.866	0	-0
-6.1876	15.866	0	-0
-4.7213	15.866	0	-0
-3.255	15.866	0	-0
-1.7887	15.866	0.0055114	0.13865
-0.32241	15.866	0.013328	0.13625
1.1439	15.866	0.012027	0.1311
2.6102	15.866	0.0094365	0.12454
4.0765	15.866	0.0064788	0.12106
5.5428	15.866	0.0044901	0.11742
7.0091	15.866	0.0022539	0.11453
8.4754	15.866	-0.00096497	0.1118
9.9417	15.866	-0.0043577	0.11064
11.408	15.866	0	-0
12.874	15.866	0	-0
14.341	15.866	0	-0
15.807	15.866	0	-0
-14.985	14.399	0	-0
-13.519	14.399	0	-0
-12.053	14.399	0	-0
-10.587	14.399	0	-0
-9.1202	14.399	0	-0
-7.6539	14.399	0	-0
-6.1876	14.399	0	-0
-4.7213	14.399	0	-0
-3.255	14.399	0	-0
-1.7887	14.399	0.0031569	0.13247
-0.32241	14.399	0.0097599	0.13062
1.1439	14.399	0.0090345	0.12558
2.6102	14.399	0.0073053	0.12032
4.0765	14.399	0.0050957	0.11616
5.5428	14.399	0.0035065	0.1103
7.0091	14.399	0.0011628	0.10691
8.4754	14.399	-0.0018375	0.10503
9.9417	14.399	-0.0055356	0.10178
11.408	14.399	0	-0
12.874	14.399	0	-0
14.341	14.399	0	-0
15.807	14.399	0	-0
-14.985	12.933	0	-0
-13.519	12.933	0	-0
-12.053	12.933	0	-0
-10.587	12.933	0	-0
-9.1202	12.933	0	-0
-7.6539	12.933	0	-0
-6.1876	12.933	0	-0
-4.7213	12.933	0	-0
-3.255	12.933	0	-0
-1.7887	12.933	-0.0043358	0.12289
-0.32241	12.933	0.0083357	0.12206
1.1439	12.933	0.0085359	0.11633
2.6102	12.933	0.0069985	0.1118
4.0765	12.933	0.0048625	0.10773
5.5428	12.933	0.0020344	0.10369
7.0091	12.933	0.00012303	0.099849
8.4754	12.933	-0.0032079	0.097662
9.9417	12.933	-0.0074815	0.093336
11.408	12.933	0	-0
12.874	12.933	0	-0
14.341	12.933	0	-0
15.807	12.933	0	-0
-14.985	11.467	0	-0
-13.519	11.467	0	-0
-12.053	11.467	0	-0
-10.587	11.467	0	-0
-9.1202	11.467	0	-0
-7.6539	11.467	0	-0
-6.1876	11.467	0	-0
-4.7213	11.467	0	-0
-3.255	11.467	0	-0
-1.7887	11.467	0.00034598	0.11319
-0.32241	11.467	0.0087425	0.1117
1.1439	11.467	0.0071998	0.1077
2.6102	11.467	0.0056417	0.10171
4.0765	11.467	0.0040107	0.095996
5.5428	11.467	0.00034916	0.093184
7.0091	11.467	-0.0026384	0.090508
8.4754	11.467	-0.0060763	0.08858
9.9417	11.467	-0.0099515	0.086327
11.408	11.467	0	-0
12.874	11.467	0	-0
14.341	11.467	0	-0
15.807	11.467	0	-0
-14.985	10	0	-0
-13.519	10	0	-0
-12.053	10	0	-0
-10.587	10	0	-0
-9.1202	10	0	-0
-7.6539	10	0	-0
-6.1876	10	0	-0
-4.7213	10	0	-0
-3.255	10	0	-0
-1.7887	10	0.0077079	0.10295
-0.32241	10	0.010276	0.10067
1.1439	10	0.0043715	0.099659
2.6102	10	0.0020962	0.092892
4.0765	10	0.00092166	0.085441
5.5428	10	-0.00192	0.081112
7.0091	10	-0.0061561	0.079841
8.4754	10	-0.0088638	0.079771
9.9417	10	-0.012094	0.078976
11.408	10	0	-0
12.874	10	0	-0
14.341	10	0	-0
15.807	10	0	-0
-14.985	8.534	0	-0
-13.519	8.534	0	-0
-12.053	8.534	0	-0
-10.587	8.534	0	-0
-9.1202	8.534	0	-0
-7.6539	8.534	0	-0
-6.1876	8.534	0	-0
-4.7213	8.534	0	-0
-3.255	8.534	0	-0
-1.7887	8.534	-0.0016308	0.087559
-0.32241	8.534	0.009001	0.086539
1.1439	8.534	0.0023707	0.087483
2.6102	8.534	-0.0011131	0.083079
4.0765	8.534	-0.002724	0.077642
5.5428	8.534	-0.0050613	0.07251
7.0091	8.534	-0.0078181	0.070861
8.4754	8.534	-0.011942	0.071413
9.9417	8.534	-0.011204	0.070443
11.408	8.534	0	-0
12.874	8.534	0	-0
14.341	8.534	0	-0
15.807	8.534	0	-0
-14.985	7.0677	0	-0
-13.519	7.0677	0	-0
-12.053	7.0677	0	-0
-10.587	7.0677	0	-0
-9.1202	7.0677	0	-0
-7.6539	7.0677	0	-0
-6.1876	7.0677	0	-0
-4.7213	7.0677	0	-0
-3.255	7.0677	0	-0
-1.7887	7.0677	-0.0044102	0.071914
-0.32241	7.0677	0.010046	0.069667
1.1439	7.0677	0.0041828	0.070161
2.6102	7.0677	-0.00054136	0.070595
4.0765	7.0677	-0.0044221	0.067862
5.5428	7.0677	-0.0066387	0.064374
7.0091	7.0677	-0.0099009	0.060643
8.4754	7.0677	-0.015988	0.061195
9.9417	7.0677	-0.012628	0.060993
11.408	7.0677	0	-0
12.874	7.0677	0	-0
14.341	7.0677	0	-0
15.807	7.0677	0	-0
-14.985	5.6014	0	-0
-13.519	5.6014	0	-0
-12.053	5.6014	0	-0
-10.587	5.6014	0	-0
-9.1202	5.6014	0	-0
-7.6539	5.6014	0	-0
-6.1876	5.6014	0	-0
-4.7213	5.6014	0	-0
-3.255	5.6014	0	-0
-1.7887	5.6014	0.00032039	0.054203
-0.32241	5.6014	0.014054	0.051819
1.1439	5.6014	0.01135	0.05016
2.6102	5.6014	0.0033619	0.051844
4.0765	5.6014	-0.0042276	0.053498
5.5428	5.6014	-0.0088143	0.052687
7.0091	5.6014	-0.014092	0.049066
8.4754	5.6014	-0.01815	0.047218
9.9417	5.6014	-0.01297	0.047728
11.408	5.6014	0	-0
12.874	5.6014	0	-0
14.341	5.6014	0	-0
15.807	5.6014	0	-0
-14.985	4.1351	0	-0
-13.519	4.1351	0	-0
-12.053	4.1351	0	-0
-10.587	4.1351	0	-0
-9.1202	4.1351	0	-0
-7.6539	4.1351	0	-0
-6.1876	4.1351	0	-0
-4.7213	4.1351	0	-0
-3.255	4.1351	0	-0
-1.7887	4.1351	0.011703	0.038929
-0.32241	4.1351	0.017464	0.037129
1.1439	4.1351	0.01487	0.033627
2.6102	4.1351	0.0068386	0.03265
4.0765	4.1351	-0.00025545	0.034605
5.5428	4.1351	-0.0072831	0.034797
7.0091	4.1351	-0.014706	0.035066
8.4754	4.1351	-0.019445	0.033716
9.9417	4.1351	-0.018035	0.033798
11.408	4.1351	0	-0
12.874	4.1351	0	-0
14.341	4.1351	0	-0
15.807	4.1351	0	-0
-14.985	2.6688	0	-0
-13.519	2.6688	0	-0
-12.053	2.6688	0	-0
-10.587	2.6688	0	-0
-9.1202	2.6688	0	-0
-7.6539	2.6688	0	-0
-6.1876	2.6688	0	-0
-4.7213	2.6688	0	-0
-3.255	2.6688	0	-0
-1.7887	2.6688	0.010309	0.028623
-0.32241	2.6688	0.017851	0.024673
1.1439	2.6688	0.015413	0.020749
2.6102	2.6688	0.0096184	0.018525
4.0765	2.6688	0.0043839	0.018733
5.5428	2.6688	-0.0020435	0.01872
7.0091	2.6688	-0.0092771	0.017186
8.4754	2.6688	-0.016163	0.015411
9.9417	2.6688	-0.018836	0.014124
11.408	2.6688	0	-0
12.874	2.6688	0	-0
14.341	2.6688	0	-0
15.807	2.6688	0	-0
-14.985	1.2025	0	-0
-13.519	1.2025	0	-0
-12.053	1.2025	0	-0
-10.587	1.2025	0	-0
-9.1202	1.2025	0	-0
-7.6539	1.2025	0	-0
-6.1876	1.2025	0	-0
-4.7213	1.2025	0	-0
-3.255	1.2025	0	-0
-1.7887	1.2025	0.013026	0.018233
-0.32241	1.2025	0.017745	0.014401
1.1439	1.2025	0.013437	0.011029
2.6102	1.2025	0.0093729	0.0076043
4.0765	1.2025	0.0051361	0.0056639
5.5428	1.2025	0.0004034	0.0042906
7.0091	1.2025	-0.0074189	0.0012288
8.4754	1.2025	-0.015905	-0.003611
9.9417	1.2025	-0.017373	-0.0051245
11.408	1.2025	0	-0
12.874	1.2025	0	-0
14.341	1.2025	0	-0
15.807	1.2025	0	-0
-14.985	-0.2638	0	-0
-13.519	-0.2638	0	-0
-12.053	-0.2638	0	-0
-10.587	-0.2638	0	-0
-9.1202	-0.2638	0	-0
-7.6539	-0.2638	0	-0
-6.1876	-0.2638	0	-0
-4.7213	-0.2638	0	-0
-3.255	-0.2638	0	-0
-1.7887	-0.2638	0.011895	0.0095309
-0.32241	-0.2638	0.012418	0.0048817
1.1439	-0.2638	0.010876	0.0012423
2.6102	-0.2638	0.0067887	-0.0027231
4.0765	-0.2638	0.0018892	-0.0057077
5.5428	-0.2638	-0.0040361	-0.0092204
7.0091	-0.2638	-0.011634	-0.015409
8.4754	-0.2638	-0.016602	-0.01746
9.9417	-0.2638	-0.013176	-0.017952
11.408	-0.2638	0	-0
12.874	-0.2638	0	-0
14.341	-0.2638	0	-0
15.807	-0.2638	0	-0
-14.985	-1.7301	0	-0
-13.519	-1.7301	0	-0
-12.053	-1.7301	0	-0
-10.587	-1.7301	0	-0
-9.1202	-1.7301	0	-0
-7.6539	-1.7301	0	-0
-6.1876	-1.7301	0	-0
-4.7213	-1.7301	0	-0
-3.255	-1.7301	0	-0
-1.7887	-1.7301	0.0048222	-2.1736e-005
-0.32241	-1.7301	0.0091647	-0.0045551
1.1439	-1.7301	0.0076642	-0.0079069
2.6102	-1.7301	0.0014436	-0.014312
4.0765	-1.7301	-0.0047654	-0.018283
5.5428	-1.7301	-0.010671	-0.02147
7.0091	-1.7301	-0.015579	-0.026218
8.4754	-1.7301	-0.019027	-0.028606
9.9417	-1.7301	-0.015739	-0.029146
11.408	-1.7301	0	-0
12.874	-1.7301	0	-0
14.341	-1.7301	0	-0
15.807	-1.7301	0	-0
-14.985	-3.1964	0	-0
-13.519	-3.1964	0	-0
-12.053	-3.1964	0	-0
-10.587	-3.1964	0	-0
-9.1202	-3.1964	0	-0
-7.6539	-3.1964	0	-0
-6.1876	-3.1964	0	-0
-4.7213	-3.1964	0	-0
-3.255	-3.1964	0	-0
-1.7887	-3.1964	0.0010807	-0.0091096
-0.32241	-3.1964	0.0059544	-0.012899
1.1439	-3.1964	0.0027883	-0.01645
2.6102	-3.1964	-0.0039512	-0.026658
4.0765	-3.1964	-0.0095843	-0.03227
5.5428	-3.1964	-0.014679	-0.035061
7.0091	-3.1964	-0.018528	-0.038108
8.4754	-3.1964	-0.022028	-0.040772
9.9417	-3.1964	-0.018473	-0.041352
11.408	-3.1964	0	-0
12.874	-3.1964	0	-0
14.341	-3.1964	0	-0
15.807	-3.1964	0	-0
-14.985	-4.6627	0	-0
-13.519	-4.6627	0	-0
-12.053	-4.6627	0	-0
-10.587	-4.6627	0	-0
-9.1202	-4.6627	0	-0
-7.6539	-4.6627	0	-0
-6.1876	-4.6627	0	-0
-4.7213	-4.6627	0	-0
-3.255	-4.6627	0	-0
-1.7887	-4.6627	0.0014198	-0.017248
-0.32241	-4.6627	0.0038243	-0.021823
1.1439	-4.6627	0.00054466	-0.029412
2.6102	-4.6627	-0.0060935	-0.039736
4.0765	-4.6627	-0.011487	-0.045221
5.5428	-4.6627	-0.015318	-0.049083
7.0091	-4.6627	-0.020146	-0.05346
8.4754	-4.6627	-0.024536	-0.060038
9.9417	-4.6627	-0.019827	-0.063451
11.408	-4.6627	0	-0
12.874	-4.6627	0	-0
14.341	-4.6627	0	-0
15.807	-4.6627	0	-0
-14.985	-6.129	0	-0
-13.519	-6.129	0	-0
-12.053	-6.129	0	-0
-10.587	-6.129	0	-0
-9.1202	-6.129	0	-0
-7.6539	-6.129	0	-0
-6.1876	-6.129	0	-0
-4.7213	-6.129	0	-0
-3.255	-6.129	0	-0
-1.7887	-6.129	-0.0014999	-0.027591
-0.32241	-6.129	0.0013658	-0.033129
1.1439	-6.129	-0.004266	-0.042253
2.6102	-6.129	-0.0089417	-0.053711
4.0765	-6.129	-0.012777	-0.059916
5.5428	-6.129	-0.016074	-0.066443
7.0091	-6.129	-0.02087	-0.073385
8.4754	-6.129	-0.025814	-0.082867
9.9417	-6.129	-0.019107	-0.092528
11.408	-6.129	0	-0
12.874	-6.129	0	-0
14.341	-6.129	0	-0
15.807	-6.129	0	-0
-14.985	-7.5953	0	-0
-13.519	-7.5953	0	-0
-12.053	-7.5953	0	-0
-10.587	-7.5953	0	-0
-9.1202	-7.5953	0	-0
-7.6539	-7.5953	0	-0
-6.1876	-7.5953	0	-0
-4.7213	-7.5953	0	-0
-3.255	-7.5953	0	-0
-1.7887	-7.5953	-0.008365	-0.030414
-0.32241	-7.5953	-0.0079139	-0.04252
1.1439	-7.5953	-0.012503	-0.054519
2.6102	-7.5953	-0.015971	-0.065773
4.0765	-7.5953	-0.016947	-0.074267
5.5428	-7.5953	-0.02001	-0.086055
7.0091	-7.5953	-0.026753	-0.10046
8.4754	-7.5953	-0.029141	-0.11308
9.9417	-7.5953	-0.01538	-0.12816
11.408	-7.5953	0	-0
12.874	-7.5953	0	-0
14.341	-7.5953	0	-0
15.807	-7.5953	0	-0
-14.985	-9.0616	0	-0
-13.519	-9.0616	0	-0
-12.053	-9.0616	0	-0
-10.587	-9.0616	0	-0
-9.1202	-9.0616	0	-0
-7.6539	-9.0616	0	-0
-6.1876	-9.0616	0	-0
-4.7213	-9.0616	0	-0
-3.255	-9.0616	0	-0
-1.7887	-9.0616	0	-0
-0.32241	-9.0616	-0.021075	-0.047047
1.1439	-9.0616	-0.023513	-0.061687
2.6102	-9.0616	-0.025251	-0.076174
4.0765	-9.0616	-0.027071	-0.089953
5.5428	-9.0616	-0.033356	-0.10801
7.0091	-9.0616	-0.037964	-0.12489
8.4754	-9.0616	-0.040696	-0.14165
9.9417	-9.0616	-0.023749	-0.15948
11.408	-9.0616	0	-0
12.874	-9.0616	0	-0
14.341	-9.0616	0	-0
15.807	-9.0616	0	-0
-14.985	-10.528	0	-0
-13.519	-10.528	0	-0
-12.053	-10.528	0	-0
-10.587	-10.528	0	-0
-9.1202	-10.528	0	-0
-7.6539	-10.528	0	-0
-6.1876	-10.528	0	-0
-4.7213	-10.528	0	-0
-3.255	-10.528	0	-0
-1.7887	-10.528	0	-0
-0.32241	-10.528	-0.038382	-0.053854
1.1439	-10.528	-0.041006	-0.070838
2.6102	-10.528	-0.042975	-0.087724
4.0765	-10.528	-0.0478	-0.10746
5.5428	-10.528	-0.051825	-0.12917
7.0091	-10.528	-0.054142	-0.15141
8.4754	-10.528	-0.059863	-0.1721
9.9417	-10.528	-0.038868	-0.19795
11.408	-10.528	0	-0
12.874	-10.528	0	-0
14.341	-10.528	0	-0
15.807	-10.528	0	-0
-14.985	-11.994	0	-0
-13.519	-11.994	0	-0
-12.053	-11.994	0	-0
-10.587	-11.994	0	-0
-9.1202	-11.994	0	-0
-7.6539	-11.994	0	-0
-6.1876	-11.994	0	-0
-4.7213	-11.994	0	-0
-3.255	-11.994	0	-0
-1.7887	-11.994	0	-0
-0.32241	-11.994	0	-0
1.1439	-11.994	0	-0
2.6102	-11.994	0	-0
4.0765	-11.994	0	-0
5.5428	-11.994	0	-0
7.0091	-11.994	0	-0
8.4754	-11.994	0	-0
9.9417	-11.994	0	-0
11.408	-11.994	0	-0
12.874	-11.994	0	-0
14.341	-11.994	0	-0
15.807	-11.994	0	-0
